#!ascii label  , from subject sub-CSI3 vox2ras=TkReg
1218
2616  -26.580  -85.651  2.900 0.0000000000
2617  -26.675  -85.833  3.354 0.0000000000
2823  -19.150  -85.182  26.052 0.0000000000
2836  -19.646  -85.146  25.140 0.0000000000
2848  -20.216  -84.871  24.202 0.0000000000
2862  -20.820  -84.854  23.307 0.0000000000
2863  -21.237  -84.925  22.912 0.0000000000
2873  -20.341  -84.209  22.667 0.0000000000
2874  -20.705  -84.406  22.799 0.0000000000
2875  -21.159  -84.620  22.626 0.0000000000
2982  -27.239  -84.221  14.060 0.0000000000
3125  -25.782  -84.459  2.827 0.0000000000
3134  -25.514  -84.706  1.770 0.0000000000
3336  -20.643  -84.032  22.374 0.0000000000
3337  -20.955  -84.266  22.502 0.0000000000
3349  -21.110  -84.107  22.187 0.0000000000
3412  -29.286  -83.125  18.264 0.0000000000
3424  -28.495  -83.214  17.178 0.0000000000
3439  -27.656  -83.637  15.712 0.0000000000
3440  -28.117  -83.229  16.477 0.0000000000
3455  -27.412  -83.740  14.578 0.0000000000
3717  -23.923  -82.781  31.330 0.0000000000
3733  -24.932  -82.872  29.569 0.0000000000
3751  -26.009  -82.369  27.937 0.0000000000
3753  -27.089  -82.063  27.701 0.0000000000
3813  -30.550  -82.518  21.355 0.0000000000
3831  -29.957  -82.855  21.123 0.0000000000
3883  -28.889  -82.646  17.473 0.0000000000
3884  -29.413  -82.760  18.208 0.0000000000
3897  -27.890  -81.964  16.258 0.0000000000
3898  -28.286  -82.555  16.620 0.0000000000
3910  -27.715  -82.535  15.799 0.0000000000
3911  -28.037  -83.026  16.107 0.0000000000
3922  -26.793  -82.432  14.256 0.0000000000
3923  -27.229  -82.827  14.805 0.0000000000
3932  -27.214  -83.376  14.330 0.0000000000
4065  -31.202  -82.123  2.094 0.0000000000
4073  -30.928  -82.216  1.738 0.0000000000
4079  -30.562  -81.957  0.814 0.0000000000
4087  -30.089  -82.010  0.001 0.0000000000
4089  -30.814  -81.930  -0.075 0.0000000000
4247  -24.628  -82.090  29.749 0.0000000000
4248  -25.203  -82.388  29.174 0.0000000000
4260  -25.097  -81.455  28.887 0.0000000000
4261  -25.671  -82.042  28.277 0.0000000000
4262  -28.227  -82.034  28.078 0.0000000000
4263  -28.764  -81.604  28.537 0.0000000000
4269  -26.135  -81.864  27.574 0.0000000000
4270  -26.755  -81.594  27.271 0.0000000000
4271  -27.665  -81.566  27.408 0.0000000000
4272  -28.723  -81.431  27.803 0.0000000000
4273  -29.298  -81.374  28.072 0.0000000000
4281  -27.133  -81.311  27.046 0.0000000000
4329  -30.277  -82.366  21.333 0.0000000000
4330  -30.791  -81.972  21.684 0.0000000000
4350  -29.779  -82.136  21.019 0.0000000000
4351  -30.275  -82.044  21.402 0.0000000000
4369  -31.166  -81.706  19.417 0.0000000000
4380  -29.816  -82.158  18.393 0.0000000000
4381  -30.435  -81.941  18.744 0.0000000000
4394  -28.613  -81.968  17.206 0.0000000000
4395  -29.214  -81.857  17.818 0.0000000000
4408  -27.823  -81.527  16.282 0.0000000000
4409  -28.200  -81.549  16.658 0.0000000000
4421  -27.546  -81.568  15.847 0.0000000000
4431  -27.219  -81.998  15.304 0.0000000000
4443  -31.316  -81.455  12.714 0.0000000000
4444  -31.973  -81.701  13.069 0.0000000000
4576  -23.845  -81.572  4.233 0.0000000000
4585  -23.966  -81.460  3.869 0.0000000000
4586  -32.091  -81.513  2.829 0.0000000000
4598  -30.975  -81.944  2.336 0.0000000000
4609  -30.223  -81.471  1.252 0.0000000000
4629  -29.350  -81.638  -0.850 0.0000000000
4631  -30.547  -81.977  -0.613 0.0000000000
4641  -29.215  -81.801  -1.253 0.0000000000
4823  -24.097  -81.248  30.188 0.0000000000
4852  -25.395  -80.929  28.016 0.0000000000
4864  -25.865  -81.068  27.202 0.0000000000
4865  -26.274  -81.364  27.155 0.0000000000
4866  -27.762  -80.923  27.094 0.0000000000
4867  -28.411  -80.676  27.238 0.0000000000
4868  -29.800  -80.876  27.739 0.0000000000
4869  -31.064  -80.496  27.927 0.0000000000
4878  -26.112  -80.476  26.726 0.0000000000
4880  -27.276  -80.814  26.784 0.0000000000
4881  -27.770  -80.584  26.980 0.0000000000
4910  -32.923  -80.674  22.414 0.0000000000
4940  -32.510  -80.951  20.418 0.0000000000
4941  -33.072  -80.570  20.682 0.0000000000
4959  -31.908  -80.850  20.096 0.0000000000
4960  -32.494  -80.674  20.401 0.0000000000
4974  -29.815  -81.380  18.341 0.0000000000
4988  -28.707  -81.175  17.262 0.0000000000
5013  -33.303  -80.313  15.085 0.0000000000
5014  -33.969  -80.587  15.216 0.0000000000
5027  -32.202  -80.825  14.165 0.0000000000
5028  -33.157  -80.993  14.594 0.0000000000
5042  -30.998  -80.868  12.883 0.0000000000
5043  -31.726  -81.255  13.411 0.0000000000
5044  -32.539  -81.455  13.797 0.0000000000
5061  -30.709  -81.382  12.175 0.0000000000
5091  -23.977  -80.354  10.353 0.0000000000
5102  -23.747  -80.538  9.998 0.0000000000
5103  -24.119  -81.046  10.180 0.0000000000
5133  -30.219  -80.563  7.543 0.0000000000
5134  -30.883  -81.207  7.501 0.0000000000
5135  -31.995  -81.237  7.552 0.0000000000
5136  -32.951  -81.394  7.723 0.0000000000
5170  -23.327  -80.631  4.395 0.0000000000
5171  -23.736  -81.052  4.096 0.0000000000
5182  -23.448  -80.577  3.765 0.0000000000
5183  -23.745  -81.051  3.858 0.0000000000
5184  -32.240  -81.326  3.050 0.0000000000
5185  -32.683  -81.126  3.271 0.0000000000
5186  -33.297  -80.827  3.378 0.0000000000
5187  -33.963  -80.403  3.629 0.0000000000
5199  -30.902  -81.077  2.488 0.0000000000
5200  -31.675  -81.366  2.732 0.0000000000
5203  -34.318  -80.169  3.515 0.0000000000
5212  -29.298  -80.262  1.068 0.0000000000
5213  -29.919  -80.767  1.551 0.0000000000
5226  -29.226  -80.538  0.122 0.0000000000
5227  -29.778  -80.992  0.740 0.0000000000
5242  -29.203  -81.108  -0.738 0.0000000000
5243  -29.583  -81.271  0.013 0.0000000000
5490  -34.286  -78.852  29.242 0.0000000000
5500  -32.754  -79.558  28.568 0.0000000000
5513  -30.569  -80.015  27.671 0.0000000000
5514  -31.582  -80.057  27.799 0.0000000000
5515  -32.258  -80.084  27.964 0.0000000000
5567  -33.402  -79.763  22.425 0.0000000000
5568  -34.385  -79.715  22.437 0.0000000000
5593  -33.248  -79.414  20.489 0.0000000000
5594  -34.052  -79.708  20.799 0.0000000000
5606  -32.445  -80.015  20.330 0.0000000000
5645  -34.714  -79.464  15.741 0.0000000000
5646  -35.050  -79.415  15.726 0.0000000000
5657  -34.626  -79.838  15.606 0.0000000000
5733  -23.849  -79.888  10.400 0.0000000000
5766  -28.844  -79.026  7.988 0.0000000000
5767  -29.298  -79.834  8.514 0.0000000000
5777  -29.072  -78.861  7.594 0.0000000000
5778  -29.599  -79.673  7.554 0.0000000000
5779  -30.651  -80.007  7.273 0.0000000000
5780  -31.695  -80.306  7.265 0.0000000000
5782  -33.814  -80.670  7.798 0.0000000000
5783  -34.675  -80.642  8.376 0.0000000000
5817  -23.235  -80.080  4.111 0.0000000000
5819  -34.957  -79.279  4.119 0.0000000000
5828  -23.248  -80.086  3.895 0.0000000000
5829  -32.126  -80.798  3.125 0.0000000000
5830  -32.778  -80.503  3.337 0.0000000000
5831  -33.468  -80.083  3.666 0.0000000000
5832  -34.476  -79.610  3.953 0.0000000000
5845  -29.034  -79.159  2.168 0.0000000000
5846  -29.884  -79.628  2.370 0.0000000000
5847  -30.769  -80.163  2.583 0.0000000000
5848  -31.453  -80.684  2.762 0.0000000000
5862  -33.228  -79.565  1.471 0.0000000000
5876  -32.553  -79.895  0.724 0.0000000000
5908  -33.267  -79.170  -2.043 0.0000000000
5918  -33.487  -78.920  -2.778 0.0000000000
6146  -33.677  -78.807  28.592 0.0000000000
6147  -34.390  -78.672  28.945 0.0000000000
6216  -35.030  -78.872  22.525 0.0000000000
6217  -35.656  -78.811  22.178 0.0000000000
6218  -35.856  -78.501  21.841 0.0000000000
6229  -35.808  -78.477  21.483 0.0000000000
6236  -33.323  -78.354  20.337 0.0000000000
6237  -34.058  -78.784  20.542 0.0000000000
6238  -34.785  -78.955  20.811 0.0000000000
6239  -35.465  -78.992  21.150 0.0000000000
6240  -35.750  -78.656  21.305 0.0000000000
6254  -32.446  -78.825  20.136 0.0000000000
6298  -34.021  -78.729  15.860 0.0000000000
6299  -34.465  -79.000  15.869 0.0000000000
6300  -35.456  -78.759  15.917 0.0000000000
6301  -36.299  -78.350  16.022 0.0000000000
6302  -37.170  -78.200  16.153 0.0000000000
6314  -33.776  -78.918  15.747 0.0000000000
6315  -34.131  -79.416  15.743 0.0000000000
6316  -36.131  -78.955  15.740 0.0000000000
6317  -36.727  -78.871  15.698 0.0000000000
6391  -23.643  -78.857  10.478 0.0000000000
6427  -28.033  -77.703  7.989 0.0000000000
6428  -28.370  -78.169  8.428 0.0000000000
6429  -35.461  -78.988  8.251 0.0000000000
6443  -28.268  -77.631  7.685 0.0000000000
6444  -28.604  -78.150  7.623 0.0000000000
6445  -29.454  -78.419  7.322 0.0000000000
6446  -30.382  -78.772  7.196 0.0000000000
6447  -31.432  -79.077  7.261 0.0000000000
6448  -32.526  -79.344  7.424 0.0000000000
6450  -34.709  -79.844  7.939 0.0000000000
6451  -35.463  -79.819  8.450 0.0000000000
6487  -35.334  -78.741  4.147 0.0000000000
6488  -35.936  -78.324  4.079 0.0000000000
6498  -32.368  -80.201  3.065 0.0000000000
6499  -32.597  -79.551  3.190 0.0000000000
6500  -33.506  -79.019  3.613 0.0000000000
6501  -34.282  -78.589  3.983 0.0000000000
6502  -35.639  -78.680  3.697 0.0000000000
6503  -36.252  -78.131  3.550 0.0000000000
6516  -28.716  -78.217  2.294 0.0000000000
6517  -29.617  -78.615  2.413 0.0000000000
6518  -30.634  -79.106  2.460 0.0000000000
6519  -31.776  -79.739  2.767 0.0000000000
6520  -32.171  -79.428  2.956 0.0000000000
6521  -34.628  -78.444  2.174 0.0000000000
6522  -35.210  -78.692  2.558 0.0000000000
6523  -35.797  -78.534  3.105 0.0000000000
6524  -36.240  -78.132  3.167 0.0000000000
6538  -33.084  -78.487  1.393 0.0000000000
6539  -34.038  -79.008  1.754 0.0000000000
6540  -34.561  -79.321  2.405 0.0000000000
6556  -32.598  -79.049  0.876 0.0000000000
6568  -32.476  -79.065  -0.249 0.0000000000
6575  -32.833  -78.707  -1.396 0.0000000000
6576  -33.499  -78.502  -2.124 0.0000000000
6587  -34.008  -78.198  -2.776 0.0000000000
6607  -34.584  -77.354  -3.274 0.0000000000
6869  -34.345  -78.012  28.672 0.0000000000
6870  -35.010  -77.955  29.005 0.0000000000
6931  -35.489  -78.102  22.455 0.0000000000
6932  -35.785  -78.137  22.118 0.0000000000
6941  -35.833  -78.062  21.628 0.0000000000
6948  -33.467  -77.753  20.216 0.0000000000
6949  -34.012  -77.963  20.327 0.0000000000
6950  -34.743  -78.153  20.446 0.0000000000
6951  -35.337  -78.245  20.678 0.0000000000
6952  -35.747  -78.159  21.035 0.0000000000
6968  -32.815  -77.395  19.900 0.0000000000
6969  -33.789  -77.387  20.082 0.0000000000
6970  -34.600  -77.419  20.044 0.0000000000
6971  -35.357  -77.562  20.231 0.0000000000
6972  -35.641  -77.685  20.517 0.0000000000
7015  -33.863  -78.194  15.856 0.0000000000
7016  -34.598  -77.890  16.134 0.0000000000
7017  -35.593  -77.637  16.226 0.0000000000
7018  -36.557  -77.421  16.363 0.0000000000
7019  -37.554  -77.242  16.428 0.0000000000
7020  -38.431  -77.364  15.934 0.0000000000
7099  -23.483  -77.700  10.535 0.0000000000
7137  -27.716  -76.956  8.169 0.0000000000
7141  -37.071  -78.183  8.753 0.0000000000
7154  -28.025  -77.160  7.660 0.0000000000
7155  -28.515  -77.374  7.440 0.0000000000
7156  -29.202  -77.373  7.232 0.0000000000
7157  -30.194  -77.416  7.176 0.0000000000
7158  -31.204  -77.815  7.304 0.0000000000
7159  -32.257  -78.087  7.433 0.0000000000
7160  -33.374  -78.358  7.648 0.0000000000
7177  -29.330  -76.964  7.161 0.0000000000
7178  -29.616  -76.969  7.115 0.0000000000
7204  -34.857  -78.182  4.194 0.0000000000
7206  -36.370  -77.639  4.143 0.0000000000
7219  -31.613  -77.693  2.671 0.0000000000
7220  -32.458  -78.143  2.917 0.0000000000
7221  -33.537  -77.817  3.615 0.0000000000
7222  -34.265  -77.570  3.975 0.0000000000
7223  -36.709  -77.478  3.581 0.0000000000
7236  -27.524  -77.041  2.021 0.0000000000
7237  -28.353  -77.277  2.373 0.0000000000
7238  -29.337  -77.550  2.501 0.0000000000
7239  -30.352  -77.984  2.552 0.0000000000
7240  -31.435  -78.456  2.614 0.0000000000
7241  -32.055  -79.062  2.985 0.0000000000
7242  -34.703  -77.863  2.126 0.0000000000
7243  -35.209  -77.945  2.272 0.0000000000
7244  -35.803  -77.931  2.565 0.0000000000
7245  -36.514  -77.581  2.894 0.0000000000
7259  -27.958  -77.850  1.864 0.0000000000
7260  -32.779  -77.342  1.292 0.0000000000
7261  -33.967  -77.705  1.895 0.0000000000
7262  -34.979  -77.326  2.074 0.0000000000
7263  -35.715  -77.310  2.270 0.0000000000
7264  -36.137  -77.386  2.479 0.0000000000
7279  -32.468  -78.130  0.545 0.0000000000
7292  -32.418  -77.920  -0.635 0.0000000000
7302  -32.944  -77.812  -1.616 0.0000000000
7303  -33.835  -77.713  -2.137 0.0000000000
7322  -34.422  -77.439  -2.644 0.0000000000
7323  -34.871  -77.106  -2.991 0.0000000000
7580  -36.194  -76.424  30.106 0.0000000000
7591  -34.908  -77.105  28.819 0.0000000000
7592  -35.560  -76.999  29.342 0.0000000000
7593  -35.969  -76.700  29.762 0.0000000000
7662  -35.541  -77.106  22.502 0.0000000000
7663  -35.671  -77.730  22.295 0.0000000000
7671  -35.831  -76.846  21.642 0.0000000000
7672  -35.860  -77.568  21.979 0.0000000000
7679  -35.813  -76.873  20.676 0.0000000000
7680  -35.824  -77.502  21.261 0.0000000000
7697  -32.751  -75.924  19.115 0.0000000000
7698  -34.046  -76.559  19.670 0.0000000000
7699  -35.267  -76.786  19.791 0.0000000000
7700  -35.867  -77.133  20.103 0.0000000000
7701  -35.759  -77.464  20.668 0.0000000000
7718  -32.134  -75.749  18.382 0.0000000000
7735  -36.752  -75.968  17.000 0.0000000000
7736  -36.993  -76.026  17.021 0.0000000000
7754  -34.783  -76.748  16.393 0.0000000000
7755  -35.843  -76.618  16.509 0.0000000000
7756  -36.738  -76.339  16.787 0.0000000000
7757  -37.445  -76.283  16.682 0.0000000000
7758  -38.184  -76.544  16.330 0.0000000000
7778  -38.923  -76.458  15.674 0.0000000000
7895  -27.632  -76.187  7.477 0.0000000000
7896  -28.362  -76.745  7.272 0.0000000000
7897  -28.875  -76.959  7.239 0.0000000000
7898  -30.537  -76.730  7.170 0.0000000000
7899  -31.089  -76.631  7.269 0.0000000000
7900  -31.976  -76.905  7.546 0.0000000000
7901  -33.076  -77.084  7.609 0.0000000000
7902  -34.273  -77.357  7.851 0.0000000000
7917  -28.242  -76.036  6.885 0.0000000000
7918  -29.197  -76.508  7.034 0.0000000000
7919  -30.200  -76.482  7.045 0.0000000000
7920  -30.723  -76.388  7.157 0.0000000000
7950  -34.189  -76.528  4.184 0.0000000000
7951  -34.689  -76.988  4.209 0.0000000000
7967  -30.690  -76.211  2.898 0.0000000000
7968  -31.447  -76.763  2.919 0.0000000000
7969  -32.716  -76.820  3.389 0.0000000000
7970  -33.812  -76.709  3.928 0.0000000000
7971  -34.279  -77.082  3.988 0.0000000000
7984  -26.464  -76.230  1.670 0.0000000000
7985  -27.029  -76.260  2.071 0.0000000000
7986  -27.880  -76.379  2.453 0.0000000000
7987  -28.950  -76.464  2.559 0.0000000000
7988  -30.220  -76.702  2.651 0.0000000000
7989  -31.013  -77.501  2.621 0.0000000000
7990  -36.820  -76.874  2.638 0.0000000000
8007  -32.608  -76.273  1.131 0.0000000000
8008  -33.481  -76.521  1.554 0.0000000000
8009  -34.587  -76.571  1.817 0.0000000000
8010  -35.594  -76.591  1.983 0.0000000000
8011  -36.449  -76.718  2.310 0.0000000000
8012  -37.066  -76.426  2.510 0.0000000000
8027  -32.211  -76.838  0.213 0.0000000000
8038  -32.587  -76.875  -1.066 0.0000000000
8053  -33.380  -77.075  -1.661 0.0000000000
8054  -34.182  -76.791  -2.169 0.0000000000
8055  -34.712  -76.428  -2.507 0.0000000000
8078  -34.713  -76.885  -2.646 0.0000000000
8079  -35.016  -76.492  -2.852 0.0000000000
8330  -36.807  -75.488  30.150 0.0000000000
8342  -34.758  -76.354  28.436 0.0000000000
8343  -35.708  -76.037  28.683 0.0000000000
8344  -36.286  -76.217  29.540 0.0000000000
8424  -35.619  -75.916  22.160 0.0000000000
8431  -35.626  -75.942  21.010 0.0000000000
8445  -33.289  -75.434  18.614 0.0000000000
8446  -33.944  -75.533  18.978 0.0000000000
8447  -35.008  -75.842  19.244 0.0000000000
8448  -35.585  -75.964  19.787 0.0000000000
8467  -32.750  -75.321  18.124 0.0000000000
8468  -33.769  -75.193  18.145 0.0000000000
8469  -34.840  -75.369  18.318 0.0000000000
8470  -35.796  -75.339  18.361 0.0000000000
8471  -36.473  -75.160  17.784 0.0000000000
8489  -33.304  -75.335  17.303 0.0000000000
8490  -34.470  -75.408  17.381 0.0000000000
8491  -35.564  -75.579  17.487 0.0000000000
8492  -36.557  -75.686  17.265 0.0000000000
8493  -37.245  -75.620  16.893 0.0000000000
8510  -33.977  -75.883  16.686 0.0000000000
8511  -35.158  -75.911  16.771 0.0000000000
8512  -36.099  -75.981  16.933 0.0000000000
8513  -36.521  -75.966  16.974 0.0000000000
8514  -37.862  -75.784  16.492 0.0000000000
8515  -38.487  -75.846  16.145 0.0000000000
8533  -38.961  -75.674  15.755 0.0000000000
8534  -39.563  -75.756  15.451 0.0000000000
8629  -34.687  -76.486  7.988 0.0000000000
8630  -35.395  -76.376  8.235 0.0000000000
8631  -36.365  -76.363  8.391 0.0000000000
8632  -37.533  -76.373  8.475 0.0000000000
8646  -31.313  -76.114  7.205 0.0000000000
8647  -31.758  -76.007  7.269 0.0000000000
8648  -32.680  -75.971  7.566 0.0000000000
8649  -33.890  -75.993  7.791 0.0000000000
8661  -28.183  -75.150  6.871 0.0000000000
8662  -29.043  -75.338  6.742 0.0000000000
8663  -30.065  -75.530  6.793 0.0000000000
8664  -31.113  -75.762  7.005 0.0000000000
8665  -31.816  -75.424  7.094 0.0000000000
8695  -32.254  -75.090  4.169 0.0000000000
8696  -33.107  -75.352  4.405 0.0000000000
8697  -34.043  -75.900  4.406 0.0000000000
8698  -35.148  -75.983  4.529 0.0000000000
8699  -36.177  -76.043  4.641 0.0000000000
8700  -37.094  -75.974  4.479 0.0000000000
8718  -30.188  -74.951  3.247 0.0000000000
8719  -30.779  -75.516  3.192 0.0000000000
8720  -31.952  -75.742  3.478 0.0000000000
8721  -32.914  -75.897  3.861 0.0000000000
8722  -33.464  -75.956  4.157 0.0000000000
8743  -28.330  -75.520  2.719 0.0000000000
8744  -29.617  -75.395  2.940 0.0000000000
8745  -30.315  -75.958  2.953 0.0000000000
8766  -35.274  -75.713  1.916 0.0000000000
8767  -36.317  -75.877  1.934 0.0000000000
8768  -37.233  -75.714  2.205 0.0000000000
8810  -33.276  -75.975  -1.605 0.0000000000
8811  -34.463  -75.757  -2.279 0.0000000000
8812  -34.894  -76.118  -2.610 0.0000000000
9119  -37.204  -75.201  29.889 0.0000000000
9133  -36.136  -75.162  28.477 0.0000000000
9134  -36.829  -75.005  29.273 0.0000000000
9135  -38.218  -74.512  29.168 0.0000000000
9136  -39.239  -74.213  29.048 0.0000000000
9153  -36.481  -74.498  28.093 0.0000000000
9154  -37.575  -74.225  28.303 0.0000000000
9155  -38.712  -74.159  28.226 0.0000000000
9156  -39.754  -74.187  27.794 0.0000000000
9167  -39.352  -74.346  25.962 0.0000000000
9168  -39.988  -74.389  26.610 0.0000000000
9169  -40.570  -73.993  26.995 0.0000000000
9176  -38.440  -74.511  24.759 0.0000000000
9177  -39.037  -74.695  25.126 0.0000000000
9179  -40.428  -74.159  26.316 0.0000000000
9191  -37.655  -74.626  24.267 0.0000000000
9192  -38.402  -74.689  24.278 0.0000000000
9193  -39.199  -74.583  24.839 0.0000000000
9211  -36.751  -74.616  23.523 0.0000000000
9212  -37.543  -74.721  23.601 0.0000000000
9213  -38.069  -74.824  23.682 0.0000000000
9230  -35.852  -75.028  22.908 0.0000000000
9231  -36.667  -74.847  23.011 0.0000000000
9232  -37.246  -74.668  23.068 0.0000000000
9240  -35.843  -74.967  22.449 0.0000000000
9241  -36.363  -74.536  22.487 0.0000000000
9248  -35.587  -75.024  21.493 0.0000000000
9259  -35.527  -74.768  20.259 0.0000000000
9277  -35.624  -74.668  19.010 0.0000000000
9278  -36.288  -74.532  18.073 0.0000000000
9295  -36.997  -74.789  17.255 0.0000000000
9296  -37.644  -74.984  16.519 0.0000000000
9311  -38.158  -75.305  16.262 0.0000000000
9312  -38.670  -75.168  15.999 0.0000000000
9313  -40.170  -74.536  15.818 0.0000000000
9314  -40.521  -74.546  15.815 0.0000000000
9315  -41.191  -74.500  15.772 0.0000000000
9316  -41.744  -74.352  15.744 0.0000000000
9329  -39.261  -75.082  15.718 0.0000000000
9330  -39.964  -74.860  15.578 0.0000000000
9331  -40.783  -75.019  15.399 0.0000000000
9422  -34.829  -75.802  7.977 0.0000000000
9423  -35.601  -75.491  8.159 0.0000000000
9424  -36.685  -75.306  8.307 0.0000000000
9425  -37.951  -74.937  8.384 0.0000000000
9426  -39.275  -75.190  8.505 0.0000000000
9427  -40.174  -75.106  8.544 0.0000000000
9428  -40.871  -74.555  8.515 0.0000000000
9440  -32.306  -75.339  7.268 0.0000000000
9441  -33.259  -74.879  7.374 0.0000000000
9442  -34.627  -74.849  7.767 0.0000000000
9443  -35.836  -74.542  7.873 0.0000000000
9444  -36.879  -74.360  7.937 0.0000000000
9445  -37.523  -74.141  7.956 0.0000000000
9446  -39.722  -74.625  8.286 0.0000000000
9447  -40.242  -74.306  8.095 0.0000000000
9461  -28.770  -74.306  6.464 0.0000000000
9462  -29.831  -74.569  6.346 0.0000000000
9463  -30.929  -74.803  6.349 0.0000000000
9464  -32.148  -74.742  6.704 0.0000000000
9465  -33.461  -74.197  6.534 0.0000000000
9466  -34.175  -73.964  6.138 0.0000000000
9476  -29.469  -73.843  5.874 0.0000000000
9477  -30.518  -74.126  5.442 0.0000000000
9478  -31.753  -74.454  5.669 0.0000000000
9479  -32.845  -74.353  5.705 0.0000000000
9480  -33.870  -74.294  5.562 0.0000000000
9481  -34.902  -74.242  5.504 0.0000000000
9482  -35.986  -74.418  5.341 0.0000000000
9483  -36.994  -74.438  5.266 0.0000000000
9484  -38.055  -74.388  5.182 0.0000000000
9497  -30.684  -74.293  4.353 0.0000000000
9498  -31.530  -74.499  4.728 0.0000000000
9499  -32.496  -74.672  4.919 0.0000000000
9500  -33.478  -74.813  4.900 0.0000000000
9501  -34.503  -74.941  4.824 0.0000000000
9502  -35.557  -75.087  4.860 0.0000000000
9503  -36.572  -75.163  4.821 0.0000000000
9504  -37.586  -75.150  4.710 0.0000000000
9506  -39.880  -74.046  4.609 0.0000000000
9507  -40.189  -73.802  4.240 0.0000000000
9516  -27.007  -73.949  3.204 0.0000000000
9517  -28.023  -73.852  3.256 0.0000000000
9518  -28.994  -73.920  3.312 0.0000000000
9519  -29.762  -74.422  3.420 0.0000000000
9520  -30.526  -74.604  3.609 0.0000000000
9521  -31.363  -74.801  3.817 0.0000000000
9524  -40.038  -74.027  4.054 0.0000000000
9535  -27.648  -74.701  2.904 0.0000000000
9536  -28.659  -74.634  3.001 0.0000000000
9537  -29.272  -74.568  3.140 0.0000000000
9545  -38.843  -74.406  3.051 0.0000000000
9550  -31.714  -74.532  0.994 0.0000000000
9603  -31.870  -74.204  -1.174 0.0000000000
9617  -33.446  -74.327  -2.293 0.0000000000
9929  -36.984  -73.682  27.352 0.0000000000
9930  -38.103  -73.732  27.372 0.0000000000
9931  -38.987  -74.040  27.338 0.0000000000
9951  -38.663  -73.876  26.328 0.0000000000
9952  -39.424  -74.206  26.816 0.0000000000
9970  -38.737  -74.339  25.432 0.0000000000
9971  -40.413  -73.824  25.316 0.0000000000
9972  -41.104  -73.609  25.914 0.0000000000
9990  -38.998  -74.346  24.314 0.0000000000
9991  -39.805  -73.892  24.732 0.0000000000
9992  -40.874  -73.474  24.781 0.0000000000
9993  -41.887  -73.222  24.722 0.0000000000
10013  -37.781  -74.476  23.297 0.0000000000
10014  -38.483  -74.245  23.662 0.0000000000
10015  -39.388  -73.665  23.835 0.0000000000
10016  -40.431  -73.390  23.893 0.0000000000
10017  -41.500  -73.282  23.817 0.0000000000
10039  -36.843  -74.450  22.695 0.0000000000
10040  -37.332  -73.944  22.657 0.0000000000
10041  -38.137  -73.664  22.909 0.0000000000
10042  -39.028  -73.297  22.980 0.0000000000
10043  -40.015  -73.160  23.041 0.0000000000
10044  -41.045  -73.291  22.897 0.0000000000
10045  -41.926  -73.258  22.763 0.0000000000
10053  -35.933  -74.337  21.859 0.0000000000
10054  -36.542  -73.816  22.142 0.0000000000
10055  -37.078  -73.193  22.075 0.0000000000
10056  -39.676  -72.980  22.280 0.0000000000
10057  -40.533  -73.287  22.048 0.0000000000
10058  -41.459  -73.447  21.806 0.0000000000
10059  -42.093  -73.253  21.589 0.0000000000
10065  -35.484  -74.061  21.028 0.0000000000
10066  -39.975  -73.006  21.334 0.0000000000
10067  -40.843  -73.466  20.918 0.0000000000
10068  -41.695  -73.426  20.612 0.0000000000
10081  -35.530  -73.709  20.198 0.0000000000
10082  -35.743  -73.289  19.619 0.0000000000
10083  -40.147  -73.154  20.325 0.0000000000
10084  -41.008  -73.319  19.353 0.0000000000
10085  -42.034  -73.288  19.479 0.0000000000
10105  -35.580  -73.938  19.508 0.0000000000
10106  -36.122  -73.424  18.737 0.0000000000
10107  -41.287  -73.455  17.923 0.0000000000
10108  -42.065  -73.468  18.334 0.0000000000
10123  -36.870  -73.614  17.619 0.0000000000
10124  -37.970  -73.841  16.715 0.0000000000
10125  -39.339  -73.537  16.598 0.0000000000
10126  -40.340  -73.567  16.741 0.0000000000
10127  -41.173  -73.593  16.930 0.0000000000
10128  -41.970  -73.746  17.206 0.0000000000
10144  -38.259  -74.714  16.258 0.0000000000
10145  -39.028  -74.398  16.011 0.0000000000
10146  -39.984  -74.242  16.089 0.0000000000
10147  -40.830  -74.097  16.291 0.0000000000
10148  -41.586  -74.050  16.343 0.0000000000
10164  -39.465  -74.704  15.794 0.0000000000
10165  -39.619  -74.524  15.874 0.0000000000
10241  -38.835  -74.423  8.223 0.0000000000
10242  -39.337  -74.523  8.264 0.0000000000
10257  -34.143  -74.048  7.154 0.0000000000
10258  -35.173  -73.924  7.321 0.0000000000
10259  -36.224  -73.780  7.402 0.0000000000
10260  -37.190  -73.758  7.438 0.0000000000
10261  -38.184  -73.826  7.721 0.0000000000
10279  -28.108  -73.647  6.306 0.0000000000
10280  -28.758  -73.595  5.989 0.0000000000
10281  -34.104  -73.928  6.617 0.0000000000
10282  -34.784  -73.790  6.463 0.0000000000
10283  -35.770  -73.598  6.576 0.0000000000
10284  -36.757  -73.551  6.599 0.0000000000
10297  -27.552  -73.119  6.079 0.0000000000
10298  -28.298  -73.062  5.697 0.0000000000
10299  -29.006  -73.351  5.397 0.0000000000
10300  -29.663  -73.641  5.192 0.0000000000
10301  -35.539  -73.841  5.854 0.0000000000
10302  -36.383  -73.800  5.812 0.0000000000
10303  -37.369  -73.767  5.803 0.0000000000
10307  -40.741  -73.383  5.402 0.0000000000
10318  -28.495  -72.873  4.922 0.0000000000
10319  -29.198  -73.358  4.621 0.0000000000
10320  -29.971  -73.809  4.557 0.0000000000
10321  -40.374  -73.654  4.996 0.0000000000
10322  -40.513  -73.402  4.598 0.0000000000
10338  -28.411  -73.138  3.959 0.0000000000
10339  -29.470  -73.676  3.902 0.0000000000
10340  -30.137  -74.068  3.927 0.0000000000
10341  -33.019  -73.211  3.084 0.0000000000
10342  -34.079  -73.184  3.177 0.0000000000
10343  -35.289  -73.251  3.154 0.0000000000
10344  -36.457  -73.409  3.094 0.0000000000
10347  -39.257  -73.707  3.230 0.0000000000
10362  -32.370  -73.621  2.403 0.0000000000
10363  -33.548  -73.879  2.599 0.0000000000
10364  -34.721  -74.008  2.667 0.0000000000
10365  -35.896  -73.940  2.467 0.0000000000
10382  -31.332  -73.999  1.102 0.0000000000
10383  -31.913  -74.073  1.815 0.0000000000
10403  -31.311  -73.990  -0.014 0.0000000000
10421  -31.462  -73.873  -0.831 0.0000000000
10437  -31.696  -73.701  -1.569 0.0000000000
10438  -32.372  -73.857  -1.993 0.0000000000
10883  -37.775  -73.058  22.248 0.0000000000
10884  -38.587  -72.930  22.350 0.0000000000
10885  -39.128  -72.882  22.382 0.0000000000
10895  -35.939  -73.483  21.377 0.0000000000
10896  -36.567  -72.935  21.477 0.0000000000
10897  -37.399  -72.657  21.465 0.0000000000
10898  -38.336  -72.598  21.535 0.0000000000
10899  -39.180  -72.665  21.785 0.0000000000
10909  -35.689  -73.385  20.698 0.0000000000
10910  -36.070  -72.854  20.707 0.0000000000
10911  -36.857  -72.452  20.624 0.0000000000
10912  -37.916  -72.388  20.581 0.0000000000
10913  -39.140  -72.609  20.641 0.0000000000
10929  -35.749  -73.083  20.172 0.0000000000
10930  -36.250  -72.685  19.731 0.0000000000
10931  -37.273  -72.365  19.662 0.0000000000
10932  -38.405  -72.403  19.556 0.0000000000
10933  -39.659  -72.784  19.354 0.0000000000
10934  -40.283  -72.933  18.811 0.0000000000
10950  -36.718  -72.550  18.919 0.0000000000
10951  -37.598  -72.454  18.700 0.0000000000
10952  -38.688  -72.514  18.462 0.0000000000
10953  -39.714  -72.748  18.261 0.0000000000
10954  -40.540  -73.098  18.199 0.0000000000
10968  -36.910  -72.854  18.218 0.0000000000
10969  -37.744  -72.869  17.715 0.0000000000
10970  -38.885  -72.926  17.414 0.0000000000
10971  -39.947  -73.057  17.374 0.0000000000
10972  -40.679  -73.325  17.429 0.0000000000
11133  -27.716  -72.760  5.490 0.0000000000
11134  -28.141  -72.775  5.298 0.0000000000
11135  -40.961  -72.414  4.838 0.0000000000
11136  -41.350  -72.532  5.336 0.0000000000
11149  -27.422  -72.619  4.972 0.0000000000
11150  -27.967  -72.664  5.044 0.0000000000
11151  -34.765  -71.629  4.485 0.0000000000
11152  -35.540  -71.964  4.381 0.0000000000
11153  -36.595  -72.271  4.348 0.0000000000
11154  -37.689  -72.465  4.258 0.0000000000
11155  -38.742  -72.693  4.200 0.0000000000
11156  -39.673  -72.811  4.066 0.0000000000
11157  -40.496  -72.887  4.225 0.0000000000
11158  -40.998  -72.701  4.722 0.0000000000
11173  -27.398  -72.721  4.255 0.0000000000
11174  -27.963  -72.712  4.586 0.0000000000
11177  -33.265  -72.423  3.623 0.0000000000
11178  -34.600  -72.300  3.891 0.0000000000
11179  -35.925  -72.693  3.749 0.0000000000
11182  -39.053  -73.242  3.622 0.0000000000
11183  -39.757  -73.317  3.732 0.0000000000
11184  -40.054  -73.399  3.847 0.0000000000
11916  -43.502  -71.837  9.754 0.0000000000
11931  -43.385  -71.927  9.005 0.0000000000
11938  -42.898  -71.745  7.944 0.0000000000
11945  -40.085  -71.212  5.880 0.0000000000
11946  -40.956  -71.363  5.841 0.0000000000
11947  -41.830  -71.636  6.032 0.0000000000
11948  -42.417  -71.692  6.990 0.0000000000
11961  -34.483  -70.601  5.115 0.0000000000
11962  -34.864  -70.692  5.205 0.0000000000
11963  -35.725  -70.833  5.366 0.0000000000
11964  -36.742  -71.005  5.440 0.0000000000
11965  -37.834  -71.217  5.442 0.0000000000
11966  -39.089  -71.356  5.549 0.0000000000
11967  -40.378  -71.961  4.994 0.0000000000
11968  -41.210  -71.932  5.284 0.0000000000
11978  -32.532  -70.742  4.225 0.0000000000
11979  -33.106  -70.859  4.514 0.0000000000
11980  -34.210  -70.920  4.853 0.0000000000
11981  -35.203  -71.285  4.890 0.0000000000
11982  -36.167  -71.541  4.904 0.0000000000
11983  -37.228  -71.761  4.883 0.0000000000
11984  -38.333  -72.045  4.914 0.0000000000
11985  -39.420  -72.262  4.692 0.0000000000
11986  -40.066  -72.495  4.439 0.0000000000
12000  -32.400  -71.401  3.867 0.0000000000
12001  -33.623  -71.627  4.250 0.0000000000
12002  -34.295  -71.629  4.380 0.0000000000
12724  -43.421  -71.250  9.770 0.0000000000
12725  -43.569  -71.486  10.324 0.0000000000
12740  -42.083  -70.443  8.261 0.0000000000
12741  -42.706  -71.011  8.874 0.0000000000
12750  -41.065  -70.220  7.006 0.0000000000
12751  -41.665  -70.477  7.421 0.0000000000
12752  -42.412  -71.053  7.649 0.0000000000
12762  -37.056  -69.792  6.306 0.0000000000
12763  -37.829  -69.980  6.364 0.0000000000
12765  -39.432  -70.585  6.347 0.0000000000
12766  -40.470  -70.572  6.555 0.0000000000
12767  -41.421  -70.856  6.540 0.0000000000
12768  -42.077  -71.088  6.824 0.0000000000
12782  -33.966  -69.750  5.161 0.0000000000
12783  -34.397  -70.165  5.249 0.0000000000
12784  -35.249  -70.230  5.541 0.0000000000
12785  -36.185  -70.044  5.940 0.0000000000
12786  -37.320  -70.471  5.931 0.0000000000
12787  -38.262  -70.664  5.962 0.0000000000
12788  -38.846  -70.738  6.104 0.0000000000
12798  -32.628  -70.194  4.420 0.0000000000
12799  -33.546  -70.065  4.908 0.0000000000
12800  -34.038  -70.395  5.025 0.0000000000
12808  -31.605  -70.656  3.389 0.0000000000
12809  -32.121  -70.441  3.921 0.0000000000
12852  -39.542  -70.340  -0.198 0.0000000000
12854  -41.031  -70.189  -0.183 0.0000000000
12855  -41.505  -70.113  -0.103 0.0000000000
12874  -40.451  -70.226  -0.570 0.0000000000
12875  -41.025  -70.070  -0.403 0.0000000000
12876  -41.351  -70.123  -0.243 0.0000000000
12892  -40.135  -70.217  -1.049 0.0000000000
12893  -40.582  -70.084  -0.714 0.0000000000
13561  -43.709  -69.808  10.639 0.0000000000
13562  -44.051  -69.751  11.279 0.0000000000
13579  -43.094  -70.155  9.983 0.0000000000
13580  -43.711  -70.677  10.567 0.0000000000
13598  -40.877  -69.284  7.892 0.0000000000
13599  -41.573  -69.624  8.207 0.0000000000
13600  -42.259  -69.848  9.102 0.0000000000
13610  -38.850  -69.169  7.266 0.0000000000
13611  -39.550  -69.377  7.280 0.0000000000
13612  -40.381  -69.629  7.341 0.0000000000
13613  -41.152  -69.801  7.510 0.0000000000
13621  -35.779  -68.660  6.202 0.0000000000
13622  -36.538  -69.086  6.432 0.0000000000
13623  -37.435  -69.272  6.672 0.0000000000
13624  -38.249  -69.417  6.852 0.0000000000
13625  -39.094  -69.785  6.825 0.0000000000
13626  -39.802  -69.979  6.853 0.0000000000
13635  -33.733  -69.354  5.051 0.0000000000
13636  -34.243  -69.361  5.330 0.0000000000
13637  -35.135  -69.319  5.755 0.0000000000
13638  -35.875  -69.293  6.152 0.0000000000
13647  -32.881  -69.477  4.454 0.0000000000
13648  -33.357  -69.318  4.742 0.0000000000
13657  -31.776  -70.106  3.542 0.0000000000
13658  -32.216  -69.558  3.658 0.0000000000
13668  -31.541  -69.944  2.973 0.0000000000
13669  -32.038  -69.318  2.493 0.0000000000
13676  -32.148  -69.338  1.433 0.0000000000
13677  -32.978  -69.025  1.084 0.0000000000
13678  -33.933  -69.190  1.015 0.0000000000
13679  -34.768  -69.149  0.852 0.0000000000
13680  -36.804  -69.324  0.823 0.0000000000
13681  -37.256  -69.398  0.821 0.0000000000
13683  -39.218  -69.623  0.824 0.0000000000
13684  -40.206  -69.702  0.816 0.0000000000
13685  -41.143  -69.792  0.743 0.0000000000
13686  -41.795  -69.604  0.527 0.0000000000
13693  -32.522  -69.470  0.428 0.0000000000
13694  -33.524  -69.421  0.314 0.0000000000
13695  -34.496  -69.426  0.253 0.0000000000
13696  -35.531  -69.364  0.293 0.0000000000
13697  -36.645  -69.435  0.368 0.0000000000
13700  -39.804  -70.115  0.271 0.0000000000
13701  -40.700  -70.138  0.261 0.0000000000
13702  -41.497  -70.020  0.121 0.0000000000
13703  -41.976  -69.597  0.080 0.0000000000
13716  -33.064  -69.503  -0.510 0.0000000000
13717  -34.078  -69.442  -0.530 0.0000000000
13718  -35.123  -69.455  -0.604 0.0000000000
13719  -36.272  -69.567  -0.670 0.0000000000
13720  -37.479  -69.840  -0.730 0.0000000000
14474  -43.410  -69.306  10.397 0.0000000000
14475  -44.107  -68.941  10.721 0.0000000000
14500  -42.851  -68.834  9.838 0.0000000000
14501  -43.535  -68.776  10.361 0.0000000000
14516  -39.711  -68.177  7.947 0.0000000000
14517  -40.229  -68.624  7.940 0.0000000000
14518  -41.129  -68.670  8.383 0.0000000000
14519  -41.956  -68.789  8.924 0.0000000000
14528  -37.729  -67.959  7.068 0.0000000000
14529  -38.216  -68.461  7.229 0.0000000000
14530  -39.307  -68.548  7.634 0.0000000000
14531  -39.871  -69.047  7.565 0.0000000000
14538  -35.802  -67.957  6.200 0.0000000000
14539  -36.372  -68.151  6.423 0.0000000000
14540  -37.272  -68.326  6.802 0.0000000000
14541  -37.754  -68.899  6.984 0.0000000000
14548  -33.932  -68.951  5.173 0.0000000000
14549  -34.410  -68.548  5.328 0.0000000000
14550  -35.214  -68.204  5.864 0.0000000000
14557  -33.151  -69.053  4.483 0.0000000000
14558  -33.602  -68.617  4.650 0.0000000000
14559  -34.262  -67.943  4.802 0.0000000000
14574  -32.873  -68.840  4.035 0.0000000000
14575  -33.426  -68.244  3.616 0.0000000000
14595  -32.788  -68.702  2.887 0.0000000000
14596  -33.870  -68.234  2.530 0.0000000000
14597  -34.905  -68.181  2.066 0.0000000000
14598  -35.922  -68.248  1.967 0.0000000000
14599  -36.940  -68.362  2.043 0.0000000000
14600  -37.971  -68.416  2.063 0.0000000000
14601  -39.002  -68.580  2.099 0.0000000000
14602  -40.035  -68.735  2.063 0.0000000000
14603  -41.058  -68.794  1.896 0.0000000000
14604  -42.028  -68.808  1.727 0.0000000000
14605  -42.764  -68.534  1.601 0.0000000000
14606  -43.135  -68.249  1.642 0.0000000000
14628  -32.605  -68.930  1.923 0.0000000000
14629  -33.379  -68.693  1.789 0.0000000000
14630  -34.385  -68.697  1.522 0.0000000000
14631  -35.520  -68.833  1.143 0.0000000000
14632  -36.585  -68.971  1.186 0.0000000000
14633  -37.575  -68.960  1.406 0.0000000000
14634  -38.586  -69.070  1.473 0.0000000000
14635  -39.612  -69.224  1.502 0.0000000000
14636  -40.642  -69.360  1.435 0.0000000000
14637  -41.642  -69.402  1.231 0.0000000000
14638  -42.462  -69.065  0.757 0.0000000000
14639  -43.208  -68.281  1.050 0.0000000000
14655  -35.958  -69.177  0.640 0.0000000000
14656  -36.167  -69.099  0.825 0.0000000000
14657  -38.937  -67.901  -0.136 0.0000000000
14658  -39.471  -68.384  -0.291 0.0000000000
14679  -38.914  -68.272  -0.831 0.0000000000
15473  -44.264  -68.452  10.585 0.0000000000
15474  -44.693  -68.298  10.730 0.0000000000
15495  -43.117  -67.979  9.536 0.0000000000
15496  -43.897  -68.105  10.227 0.0000000000
15497  -45.054  -67.594  10.326 0.0000000000
15498  -45.709  -67.317  10.384 0.0000000000
15508  -39.958  -67.761  8.119 0.0000000000
15509  -40.684  -67.794  8.371 0.0000000000
15510  -41.601  -67.845  8.775 0.0000000000
15511  -42.461  -67.983  9.193 0.0000000000
15521  -38.017  -67.578  7.218 0.0000000000
15522  -38.731  -67.677  7.543 0.0000000000
15523  -39.424  -67.736  7.869 0.0000000000
15533  -36.207  -67.597  6.196 0.0000000000
15534  -36.804  -67.345  6.443 0.0000000000
15535  -37.491  -67.479  6.896 0.0000000000
15543  -34.904  -67.693  5.268 0.0000000000
15544  -35.879  -67.410  5.710 0.0000000000
15545  -36.346  -67.246  6.073 0.0000000000
15559  -34.001  -67.777  4.097 0.0000000000
15560  -34.790  -67.486  4.430 0.0000000000
15561  -35.542  -67.198  4.890 0.0000000000
15577  -34.027  -67.814  3.306 0.0000000000
15578  -34.694  -67.563  3.528 0.0000000000
15579  -35.736  -67.204  3.797 0.0000000000
15580  -36.854  -67.147  3.435 0.0000000000
15581  -37.877  -67.231  3.343 0.0000000000
15582  -38.902  -67.364  3.259 0.0000000000
15583  -39.909  -67.458  3.113 0.0000000000
15584  -40.882  -67.519  2.946 0.0000000000
15585  -41.810  -67.561  2.803 0.0000000000
15586  -42.656  -67.589  2.649 0.0000000000
15587  -43.204  -67.623  2.396 0.0000000000
15601  -34.527  -67.818  2.806 0.0000000000
15602  -35.328  -67.691  2.767 0.0000000000
15603  -36.344  -67.634  2.715 0.0000000000
15604  -37.388  -67.719  2.673 0.0000000000
15605  -38.419  -67.874  2.674 0.0000000000
15606  -39.447  -67.998  2.598 0.0000000000
15607  -40.461  -68.124  2.504 0.0000000000
15608  -41.443  -68.191  2.366 0.0000000000
15609  -42.319  -68.180  2.234 0.0000000000
15610  -42.998  -68.126  2.135 0.0000000000
15611  -43.372  -67.826  1.760 0.0000000000
15612  -43.688  -67.316  1.715 0.0000000000
15632  -40.296  -67.561  0.737 0.0000000000
15633  -40.961  -67.492  0.855 0.0000000000
15634  -41.919  -67.293  0.804 0.0000000000
15635  -42.545  -66.961  0.604 0.0000000000
15636  -43.550  -67.531  1.136 0.0000000000
15637  -43.841  -67.016  1.335 0.0000000000
15660  -38.763  -67.360  0.239 0.0000000000
15661  -39.631  -67.777  0.404 0.0000000000
15662  -40.687  -68.136  0.375 0.0000000000
15691  -38.478  -67.330  -0.504 0.0000000000
16516  -42.820  -67.556  9.310 0.0000000000
16517  -43.372  -67.372  9.458 0.0000000000
16518  -44.400  -67.139  9.681 0.0000000000
16519  -45.592  -66.902  9.748 0.0000000000
16520  -46.526  -66.407  9.447 0.0000000000
16527  -39.702  -67.325  7.965 0.0000000000
16528  -40.157  -66.908  8.169 0.0000000000
16529  -41.123  -66.983  8.594 0.0000000000
16530  -42.327  -66.977  9.037 0.0000000000
16531  -43.551  -66.519  9.122 0.0000000000
16532  -44.798  -66.403  9.071 0.0000000000
16533  -45.932  -66.424  8.855 0.0000000000
16534  -46.547  -66.172  8.727 0.0000000000
16541  -37.778  -67.100  7.068 0.0000000000
16542  -38.310  -66.844  7.244 0.0000000000
16543  -39.288  -66.942  7.670 0.0000000000
16544  -39.757  -66.447  7.817 0.0000000000
16554  -36.938  -66.876  6.350 0.0000000000
16555  -37.539  -66.686  6.608 0.0000000000
16556  -38.118  -66.513  6.867 0.0000000000
16571  -36.244  -67.077  5.634 0.0000000000
16572  -36.643  -66.804  5.911 0.0000000000
16573  -37.726  -66.179  5.796 0.0000000000
16574  -38.791  -65.956  5.427 0.0000000000
16575  -39.842  -65.954  5.053 0.0000000000
16576  -40.577  -66.104  4.677 0.0000000000
16589  -36.205  -66.990  5.291 0.0000000000
16590  -36.875  -66.541  4.967 0.0000000000
16591  -37.985  -66.277  4.791 0.0000000000
16592  -39.060  -66.334  4.548 0.0000000000
16593  -40.017  -66.472  4.313 0.0000000000
16594  -40.850  -66.453  4.055 0.0000000000
16595  -41.692  -66.421  3.948 0.0000000000
16596  -42.623  -66.414  3.929 0.0000000000
16597  -43.513  -66.250  3.939 0.0000000000
16598  -44.073  -66.020  4.026 0.0000000000
16609  -36.159  -66.941  4.629 0.0000000000
16610  -36.558  -66.846  4.187 0.0000000000
16611  -37.383  -66.704  4.099 0.0000000000
16612  -38.416  -66.718  3.935 0.0000000000
16613  -39.432  -66.829  3.762 0.0000000000
16614  -40.387  -66.913  3.577 0.0000000000
16615  -41.303  -66.958  3.425 0.0000000000
16616  -42.232  -67.014  3.327 0.0000000000
16617  -43.286  -66.990  3.053 0.0000000000
16618  -44.093  -66.339  3.409 0.0000000000
16632  -40.726  -66.238  1.911 0.0000000000
16633  -41.536  -66.101  1.801 0.0000000000
16634  -41.997  -66.021  1.678 0.0000000000
16635  -43.562  -67.347  2.233 0.0000000000
16636  -44.103  -66.768  2.188 0.0000000000
16652  -38.845  -66.505  1.187 0.0000000000
16653  -39.947  -66.848  1.325 0.0000000000
16654  -41.208  -66.784  1.382 0.0000000000
16655  -42.153  -66.491  1.285 0.0000000000
16656  -42.702  -66.475  0.712 0.0000000000
16657  -43.681  -66.921  0.762 0.0000000000
16658  -44.192  -66.471  1.118 0.0000000000
16676  -38.372  -66.393  0.289 0.0000000000
16677  -39.041  -67.036  0.767 0.0000000000
16678  -42.911  -66.802  0.329 0.0000000000
16695  -38.374  -66.202  -0.975 0.0000000000
16710  -38.695  -65.923  -1.914 0.0000000000
16736  -39.026  -66.180  -2.751 0.0000000000
16737  -39.393  -66.173  -3.590 0.0000000000
17520  -40.750  -66.463  8.259 0.0000000000
17521  -41.433  -66.240  8.362 0.0000000000
17522  -42.581  -65.930  8.513 0.0000000000
17523  -43.881  -65.717  8.483 0.0000000000
17524  -45.164  -65.834  8.287 0.0000000000
17525  -46.230  -66.005  8.137 0.0000000000
17534  -38.864  -66.516  7.355 0.0000000000
17535  -39.359  -66.222  7.455 0.0000000000
17536  -40.330  -65.930  7.820 0.0000000000
17537  -41.605  -65.540  7.698 0.0000000000
17538  -42.915  -65.451  7.571 0.0000000000
17539  -44.225  -65.464  7.441 0.0000000000
17540  -45.446  -65.600  7.316 0.0000000000
17541  -46.477  -65.613  7.343 0.0000000000
17543  -47.444  -64.972  7.220 0.0000000000
17553  -38.077  -66.374  6.678 0.0000000000
17554  -38.588  -66.200  6.937 0.0000000000
17555  -39.509  -65.761  6.920 0.0000000000
17556  -40.654  -65.494  6.785 0.0000000000
17557  -41.973  -65.357  6.599 0.0000000000
17558  -43.295  -65.401  6.488 0.0000000000
17559  -44.526  -65.455  6.371 0.0000000000
17560  -45.693  -65.553  6.239 0.0000000000
17561  -46.699  -65.350  6.534 0.0000000000
17562  -47.307  -64.965  6.714 0.0000000000
17563  -47.439  -64.920  6.956 0.0000000000
17575  -38.103  -66.206  6.447 0.0000000000
17576  -38.693  -65.884  6.271 0.0000000000
17577  -39.718  -65.697  6.007 0.0000000000
17578  -41.035  -65.666  5.461 0.0000000000
17579  -42.486  -65.525  5.520 0.0000000000
17580  -43.664  -65.513  5.461 0.0000000000
17581  -44.692  -65.589  5.329 0.0000000000
17582  -45.460  -65.518  5.206 0.0000000000
17583  -46.214  -65.354  5.617 0.0000000000
17596  -41.215  -66.081  4.540 0.0000000000
17597  -41.997  -65.900  4.626 0.0000000000
17598  -43.031  -65.854  4.650 0.0000000000
17599  -43.949  -65.794  4.585 0.0000000000
17600  -44.747  -65.718  4.220 0.0000000000
17601  -45.843  -65.078  4.621 0.0000000000
17602  -46.387  -64.946  5.286 0.0000000000
17612  -38.200  -65.130  2.834 0.0000000000
17613  -38.620  -65.056  2.976 0.0000000000
17614  -44.596  -65.874  2.953 0.0000000000
17615  -45.182  -65.274  3.617 0.0000000000
17625  -37.859  -65.282  2.186 0.0000000000
17626  -38.799  -65.399  2.455 0.0000000000
17627  -39.942  -65.747  2.334 0.0000000000
17628  -41.068  -65.515  2.405 0.0000000000
17629  -42.090  -65.503  1.977 0.0000000000
17630  -42.617  -65.299  1.655 0.0000000000
17631  -44.606  -65.914  1.793 0.0000000000
17632  -45.019  -65.176  2.583 0.0000000000
17644  -37.610  -65.044  1.429 0.0000000000
17645  -38.227  -65.693  1.321 0.0000000000
17646  -39.103  -66.113  1.809 0.0000000000
17647  -42.215  -65.962  1.542 0.0000000000
17648  -42.635  -65.839  1.214 0.0000000000
17649  -43.190  -65.535  0.888 0.0000000000
17650  -44.427  -65.641  0.856 0.0000000000
17651  -44.791  -65.034  1.421 0.0000000000
17663  -37.740  -64.880  0.666 0.0000000000
17664  -38.031  -65.419  0.386 0.0000000000
17665  -43.116  -66.198  0.568 0.0000000000
17666  -43.663  -65.617  0.474 0.0000000000
17679  -38.032  -64.736  0.053 0.0000000000
17680  -38.236  -65.125  -0.429 0.0000000000
17692  -38.653  -64.806  -1.538 0.0000000000
17703  -39.013  -64.971  -2.387 0.0000000000
17704  -39.346  -65.061  -3.197 0.0000000000
18475  -47.370  -64.721  7.583 0.0000000000
18483  -47.324  -64.732  6.597 0.0000000000
18484  -47.360  -64.559  6.766 0.0000000000
18498  -47.199  -64.602  6.163 0.0000000000
18499  -47.350  -64.063  5.818 0.0000000000
18513  -36.471  -63.965  3.678 0.0000000000
18514  -36.981  -64.253  3.790 0.0000000000
18515  -37.809  -64.267  3.770 0.0000000000
18516  -46.121  -64.654  4.398 0.0000000000
18517  -46.676  -64.326  4.879 0.0000000000
18518  -47.282  -63.709  5.133 0.0000000000
18532  -36.495  -64.237  3.107 0.0000000000
18533  -37.372  -64.859  2.967 0.0000000000
18534  -38.485  -64.583  3.392 0.0000000000
18535  -39.258  -64.386  3.375 0.0000000000
18536  -39.943  -64.146  3.243 0.0000000000
18537  -40.673  -63.993  3.216 0.0000000000
18538  -45.816  -64.475  3.653 0.0000000000
18552  -36.790  -64.170  2.048 0.0000000000
18553  -37.351  -64.777  1.941 0.0000000000
18554  -38.970  -64.904  3.071 0.0000000000
18555  -39.569  -64.910  2.922 0.0000000000
18556  -40.460  -64.777  2.854 0.0000000000
18557  -41.576  -64.323  2.787 0.0000000000
18558  -42.749  -64.600  2.011 0.0000000000
18559  -43.194  -64.180  1.712 0.0000000000
18560  -45.314  -64.332  2.124 0.0000000000
18571  -37.066  -63.595  1.446 0.0000000000
18572  -37.467  -64.059  1.096 0.0000000000
18573  -42.953  -65.207  1.375 0.0000000000
18574  -43.423  -64.649  1.100 0.0000000000
18576  -45.125  -64.286  0.865 0.0000000000
18589  -38.190  -63.846  0.055 0.0000000000
18590  -38.570  -63.280  -0.542 0.0000000000
18604  -38.261  -64.391  -0.287 0.0000000000
18605  -38.552  -63.936  -0.827 0.0000000000
18619  -39.178  -63.652  -1.782 0.0000000000
18620  -39.314  -63.474  -2.179 0.0000000000
19408  -47.059  -64.024  7.078 0.0000000000
19409  -47.378  -64.228  6.981 0.0000000000
19429  -46.805  -63.424  6.341 0.0000000000
19430  -47.351  -63.681  6.302 0.0000000000
19451  -47.396  -63.447  5.558 0.0000000000
19467  -37.567  -63.558  4.234 0.0000000000
19468  -38.600  -63.571  3.959 0.0000000000
19469  -39.181  -63.076  3.865 0.0000000000
19470  -47.198  -63.495  4.642 0.0000000000
19485  -35.929  -63.635  3.508 0.0000000000
19486  -38.975  -64.062  3.672 0.0000000000
19487  -39.432  -63.594  3.643 0.0000000000
19488  -40.238  -63.342  3.450 0.0000000000
19489  -41.028  -63.295  3.227 0.0000000000
19492  -47.340  -62.909  4.321 0.0000000000
19510  -36.100  -63.492  2.490 0.0000000000
19511  -41.715  -63.203  3.021 0.0000000000
19512  -42.408  -63.446  2.517 0.0000000000
19513  -43.007  -63.808  2.052 0.0000000000
19515  -46.445  -62.815  2.954 0.0000000000
19531  -36.650  -63.119  1.606 0.0000000000
19532  -37.343  -63.009  1.008 0.0000000000
19533  -42.922  -63.188  2.043 0.0000000000
19534  -43.359  -63.585  1.501 0.0000000000
19535  -45.517  -63.414  1.432 0.0000000000
19551  -38.028  -62.951  0.456 0.0000000000
19552  -38.432  -62.797  -0.270 0.0000000000
19553  -43.791  -63.675  0.630 0.0000000000
19555  -45.384  -63.591  0.064 0.0000000000
19569  -38.861  -62.915  -1.059 0.0000000000
19585  -39.051  -63.178  -2.145 0.0000000000
19586  -39.286  -63.490  -2.435 0.0000000000
20404  -46.997  -63.027  6.092 0.0000000000
20405  -47.202  -63.136  6.028 0.0000000000
20425  -46.845  -62.674  5.786 0.0000000000
20426  -47.432  -62.796  5.475 0.0000000000
20446  -38.161  -62.671  4.349 0.0000000000
20447  -38.948  -62.577  4.085 0.0000000000
20448  -47.464  -62.592  4.668 0.0000000000
20465  -39.700  -62.601  3.728 0.0000000000
20466  -40.569  -62.486  3.402 0.0000000000
20467  -41.318  -62.462  3.157 0.0000000000
20468  -47.059  -62.354  3.556 0.0000000000
20469  -47.354  -62.502  4.205 0.0000000000
20488  -36.149  -62.914  1.946 0.0000000000
20489  -42.023  -62.487  2.845 0.0000000000
20490  -42.621  -62.518  2.308 0.0000000000
20491  -45.998  -62.779  2.074 0.0000000000
20492  -46.581  -62.161  2.305 0.0000000000
20513  -36.227  -62.285  1.465 0.0000000000
20514  -37.121  -62.233  1.074 0.0000000000
20515  -43.207  -62.629  1.706 0.0000000000
20516  -43.654  -62.903  1.082 0.0000000000
20517  -45.766  -62.755  1.399 0.0000000000
20518  -46.136  -62.283  1.358 0.0000000000
20539  -37.715  -62.238  0.518 0.0000000000
20540  -38.188  -62.189  0.033 0.0000000000
20541  -44.064  -62.708  0.363 0.0000000000
20543  -45.716  -62.735  0.690 0.0000000000
20544  -46.178  -62.008  0.412 0.0000000000
20565  -38.180  -62.217  -0.538 0.0000000000
20584  -38.488  -62.741  -1.325 0.0000000000
21399  -45.489  -61.450  5.270 0.0000000000
21400  -46.416  -61.818  5.305 0.0000000000
21401  -47.084  -62.060  5.285 0.0000000000
21420  -37.881  -61.652  4.540 0.0000000000
21421  -38.605  -61.952  4.315 0.0000000000
21422  -46.101  -61.167  4.946 0.0000000000
21423  -46.746  -61.439  4.663 0.0000000000
21424  -47.318  -62.074  4.720 0.0000000000
21438  -38.596  -61.269  4.273 0.0000000000
21439  -39.276  -61.593  3.984 0.0000000000
21440  -40.174  -61.603  3.544 0.0000000000
21441  -40.941  -61.675  3.243 0.0000000000
21442  -47.135  -61.586  3.892 0.0000000000
21443  -47.359  -62.205  4.213 0.0000000000
21456  -41.575  -61.698  2.955 0.0000000000
21457  -42.223  -61.686  2.544 0.0000000000
21469  -36.772  -61.630  0.785 0.0000000000
21470  -37.400  -61.746  0.511 0.0000000000
21471  -42.862  -61.748  1.920 0.0000000000
21472  -43.623  -61.886  1.115 0.0000000000
21473  -46.546  -61.496  1.293 0.0000000000
21486  -36.432  -61.307  0.422 0.0000000000
21487  -37.177  -61.396  0.124 0.0000000000
21488  -37.853  -61.750  0.064 0.0000000000
21489  -38.084  -61.937  -0.171 0.0000000000
21490  -44.109  -61.579  -0.050 0.0000000000
21491  -44.445  -61.966  -0.830 0.0000000000
21492  -46.357  -61.253  0.117 0.0000000000
21511  -37.978  -61.800  -0.255 0.0000000000
21512  -44.351  -61.388  -0.875 0.0000000000
22438  -44.941  -60.493  4.924 0.0000000000
22439  -45.654  -60.868  4.908 0.0000000000
22464  -38.177  -60.622  4.374 0.0000000000
22465  -45.194  -60.106  4.462 0.0000000000
22466  -45.980  -60.528  4.273 0.0000000000
22467  -46.713  -61.082  4.074 0.0000000000
22483  -38.936  -60.553  3.982 0.0000000000
22484  -39.801  -60.640  3.671 0.0000000000
22485  -40.727  -60.667  3.198 0.0000000000
22486  -41.225  -61.192  3.034 0.0000000000
22487  -46.126  -60.443  3.278 0.0000000000
22488  -46.644  -60.912  3.462 0.0000000000
22500  -41.085  -60.155  2.749 0.0000000000
22501  -41.630  -60.764  2.653 0.0000000000
22502  -42.403  -61.024  2.150 0.0000000000
22513  -42.916  -60.855  1.387 0.0000000000
22514  -43.505  -61.025  0.670 0.0000000000
22523  -43.188  -60.325  0.692 0.0000000000
22524  -43.564  -60.556  0.042 0.0000000000
22531  -44.012  -60.676  -0.722 0.0000000000
22532  -44.407  -60.983  -1.298 0.0000000000
22539  -44.088  -60.373  -1.585 0.0000000000
23459  -44.196  -59.813  5.037 0.0000000000
23489  -37.730  -60.001  4.408 0.0000000000
23490  -43.996  -59.257  4.987 0.0000000000
23491  -44.573  -59.604  4.522 0.0000000000
23492  -45.269  -59.839  4.121 0.0000000000
23508  -37.623  -59.375  4.250 0.0000000000
23509  -38.358  -59.592  4.013 0.0000000000
23510  -39.373  -59.610  3.584 0.0000000000
23511  -40.127  -59.907  3.376 0.0000000000
23512  -44.796  -59.437  3.777 0.0000000000
23513  -45.495  -59.917  3.336 0.0000000000
23523  -39.897  -59.242  3.155 0.0000000000
23524  -40.570  -59.538  2.803 0.0000000000
23525  -41.395  -59.669  2.270 0.0000000000
23526  -42.184  -60.199  1.897 0.0000000000
23534  -41.787  -59.315  1.381 0.0000000000
23535  -42.636  -59.845  1.076 0.0000000000
23544  -42.259  -59.210  0.627 0.0000000000
23545  -43.019  -59.584  -0.009 0.0000000000
23546  -43.567  -60.154  -0.405 0.0000000000
23553  -43.097  -59.094  -1.166 0.0000000000
23554  -43.636  -59.856  -0.984 0.0000000000
23561  -43.152  -58.857  -1.812 0.0000000000
24405  -46.979  -58.789  11.083 0.0000000000
24406  -48.182  -58.847  11.109 0.0000000000
24407  -49.342  -58.712  11.310 0.0000000000
24434  -45.373  -58.238  11.042 0.0000000000
24435  -46.203  -58.271  11.064 0.0000000000
24436  -46.685  -58.208  11.002 0.0000000000
24517  -44.386  -59.161  4.145 0.0000000000
24531  -37.663  -58.556  3.867 0.0000000000
24532  -38.818  -58.528  3.327 0.0000000000
24533  -39.482  -58.922  3.188 0.0000000000
24547  -39.764  -58.365  2.539 0.0000000000
24548  -40.869  -58.848  2.127 0.0000000000
24549  -41.348  -59.114  1.851 0.0000000000
24558  -40.556  -58.019  1.413 0.0000000000
24559  -41.257  -58.702  1.478 0.0000000000
24570  -40.823  -57.770  0.664 0.0000000000
24571  -41.586  -58.353  0.434 0.0000000000
24572  -42.351  -58.927  0.181 0.0000000000
24584  -41.936  -58.106  -0.709 0.0000000000
24585  -42.445  -58.682  -0.467 0.0000000000
24598  -41.828  -57.760  -1.220 0.0000000000
24599  -42.508  -58.225  -1.647 0.0000000000
25400  -47.155  -57.932  11.020 0.0000000000
25401  -48.623  -57.845  11.274 0.0000000000
25426  -45.658  -57.947  10.917 0.0000000000
25427  -46.427  -58.001  10.943 0.0000000000
25428  -46.755  -57.968  10.965 0.0000000000
25587  -40.905  -57.562  0.145 0.0000000000
25602  -41.321  -57.532  -0.665 0.0000000000
25611  -41.519  -57.238  -1.865 0.0000000000
29647  -49.142  -53.897  6.009 0.0000000000
29648  -49.992  -54.131  5.455 0.0000000000
29663  -49.873  -54.029  4.281 0.0000000000
