#!ascii label  , from subject sub-CSI3 vox2ras=TkReg
977
1921  -20.809  -86.536  19.212 0.0000000000
1922  -20.985  -86.738  19.508 0.0000000000
1934  -20.899  -86.909  18.850 0.0000000000
1941  -20.643  -86.894  18.101 0.0000000000
1958  -19.370  -86.508  15.747 0.0000000000
2340  -19.605  -85.660  25.157 0.0000000000
2341  -19.875  -85.315  24.782 0.0000000000
2350  -20.107  -85.511  24.261 0.0000000000
2358  -20.830  -85.357  23.225 0.0000000000
2359  -21.146  -85.106  23.058 0.0000000000
2366  -21.164  -85.534  22.670 0.0000000000
2367  -21.373  -85.234  22.508 0.0000000000
2378  -20.856  -85.293  20.215 0.0000000000
2379  -21.328  -85.563  20.677 0.0000000000
2387  -20.772  -85.881  19.661 0.0000000000
2388  -21.136  -86.199  20.090 0.0000000000
2419  -25.782  -85.123  15.646 0.0000000000
2420  -25.980  -85.065  15.969 0.0000000000
2430  -25.413  -85.276  14.977 0.0000000000
2449  -25.271  -85.531  14.599 0.0000000000
2480  -23.922  -86.166  12.593 0.0000000000
2481  -24.436  -85.787  13.369 0.0000000000
2493  -22.319  -86.679  11.498 0.0000000000
2494  -23.206  -86.574  11.938 0.0000000000
2836  -19.646  -85.146  25.140 0.0000000000
2837  -20.131  -85.155  24.525 0.0000000000
2848  -20.216  -84.871  24.202 0.0000000000
2849  -20.439  -85.118  23.936 0.0000000000
2862  -20.820  -84.854  23.307 0.0000000000
2863  -21.237  -84.925  22.912 0.0000000000
2873  -20.341  -84.209  22.667 0.0000000000
2874  -20.705  -84.406  22.799 0.0000000000
2875  -21.159  -84.620  22.626 0.0000000000
2885  -21.456  -84.583  22.013 0.0000000000
2892  -20.876  -84.666  20.482 0.0000000000
2893  -21.323  -84.603  21.250 0.0000000000
2900  -20.562  -84.962  19.799 0.0000000000
2913  -19.794  -84.913  17.984 0.0000000000
2914  -20.234  -85.062  18.680 0.0000000000
2915  -26.763  -83.679  18.056 0.0000000000
2916  -27.110  -83.819  18.157 0.0000000000
2922  -19.624  -84.741  17.309 0.0000000000
2923  -19.826  -85.328  17.833 0.0000000000
2924  -26.104  -84.022  16.965 0.0000000000
2925  -26.765  -84.030  17.422 0.0000000000
2935  -19.412  -84.486  16.202 0.0000000000
2936  -25.819  -84.541  16.117 0.0000000000
2937  -26.375  -84.582  16.205 0.0000000000
2951  -25.446  -84.852  15.333 0.0000000000
2967  -25.355  -84.258  15.176 0.0000000000
2980  -24.785  -84.248  14.186 0.0000000000
2989  -24.192  -84.946  12.552 0.0000000000
2990  -24.538  -84.626  13.435 0.0000000000
3003  -23.540  -85.364  11.975 0.0000000000
3336  -20.643  -84.032  22.374 0.0000000000
3337  -20.955  -84.266  22.502 0.0000000000
3348  -20.557  -83.598  21.707 0.0000000000
3349  -21.110  -84.107  22.187 0.0000000000
3360  -21.201  -84.048  21.633 0.0000000000
3373  -20.395  -83.830  19.694 0.0000000000
3392  -19.764  -84.462  18.088 0.0000000000
3393  -19.860  -83.800  18.612 0.0000000000
3406  -19.649  -83.782  17.809 0.0000000000
3407  -19.769  -83.341  18.172 0.0000000000
3408  -25.900  -83.336  17.166 0.0000000000
3409  -26.361  -83.289  17.759 0.0000000000
3421  -19.482  -83.600  16.894 0.0000000000
3422  -25.758  -83.639  16.531 0.0000000000
3436  -19.313  -83.367  15.822 0.0000000000
3437  -25.374  -83.636  15.305 0.0000000000
3438  -25.525  -83.873  15.682 0.0000000000
3453  -25.183  -83.733  14.849 0.0000000000
3454  -25.379  -83.899  15.250 0.0000000000
3461  -24.796  -83.341  14.161 0.0000000000
3472  -24.200  -83.749  12.815 0.0000000000
3473  -24.524  -83.585  13.559 0.0000000000
3487  -23.415  -83.829  11.792 0.0000000000
3733  -24.932  -82.872  29.569 0.0000000000
3751  -26.009  -82.369  27.937 0.0000000000
3812  -20.407  -83.075  21.034 0.0000000000
3828  -20.137  -82.564  20.759 0.0000000000
3847  -19.980  -82.360  19.246 0.0000000000
3848  -20.190  -82.651  19.509 0.0000000000
3864  -19.910  -82.534  18.818 0.0000000000
3865  -20.154  -83.133  19.005 0.0000000000
3866  -25.993  -82.314  17.937 0.0000000000
3867  -26.364  -82.533  18.296 0.0000000000
3879  -19.651  -82.805  17.786 0.0000000000
3880  -19.928  -83.088  18.468 0.0000000000
3881  -25.843  -82.611  17.472 0.0000000000
3882  -26.139  -82.689  17.891 0.0000000000
3896  -25.680  -82.891  16.846 0.0000000000
3907  -19.157  -82.345  15.302 0.0000000000
3908  -25.337  -82.970  15.458 0.0000000000
3909  -25.529  -82.937  16.217 0.0000000000
3920  -18.736  -82.130  14.252 0.0000000000
3921  -24.953  -82.636  14.656 0.0000000000
3929  -24.150  -82.172  13.111 0.0000000000
3930  -24.454  -82.466  13.594 0.0000000000
3942  -23.890  -82.499  12.629 0.0000000000
3943  -24.369  -83.054  13.094 0.0000000000
3961  -21.568  -82.658  10.709 0.0000000000
3963  -23.160  -82.411  11.780 0.0000000000
4237  -25.587  -82.054  30.845 0.0000000000
4238  -26.243  -81.860  30.257 0.0000000000
4248  -25.203  -82.388  29.174 0.0000000000
4249  -26.820  -81.630  29.808 0.0000000000
4250  -27.609  -81.628  29.531 0.0000000000
4261  -25.671  -82.042  28.277 0.0000000000
4269  -26.135  -81.864  27.574 0.0000000000
4270  -26.755  -81.594  27.271 0.0000000000
4280  -26.889  -81.166  26.894 0.0000000000
4347  -19.608  -81.986  20.445 0.0000000000
4348  -20.105  -82.388  20.415 0.0000000000
4364  -19.784  -81.960  19.357 0.0000000000
4365  -20.131  -82.283  20.036 0.0000000000
4377  -19.590  -81.866  18.278 0.0000000000
4406  -25.319  -81.374  16.289 0.0000000000
4418  -25.142  -81.615  15.583 0.0000000000
4419  -25.415  -82.329  15.983 0.0000000000
4428  -18.770  -81.243  14.703 0.0000000000
4438  -18.807  -81.208  13.330 0.0000000000
4439  -23.992  -81.622  13.211 0.0000000000
4440  -24.357  -81.710  13.766 0.0000000000
4456  -19.068  -81.204  12.248 0.0000000000
4457  -23.151  -81.241  12.216 0.0000000000
4458  -23.538  -81.615  12.586 0.0000000000
4479  -22.500  -81.378  11.601 0.0000000000
4480  -23.284  -81.804  12.123 0.0000000000
4806  -24.788  -81.636  32.936 0.0000000000
4816  -25.234  -81.241  31.656 0.0000000000
4824  -25.593  -80.805  30.504 0.0000000000
4825  -26.270  -81.058  29.866 0.0000000000
4833  -23.898  -80.333  30.166 0.0000000000
4834  -24.476  -80.528  29.406 0.0000000000
4835  -26.179  -80.004  29.781 0.0000000000
4836  -27.128  -80.621  29.506 0.0000000000
4837  -28.302  -80.745  29.470 0.0000000000
4851  -25.033  -80.515  28.615 0.0000000000
4852  -25.395  -80.929  28.016 0.0000000000
4864  -25.865  -81.068  27.202 0.0000000000
4865  -26.274  -81.364  27.155 0.0000000000
4878  -26.112  -80.476  26.726 0.0000000000
4879  -26.486  -80.801  26.753 0.0000000000
4953  -19.347  -81.216  19.677 0.0000000000
5024  -24.135  -80.243  14.242 0.0000000000
5038  -23.745  -80.615  13.466 0.0000000000
5039  -24.256  -81.107  13.958 0.0000000000
5056  -19.466  -80.362  12.216 0.0000000000
5057  -20.257  -80.128  11.705 0.0000000000
5058  -22.854  -80.566  12.197 0.0000000000
5059  -23.424  -80.946  12.746 0.0000000000
5075  -19.604  -80.996  11.591 0.0000000000
5077  -21.432  -80.639  11.392 0.0000000000
5078  -22.127  -80.270  11.763 0.0000000000
5428  -23.413  -80.734  36.264 0.0000000000
5447  -25.221  -80.523  33.828 0.0000000000
5448  -25.736  -79.674  33.977 0.0000000000
5456  -25.327  -80.347  32.579 0.0000000000
5463  -25.374  -79.866  31.417 0.0000000000
5469  -25.738  -79.368  30.455 0.0000000000
5479  -24.096  -79.445  29.790 0.0000000000
5480  -24.472  -79.377  29.259 0.0000000000
5481  -26.262  -78.849  29.825 0.0000000000
5482  -26.927  -79.269  29.366 0.0000000000
5483  -27.976  -79.625  29.315 0.0000000000
5484  -29.073  -79.838  29.457 0.0000000000
5485  -30.087  -79.940  29.528 0.0000000000
5496  -24.856  -79.677  28.734 0.0000000000
5497  -25.384  -79.941  28.039 0.0000000000
5510  -25.674  -80.284  27.393 0.0000000000
5525  -25.925  -80.121  26.799 0.0000000000
5526  -26.280  -79.835  26.454 0.0000000000
5527  -26.800  -79.765  26.306 0.0000000000
5536  -26.428  -79.170  26.034 0.0000000000
5616  -25.466  -80.201  17.940 0.0000000000
5640  -18.236  -79.430  16.626 0.0000000000
5650  -18.011  -79.087  15.491 0.0000000000
5665  -18.364  -78.675  14.544 0.0000000000
5681  -22.908  -79.182  13.131 0.0000000000
5682  -23.578  -79.687  13.723 0.0000000000
5695  -20.466  -79.535  12.078 0.0000000000
5696  -21.561  -79.337  12.144 0.0000000000
5697  -22.426  -79.666  12.321 0.0000000000
5698  -23.205  -80.083  12.888 0.0000000000
5717  -21.395  -79.884  11.704 0.0000000000
5718  -21.898  -79.754  11.927 0.0000000000
6077  -26.095  -79.219  34.643 0.0000000000
6078  -27.058  -78.692  34.881 0.0000000000
6079  -28.085  -78.427  34.945 0.0000000000
6087  -25.589  -79.678  33.263 0.0000000000
6088  -26.095  -78.888  33.520 0.0000000000
6098  -25.596  -79.016  32.402 0.0000000000
6107  -25.688  -78.539  31.206 0.0000000000
6130  -29.870  -78.955  29.618 0.0000000000
6131  -30.875  -79.160  29.832 0.0000000000
6142  -25.298  -78.998  28.258 0.0000000000
6152  -25.855  -79.245  27.125 0.0000000000
6153  -26.121  -78.722  26.403 0.0000000000
6166  -26.070  -79.586  26.546 0.0000000000
6167  -26.195  -79.075  26.173 0.0000000000
6182  -26.413  -78.583  25.653 0.0000000000
6192  -19.283  -77.787  24.485 0.0000000000
6202  -19.457  -77.528  23.933 0.0000000000
6265  -25.122  -79.637  17.671 0.0000000000
6266  -25.387  -79.186  17.983 0.0000000000
6283  -25.035  -78.423  17.672 0.0000000000
6293  -17.918  -78.425  16.355 0.0000000000
6309  -18.117  -77.902  15.271 0.0000000000
6325  -18.774  -77.849  14.232 0.0000000000
6326  -19.291  -77.707  13.879 0.0000000000
6345  -22.484  -78.385  13.494 0.0000000000
6346  -23.279  -78.804  14.034 0.0000000000
6362  -21.024  -78.663  12.497 0.0000000000
6363  -22.046  -78.801  12.683 0.0000000000
6781  -28.860  -78.058  35.214 0.0000000000
6784  -31.483  -76.883  35.970 0.0000000000
6792  -26.682  -78.527  34.152 0.0000000000
6794  -28.224  -77.555  34.801 0.0000000000
6837  -32.374  -77.524  30.298 0.0000000000
6838  -33.277  -77.622  30.452 0.0000000000
6839  -34.133  -77.587  30.543 0.0000000000
6853  -29.653  -77.781  29.438 0.0000000000
6854  -30.706  -78.075  29.713 0.0000000000
6855  -31.651  -78.365  30.129 0.0000000000
6864  -25.127  -78.256  28.564 0.0000000000
6873  -25.659  -78.177  27.907 0.0000000000
6874  -26.134  -78.139  26.915 0.0000000000
6884  -26.241  -78.207  25.851 0.0000000000
6894  -14.676  -77.552  25.819 0.0000000000
6895  -15.480  -77.708  25.560 0.0000000000
6896  -16.588  -77.668  25.335 0.0000000000
6900  -26.461  -77.686  25.093 0.0000000000
6920  -19.312  -77.401  23.357 0.0000000000
6921  -19.487  -76.828  23.646 0.0000000000
6927  -19.474  -76.904  23.146 0.0000000000
6984  -25.664  -78.424  17.921 0.0000000000
6998  -24.511  -77.929  17.252 0.0000000000
7000  -26.119  -77.201  17.617 0.0000000000
7010  -17.860  -77.445  16.310 0.0000000000
7027  -18.180  -76.897  15.535 0.0000000000
7038  -18.576  -76.992  14.749 0.0000000000
7039  -19.523  -77.091  14.141 0.0000000000
7040  -20.661  -76.915  13.989 0.0000000000
7041  -21.600  -77.129  14.276 0.0000000000
7057  -19.565  -77.639  13.751 0.0000000000
7058  -20.103  -77.515  13.588 0.0000000000
7059  -21.099  -77.472  13.568 0.0000000000
7060  -22.047  -77.670  13.852 0.0000000000
7478  -32.048  -76.332  36.456 0.0000000000
7492  -29.034  -77.150  35.317 0.0000000000
7505  -27.534  -76.905  34.341 0.0000000000
7563  -34.766  -76.748  30.573 0.0000000000
7578  -31.526  -77.211  29.936 0.0000000000
7586  -24.720  -76.825  28.545 0.0000000000
7587  -25.192  -77.577  28.416 0.0000000000
7597  -25.207  -76.504  28.131 0.0000000000
7598  -25.661  -76.972  27.606 0.0000000000
7599  -26.194  -77.441  26.438 0.0000000000
7607  -13.998  -77.071  26.115 0.0000000000
7609  -26.260  -77.150  25.416 0.0000000000
7618  -14.632  -76.815  25.438 0.0000000000
7619  -15.680  -77.004  25.168 0.0000000000
7620  -16.394  -77.018  24.926 0.0000000000
7624  -26.236  -77.048  24.455 0.0000000000
7634  -15.124  -76.420  24.956 0.0000000000
7635  -15.862  -76.446  24.786 0.0000000000
7656  -19.349  -76.523  22.428 0.0000000000
7657  -19.651  -76.236  22.867 0.0000000000
7658  -19.782  -75.650  22.871 0.0000000000
7668  -19.426  -76.148  22.269 0.0000000000
7712  -26.811  -77.133  17.848 0.0000000000
7713  -27.678  -76.472  17.928 0.0000000000
7730  -26.514  -76.475  17.461 0.0000000000
7731  -27.164  -75.889  17.402 0.0000000000
7767  -18.459  -76.158  15.604 0.0000000000
7768  -18.775  -75.798  15.402 0.0000000000
7785  -18.559  -76.513  15.170 0.0000000000
7786  -19.127  -76.066  14.886 0.0000000000
7787  -20.259  -76.190  14.323 0.0000000000
7788  -21.346  -76.392  14.444 0.0000000000
8237  -32.484  -75.886  36.297 0.0000000000
8318  -16.124  -75.239  29.675 0.0000000000
8335  -13.764  -75.635  28.662 0.0000000000
8336  -14.720  -74.816  28.810 0.0000000000
8337  -15.548  -74.883  29.270 0.0000000000
8347  -13.470  -76.188  27.552 0.0000000000
8348  -13.990  -75.157  27.687 0.0000000000
8349  -25.186  -75.908  27.865 0.0000000000
8359  -13.537  -76.740  26.766 0.0000000000
8360  -13.931  -75.846  26.332 0.0000000000
8362  -26.218  -76.392  24.860 0.0000000000
8369  -14.573  -75.793  25.175 0.0000000000
8370  -26.349  -76.460  24.228 0.0000000000
8380  -15.209  -75.915  24.647 0.0000000000
8381  -15.944  -75.826  24.316 0.0000000000
8382  -17.001  -75.830  23.918 0.0000000000
8383  -18.029  -75.913  24.051 0.0000000000
8386  -26.657  -75.938  23.820 0.0000000000
8398  -17.532  -75.363  23.688 0.0000000000
8399  -18.165  -75.319  23.669 0.0000000000
8403  -26.709  -75.361  23.190 0.0000000000
8404  -26.799  -75.077  22.980 0.0000000000
8411  -19.603  -75.823  22.356 0.0000000000
8412  -19.821  -75.363  22.469 0.0000000000
8420  -19.477  -75.552  21.676 0.0000000000
8421  -20.030  -74.966  21.856 0.0000000000
8428  -19.601  -75.044  21.044 0.0000000000
8462  -27.744  -75.589  17.543 0.0000000000
8463  -28.521  -75.314  17.849 0.0000000000
8464  -29.433  -75.539  18.527 0.0000000000
8465  -29.976  -75.553  18.919 0.0000000000
8483  -26.510  -75.731  17.001 0.0000000000
8484  -27.357  -75.114  17.064 0.0000000000
8485  -27.979  -75.105  17.450 0.0000000000
8502  -25.070  -76.033  16.473 0.0000000000
8503  -25.626  -75.599  16.489 0.0000000000
8504  -26.467  -75.036  16.580 0.0000000000
8505  -27.015  -74.590  16.568 0.0000000000
8522  -18.590  -75.579  15.796 0.0000000000
8523  -18.992  -75.426  15.401 0.0000000000
8526  -24.649  -75.738  15.850 0.0000000000
8527  -25.275  -75.029  15.832 0.0000000000
8542  -19.444  -75.311  15.082 0.0000000000
8543  -19.968  -75.397  14.648 0.0000000000
8544  -20.983  -75.475  14.519 0.0000000000
9106  -15.950  -74.806  29.259 0.0000000000
9107  -16.436  -74.778  29.209 0.0000000000
9127  -15.068  -74.455  28.399 0.0000000000
9128  -15.674  -74.429  28.722 0.0000000000
9129  -16.598  -74.215  28.689 0.0000000000
9142  -14.713  -74.439  27.848 0.0000000000
9143  -15.253  -74.262  28.156 0.0000000000
9160  -14.335  -74.563  26.836 0.0000000000
9162  -25.835  -74.928  26.107 0.0000000000
9163  -26.249  -75.739  25.318 0.0000000000
9171  -14.415  -74.829  25.651 0.0000000000
9172  -26.207  -74.705  25.124 0.0000000000
9173  -26.346  -75.546  24.608 0.0000000000
9185  -14.992  -74.990  24.525 0.0000000000
9186  -16.023  -74.943  23.819 0.0000000000
9187  -16.885  -74.835  23.553 0.0000000000
9188  -26.480  -75.078  23.627 0.0000000000
9201  -17.545  -74.774  23.448 0.0000000000
9202  -18.172  -74.606  23.337 0.0000000000
9204  -19.646  -74.704  22.963 0.0000000000
9205  -19.906  -74.878  22.672 0.0000000000
9206  -26.710  -74.613  22.895 0.0000000000
9207  -26.874  -74.413  22.700 0.0000000000
9223  -19.845  -74.437  22.598 0.0000000000
9224  -20.081  -74.498  22.217 0.0000000000
9226  -26.835  -73.796  22.313 0.0000000000
9236  -19.896  -74.885  21.352 0.0000000000
9237  -20.277  -74.330  21.437 0.0000000000
9245  -19.920  -74.529  20.607 0.0000000000
9246  -20.458  -73.980  20.800 0.0000000000
9256  -20.357  -73.864  20.179 0.0000000000
9274  -28.794  -74.594  17.673 0.0000000000
9275  -29.359  -74.426  18.006 0.0000000000
9276  -30.080  -74.919  18.721 0.0000000000
9290  -27.573  -74.405  16.748 0.0000000000
9305  -25.862  -74.834  16.144 0.0000000000
9306  -26.476  -74.331  16.050 0.0000000000
9307  -27.211  -74.011  16.294 0.0000000000
9308  -27.904  -73.799  16.575 0.0000000000
9321  -18.804  -75.087  15.864 0.0000000000
9322  -19.319  -74.798  15.523 0.0000000000
9323  -19.917  -74.315  15.278 0.0000000000
9326  -24.594  -74.628  15.210 0.0000000000
9327  -25.555  -74.220  15.512 0.0000000000
9328  -26.239  -73.703  15.596 0.0000000000
9336  -19.789  -74.876  15.001 0.0000000000
9337  -20.434  -74.715  14.796 0.0000000000
9340  -23.691  -74.467  14.731 0.0000000000
9902  -15.557  -74.109  28.175 0.0000000000
9903  -16.021  -73.836  28.198 0.0000000000
9904  -17.006  -73.396  28.196 0.0000000000
9916  -14.701  -74.161  27.324 0.0000000000
9917  -15.273  -73.876  27.633 0.0000000000
9918  -16.100  -73.205  27.526 0.0000000000
9919  -16.750  -72.911  27.556 0.0000000000
9936  -14.743  -73.896  26.950 0.0000000000
9937  -15.286  -73.301  26.758 0.0000000000
9938  -15.942  -72.735  26.880 0.0000000000
9940  -25.205  -73.899  26.084 0.0000000000
9957  -14.663  -73.935  26.138 0.0000000000
9958  -15.095  -73.249  25.603 0.0000000000
9959  -24.998  -73.044  25.697 0.0000000000
9960  -25.986  -73.779  25.254 0.0000000000
9961  -26.356  -74.603  24.448 0.0000000000
9979  -14.749  -74.062  25.136 0.0000000000
9980  -15.532  -73.623  24.137 0.0000000000
9981  -16.325  -74.277  23.614 0.0000000000
9982  -25.498  -72.840  25.157 0.0000000000
9983  -26.048  -72.980  24.692 0.0000000000
9984  -26.471  -73.785  23.807 0.0000000000
10000  -16.035  -73.166  23.616 0.0000000000
10001  -16.939  -73.682  23.183 0.0000000000
10002  -18.387  -73.895  22.964 0.0000000000
10005  -26.652  -73.698  22.584 0.0000000000
10027  -17.259  -72.871  22.806 0.0000000000
10028  -17.906  -73.027  22.770 0.0000000000
10029  -18.909  -73.214  22.618 0.0000000000
10030  -19.803  -73.702  22.412 0.0000000000
10031  -20.274  -73.635  21.791 0.0000000000
10032  -26.792  -73.484  22.077 0.0000000000
10033  -26.927  -73.237  21.800 0.0000000000
10048  -20.458  -73.576  21.194 0.0000000000
10049  -26.773  -73.022  21.636 0.0000000000
10050  -26.770  -72.863  21.478 0.0000000000
10063  -20.596  -73.295  20.511 0.0000000000
10077  -20.636  -73.285  19.441 0.0000000000
10078  -21.130  -72.758  18.918 0.0000000000
10102  -21.312  -72.511  18.361 0.0000000000
10103  -29.640  -73.715  17.917 0.0000000000
10104  -30.195  -73.694  18.394 0.0000000000
10120  -28.536  -73.610  16.825 0.0000000000
10121  -29.225  -73.440  17.328 0.0000000000
10122  -29.781  -73.337  17.876 0.0000000000
10140  -26.808  -73.662  15.862 0.0000000000
10141  -27.399  -73.135  16.006 0.0000000000
10142  -28.249  -73.089  16.443 0.0000000000
10143  -28.737  -73.161  16.779 0.0000000000
10155  -19.514  -74.173  15.870 0.0000000000
10156  -20.121  -73.698  15.792 0.0000000000
10158  -22.445  -73.050  15.270 0.0000000000
10159  -23.411  -73.111  15.136 0.0000000000
10160  -24.475  -73.458  15.069 0.0000000000
10173  -23.031  -73.727  14.753 0.0000000000
10174  -23.841  -73.722  14.829 0.0000000000
10743  -26.296  -71.601  29.195 0.0000000000
10762  -26.213  -71.924  28.765 0.0000000000
10775  -16.496  -72.640  27.176 0.0000000000
10776  -17.274  -72.342  27.360 0.0000000000
10779  -25.552  -72.329  27.239 0.0000000000
10780  -26.159  -71.929  28.018 0.0000000000
10789  -15.596  -72.679  26.259 0.0000000000
10790  -16.357  -72.073  26.455 0.0000000000
10791  -17.031  -71.771  26.794 0.0000000000
10793  -25.380  -72.047  26.544 0.0000000000
10806  -15.601  -72.418  25.320 0.0000000000
10807  -16.081  -71.853  25.679 0.0000000000
10827  -15.615  -72.660  24.429 0.0000000000
10828  -15.810  -72.305  24.161 0.0000000000
10829  -24.947  -72.345  25.127 0.0000000000
10830  -25.541  -72.307  24.708 0.0000000000
10831  -26.200  -72.450  24.095 0.0000000000
10851  -15.767  -72.843  23.929 0.0000000000
10852  -16.169  -72.488  23.552 0.0000000000
10853  -26.455  -72.822  23.076 0.0000000000
10873  -16.786  -72.437  22.908 0.0000000000
10874  -17.453  -72.255  22.584 0.0000000000
10875  -18.332  -72.259  22.293 0.0000000000
10876  -19.482  -72.434  21.954 0.0000000000
10878  -26.557  -72.902  21.980 0.0000000000
10891  -20.440  -72.550  21.276 0.0000000000
10892  -26.696  -72.541  21.277 0.0000000000
10893  -26.996  -72.574  21.249 0.0000000000
10904  -20.926  -72.399  20.087 0.0000000000
10905  -21.358  -72.067  19.466 0.0000000000
10906  -26.591  -72.307  21.090 0.0000000000
10907  -26.762  -72.272  20.963 0.0000000000
10925  -21.146  -72.573  19.377 0.0000000000
10926  -21.480  -72.213  18.846 0.0000000000
10948  -21.576  -72.154  18.331 0.0000000000
10949  -30.614  -72.645  18.772 0.0000000000
10964  -21.657  -72.186  17.836 0.0000000000
10965  -22.034  -72.000  17.411 0.0000000000
10966  -29.458  -72.293  17.138 0.0000000000
10967  -30.010  -72.533  17.862 0.0000000000
10982  -21.672  -72.410  17.032 0.0000000000
10983  -22.218  -72.033  16.914 0.0000000000
10984  -27.317  -72.431  15.769 0.0000000000
10985  -27.934  -72.272  16.048 0.0000000000
10986  -28.808  -72.469  16.612 0.0000000000
10994  -22.130  -72.428  16.132 0.0000000000
10995  -22.900  -72.427  15.598 0.0000000000
10996  -23.787  -72.359  15.405 0.0000000000
10997  -24.834  -72.275  15.280 0.0000000000
11617  -26.471  -71.057  28.527 0.0000000000
11632  -25.645  -71.713  26.699 0.0000000000
11633  -26.126  -71.349  27.239 0.0000000000
11640  -16.922  -71.448  26.394 0.0000000000
11641  -17.607  -71.322  26.785 0.0000000000
11644  -25.280  -71.548  26.064 0.0000000000
11645  -25.771  -71.206  26.491 0.0000000000
11651  -15.978  -71.806  25.161 0.0000000000
11652  -16.535  -71.300  25.595 0.0000000000
11653  -17.211  -70.988  26.115 0.0000000000
11669  -15.798  -72.132  24.700 0.0000000000
11670  -16.136  -71.563  24.412 0.0000000000
11671  -25.001  -71.745  24.723 0.0000000000
11672  -25.788  -71.679  24.243 0.0000000000
11673  -26.145  -71.943  24.060 0.0000000000
11692  -16.544  -71.539  23.399 0.0000000000
11693  -16.950  -71.076  23.044 0.0000000000
11694  -25.989  -71.474  23.922 0.0000000000
11695  -26.246  -71.820  23.659 0.0000000000
11714  -16.998  -71.682  22.791 0.0000000000
11715  -17.599  -71.128  22.432 0.0000000000
11716  -18.755  -71.274  21.895 0.0000000000
11717  -19.492  -71.494  21.698 0.0000000000
11718  -26.444  -71.999  22.656 0.0000000000
11733  -19.344  -70.902  21.643 0.0000000000
11734  -19.861  -71.038  21.521 0.0000000000
11735  -20.366  -71.296  21.203 0.0000000000
11736  -26.469  -71.964  21.682 0.0000000000
11748  -20.792  -71.475  20.531 0.0000000000
11749  -21.284  -71.463  19.780 0.0000000000
11750  -26.672  -71.927  20.978 0.0000000000
11751  -27.165  -71.684  20.787 0.0000000000
11752  -27.685  -71.100  20.685 0.0000000000
11753  -30.692  -71.305  20.515 0.0000000000
11754  -31.196  -72.165  20.295 0.0000000000
11767  -21.636  -71.532  19.057 0.0000000000
11768  -30.793  -71.832  19.480 0.0000000000
11769  -31.096  -72.365  19.824 0.0000000000
11782  -21.884  -71.700  18.254 0.0000000000
11783  -22.237  -71.234  18.124 0.0000000000
11784  -29.929  -71.194  18.053 0.0000000000
11785  -30.354  -71.638  18.490 0.0000000000
11796  -22.016  -71.829  17.745 0.0000000000
11797  -22.464  -71.386  17.451 0.0000000000
11798  -22.929  -70.827  17.176 0.0000000000
11799  -29.691  -71.493  17.476 0.0000000000
11800  -30.063  -71.694  17.929 0.0000000000
11808  -22.645  -71.778  16.480 0.0000000000
11809  -23.241  -71.041  16.581 0.0000000000
11810  -23.815  -70.741  16.281 0.0000000000
11811  -28.451  -71.464  16.246 0.0000000000
11812  -29.183  -71.481  16.747 0.0000000000
11823  -22.676  -72.063  15.987 0.0000000000
11824  -23.175  -71.767  15.895 0.0000000000
11825  -24.092  -71.247  15.749 0.0000000000
11829  -27.757  -71.359  15.792 0.0000000000
12433  -26.543  -69.911  29.395 0.0000000000
12445  -26.744  -69.982  28.288 0.0000000000
12458  -26.593  -70.392  27.429 0.0000000000
12463  -17.703  -70.657  26.209 0.0000000000
12465  -25.656  -70.890  26.007 0.0000000000
12466  -26.207  -70.559  26.426 0.0000000000
12474  -16.678  -70.773  24.799 0.0000000000
12475  -17.361  -70.363  25.437 0.0000000000
12476  -18.048  -70.163  25.960 0.0000000000
12479  -25.824  -70.401  25.726 0.0000000000
12490  -16.634  -70.804  23.976 0.0000000000
12491  -17.129  -70.159  24.442 0.0000000000
12493  -25.183  -70.956  24.556 0.0000000000
12503  -16.793  -70.905  23.454 0.0000000000
12504  -17.162  -70.276  23.380 0.0000000000
12505  -25.837  -71.071  23.690 0.0000000000
12506  -26.248  -71.436  23.171 0.0000000000
12515  -17.670  -69.942  22.657 0.0000000000
12516  -18.201  -70.238  22.056 0.0000000000
12517  -25.754  -70.467  23.270 0.0000000000
12518  -26.209  -70.964  22.621 0.0000000000
12528  -18.946  -70.314  21.645 0.0000000000
12529  -19.581  -70.364  21.423 0.0000000000
12530  -20.143  -70.445  21.202 0.0000000000
12531  -26.462  -70.970  21.466 0.0000000000
12534  -30.103  -70.635  21.023 0.0000000000
12545  -20.663  -70.525  20.719 0.0000000000
12546  -21.233  -70.616  20.128 0.0000000000
12547  -26.807  -70.797  20.609 0.0000000000
12548  -27.411  -70.754  20.404 0.0000000000
12549  -28.366  -70.675  20.545 0.0000000000
12550  -29.370  -70.478  20.366 0.0000000000
12551  -30.051  -70.641  20.224 0.0000000000
12566  -21.717  -70.651  19.315 0.0000000000
12567  -22.226  -70.364  18.677 0.0000000000
12568  -27.063  -70.267  20.016 0.0000000000
12569  -27.677  -70.167  19.781 0.0000000000
12570  -28.651  -70.087  19.483 0.0000000000
12571  -29.590  -70.446  19.574 0.0000000000
12572  -30.299  -70.932  19.579 0.0000000000
12587  -22.037  -71.043  18.602 0.0000000000
12588  -22.431  -70.712  18.102 0.0000000000
12589  -29.272  -70.198  19.032 0.0000000000
12590  -29.825  -70.685  18.709 0.0000000000
12591  -30.388  -71.215  19.043 0.0000000000
12602  -22.814  -70.499  17.577 0.0000000000
12603  -23.252  -70.370  17.120 0.0000000000
12604  -29.081  -70.228  17.211 0.0000000000
12605  -29.476  -70.591  17.786 0.0000000000
12620  -23.717  -70.318  16.654 0.0000000000
12621  -24.236  -70.359  16.213 0.0000000000
12622  -28.038  -70.130  16.032 0.0000000000
12623  -28.700  -70.467  16.535 0.0000000000
12624  -29.333  -70.806  17.079 0.0000000000
12639  -24.835  -70.470  15.736 0.0000000000
12640  -25.606  -70.573  15.524 0.0000000000
12641  -26.463  -70.516  15.510 0.0000000000
12642  -27.415  -70.474  15.704 0.0000000000
12643  -28.134  -70.760  15.961 0.0000000000
13276  -26.543  -68.695  29.531 0.0000000000
13288  -26.960  -68.936  28.459 0.0000000000
13289  -27.258  -68.465  27.929 0.0000000000
13304  -26.993  -69.548  27.550 0.0000000000
13305  -27.250  -68.830  27.507 0.0000000000
13313  -26.808  -69.704  26.616 0.0000000000
13314  -27.173  -69.212  26.954 0.0000000000
13322  -17.574  -69.628  24.839 0.0000000000
13323  -18.145  -69.408  25.385 0.0000000000
13324  -18.769  -69.043  25.884 0.0000000000
13325  -25.690  -70.018  25.283 0.0000000000
13326  -26.310  -69.756  25.640 0.0000000000
13336  -17.563  -69.297  24.068 0.0000000000
13337  -17.898  -69.116  24.687 0.0000000000
13338  -25.527  -69.779  24.595 0.0000000000
13339  -25.950  -69.566  25.052 0.0000000000
13348  -17.728  -69.351  23.162 0.0000000000
13349  -18.015  -69.000  22.923 0.0000000000
13350  -25.380  -70.163  23.781 0.0000000000
13355  -17.804  -69.531  22.767 0.0000000000
13356  -18.071  -69.345  22.506 0.0000000000
13357  -25.674  -69.794  22.909 0.0000000000
13358  -26.208  -70.145  22.112 0.0000000000
13366  -18.613  -69.475  21.803 0.0000000000
13367  -19.307  -69.572  21.378 0.0000000000
13368  -19.837  -69.867  21.192 0.0000000000
13369  -25.896  -69.326  22.129 0.0000000000
13370  -26.477  -69.735  21.314 0.0000000000
13383  -19.789  -69.331  21.092 0.0000000000
13384  -20.316  -69.617  20.834 0.0000000000
13385  -21.090  -69.687  20.356 0.0000000000
13386  -26.740  -69.714  20.287 0.0000000000
13404  -21.615  -69.882  19.806 0.0000000000
13405  -22.127  -69.698  19.165 0.0000000000
13406  -27.057  -69.585  19.576 0.0000000000
13407  -27.755  -69.511  19.081 0.0000000000
13408  -28.332  -69.659  18.886 0.0000000000
13424  -22.762  -69.691  18.130 0.0000000000
13425  -23.200  -69.090  17.813 0.0000000000
13426  -28.079  -69.296  18.311 0.0000000000
13427  -28.859  -69.852  18.657 0.0000000000
13428  -29.308  -70.226  18.679 0.0000000000
13446  -23.137  -70.018  17.520 0.0000000000
13447  -23.651  -69.470  17.181 0.0000000000
13448  -24.283  -68.906  16.896 0.0000000000
13449  -28.181  -69.267  17.366 0.0000000000
13450  -28.870  -69.805  17.800 0.0000000000
13451  -29.279  -70.207  18.323 0.0000000000
13468  -24.092  -69.889  16.561 0.0000000000
13469  -24.821  -69.451  16.283 0.0000000000
13470  -26.070  -69.111  16.132 0.0000000000
13471  -27.105  -69.085  16.400 0.0000000000
13472  -28.074  -69.506  16.528 0.0000000000
13473  -28.687  -69.746  17.034 0.0000000000
13486  -25.237  -70.041  15.697 0.0000000000
13487  -25.804  -69.832  15.662 0.0000000000
13488  -26.749  -69.717  15.766 0.0000000000
13489  -27.519  -69.717  15.986 0.0000000000
14192  -21.099  -67.877  28.868 0.0000000000
14193  -26.775  -67.984  29.011 0.0000000000
14194  -27.215  -67.951  28.245 0.0000000000
14208  -27.423  -68.068  27.438 0.0000000000
14220  -27.084  -69.162  26.522 0.0000000000
14230  -18.233  -68.866  24.843 0.0000000000
14231  -18.757  -68.426  25.089 0.0000000000
14243  -17.772  -68.871  23.999 0.0000000000
14244  -18.148  -68.565  24.147 0.0000000000
14245  -18.722  -68.053  24.403 0.0000000000
14246  -25.801  -69.176  24.331 0.0000000000
14247  -26.397  -68.706  24.739 0.0000000000
14254  -17.798  -68.915  23.743 0.0000000000
14255  -18.067  -68.737  23.323 0.0000000000
14256  -25.608  -68.980  23.732 0.0000000000
14257  -26.023  -68.006  23.817 0.0000000000
14264  -18.294  -68.651  22.732 0.0000000000
14265  -25.436  -68.616  22.642 0.0000000000
14277  -18.526  -68.740  22.115 0.0000000000
14278  -18.999  -68.710  21.559 0.0000000000
14279  -19.487  -68.361  21.253 0.0000000000
14280  -25.760  -68.381  21.535 0.0000000000
14281  -26.463  -68.914  20.787 0.0000000000
14300  -19.505  -68.926  21.216 0.0000000000
14301  -19.971  -68.691  20.868 0.0000000000
14302  -20.706  -68.767  20.431 0.0000000000
14303  -26.162  -68.223  20.650 0.0000000000
14304  -26.630  -68.677  19.960 0.0000000000
14323  -21.562  -68.749  19.745 0.0000000000
14324  -22.449  -68.792  18.954 0.0000000000
14325  -26.972  -68.805  18.916 0.0000000000
14326  -27.543  -69.123  18.648 0.0000000000
14348  -23.038  -68.682  18.301 0.0000000000
14349  -23.530  -68.622  17.782 0.0000000000
14350  -26.981  -68.521  18.176 0.0000000000
14351  -27.412  -68.878  18.340 0.0000000000
14370  -24.028  -68.536  17.359 0.0000000000
14371  -24.799  -68.350  17.022 0.0000000000
14372  -25.767  -68.067  17.196 0.0000000000
14373  -26.601  -68.260  17.564 0.0000000000
14374  -27.444  -68.776  17.662 0.0000000000
14383  -25.565  -68.625  16.605 0.0000000000
14384  -26.393  -68.513  16.751 0.0000000000
14385  -27.101  -68.576  17.021 0.0000000000
14386  -27.651  -68.920  16.956 0.0000000000
15176  -20.980  -67.732  28.184 0.0000000000
15177  -21.264  -67.356  28.452 0.0000000000
15178  -26.679  -67.248  29.469 0.0000000000
15179  -27.004  -67.140  28.700 0.0000000000
15191  -21.263  -66.919  27.683 0.0000000000
15192  -27.417  -67.008  27.723 0.0000000000
15214  -19.514  -67.761  25.376 0.0000000000
15215  -20.066  -67.163  25.590 0.0000000000
15225  -18.713  -67.861  23.919 0.0000000000
15226  -19.329  -67.461  24.399 0.0000000000
15227  -19.695  -67.220  25.003 0.0000000000
15228  -26.489  -67.276  24.113 0.0000000000
15239  -18.496  -68.061  23.195 0.0000000000
15240  -19.099  -67.419  23.388 0.0000000000
15242  -25.986  -67.352  23.613 0.0000000000
15255  -18.651  -68.127  22.337 0.0000000000
15256  -19.004  -67.541  22.532 0.0000000000
15257  -24.839  -66.940  22.076 0.0000000000
15258  -25.163  -67.601  22.275 0.0000000000
15274  -18.788  -68.299  21.899 0.0000000000
15275  -19.205  -67.790  21.716 0.0000000000
15276  -19.857  -67.794  21.032 0.0000000000
15277  -24.694  -66.750  21.771 0.0000000000
15278  -25.147  -67.182  21.566 0.0000000000
15299  -20.359  -68.068  20.610 0.0000000000
15300  -20.915  -67.824  20.188 0.0000000000
15301  -25.622  -67.453  20.758 0.0000000000
15302  -26.208  -67.794  20.133 0.0000000000
15322  -21.512  -67.605  19.828 0.0000000000
15323  -22.220  -67.820  19.430 0.0000000000
15324  -22.984  -67.447  19.162 0.0000000000
15325  -23.666  -67.159  18.982 0.0000000000
15326  -25.634  -67.196  19.776 0.0000000000
15327  -26.357  -67.882  19.334 0.0000000000
15351  -22.836  -68.103  18.826 0.0000000000
15352  -23.553  -67.892  18.368 0.0000000000
15353  -24.456  -67.273  18.535 0.0000000000
15354  -25.581  -67.340  18.736 0.0000000000
15355  -26.468  -68.004  18.423 0.0000000000
15367  -23.826  -68.206  17.789 0.0000000000
15368  -24.264  -67.914  17.751 0.0000000000
15370  -25.982  -67.689  17.876 0.0000000000
16189  -20.841  -66.186  30.464 0.0000000000
16190  -21.260  -66.226  29.641 0.0000000000
16191  -26.686  -66.905  30.648 0.0000000000
16203  -21.460  -66.325  28.810 0.0000000000
16204  -26.565  -66.595  30.026 0.0000000000
16218  -21.575  -66.343  27.961 0.0000000000
16219  -26.729  -66.383  29.230 0.0000000000
16220  -27.103  -66.213  28.422 0.0000000000
16233  -21.438  -66.278  27.163 0.0000000000
16234  -27.385  -65.980  27.693 0.0000000000
16247  -27.598  -66.215  26.864 0.0000000000
16260  -20.498  -66.450  25.488 0.0000000000
16261  -20.839  -65.967  25.554 0.0000000000
16262  -27.573  -66.373  25.784 0.0000000000
16271  -19.665  -66.953  24.193 0.0000000000
16272  -20.046  -66.644  24.521 0.0000000000
16273  -26.592  -66.249  23.985 0.0000000000
16274  -27.194  -66.401  24.692 0.0000000000
16285  -19.677  -66.833  23.626 0.0000000000
16286  -20.231  -66.285  23.517 0.0000000000
16287  -24.592  -66.108  22.693 0.0000000000
16288  -25.128  -66.300  23.036 0.0000000000
16289  -25.925  -66.540  23.501 0.0000000000
16304  -19.528  -66.984  22.621 0.0000000000
16305  -20.066  -66.384  22.670 0.0000000000
16306  -23.735  -66.049  21.593 0.0000000000
16307  -24.308  -66.343  22.127 0.0000000000
16308  -24.914  -66.796  22.556 0.0000000000
16322  -19.421  -67.231  22.067 0.0000000000
16323  -20.051  -66.762  21.474 0.0000000000
16324  -20.719  -66.345  21.102 0.0000000000
16325  -23.636  -66.163  20.863 0.0000000000
16326  -24.516  -66.532  21.224 0.0000000000
16327  -25.140  -66.910  21.028 0.0000000000
16345  -20.422  -67.348  20.651 0.0000000000
16346  -21.297  -66.650  20.399 0.0000000000
16347  -22.554  -66.435  20.166 0.0000000000
16348  -23.467  -66.361  20.124 0.0000000000
16349  -24.324  -66.403  20.268 0.0000000000
16350  -25.103  -66.730  20.464 0.0000000000
16367  -21.800  -67.195  19.756 0.0000000000
16368  -22.303  -66.964  19.651 0.0000000000
16369  -23.193  -66.794  19.569 0.0000000000
16370  -24.154  -66.650  19.404 0.0000000000
16371  -24.959  -66.625  19.672 0.0000000000
16384  -24.936  -66.767  19.040 0.0000000000
16385  -25.302  -66.916  19.289 0.0000000000
17151  -26.148  -65.003  33.504 0.0000000000
17152  -26.369  -65.612  33.667 0.0000000000
17164  -26.713  -65.685  32.827 0.0000000000
17174  -26.825  -65.744  31.879 0.0000000000
17184  -21.070  -65.344  29.923 0.0000000000
17185  -26.639  -65.945  30.834 0.0000000000
17192  -21.411  -65.373  29.144 0.0000000000
17193  -26.590  -65.632  29.865 0.0000000000
17205  -21.739  -65.360  28.224 0.0000000000
17206  -22.084  -64.946  27.568 0.0000000000
17207  -26.807  -65.428  28.965 0.0000000000
17208  -27.140  -65.299  28.136 0.0000000000
17224  -21.849  -65.573  27.404 0.0000000000
17225  -22.337  -64.949  26.953 0.0000000000
17226  -27.425  -65.146  27.239 0.0000000000
17241  -21.787  -65.461  26.483 0.0000000000
17242  -22.407  -64.795  26.259 0.0000000000
17243  -27.599  -65.339  26.194 0.0000000000
17258  -20.769  -65.875  24.879 0.0000000000
17259  -21.421  -65.479  25.442 0.0000000000
17260  -22.155  -64.977  25.713 0.0000000000
17261  -27.438  -65.477  25.288 0.0000000000
17270  -20.700  -65.798  23.875 0.0000000000
17271  -21.484  -65.314  24.259 0.0000000000
17273  -26.753  -65.492  24.303 0.0000000000
17274  -27.174  -65.367  24.745 0.0000000000
17284  -20.678  -65.857  22.881 0.0000000000
17285  -21.460  -65.454  23.151 0.0000000000
17288  -24.526  -65.430  23.136 0.0000000000
17289  -25.395  -65.508  23.409 0.0000000000
17290  -26.173  -65.540  23.766 0.0000000000
17306  -20.552  -66.027  21.948 0.0000000000
17307  -21.266  -65.637  22.149 0.0000000000
17308  -22.226  -65.514  22.323 0.0000000000
17309  -23.359  -65.590  22.348 0.0000000000
17310  -24.096  -65.697  22.646 0.0000000000
17323  -20.597  -66.250  21.443 0.0000000000
17324  -21.083  -65.996  21.292 0.0000000000
17325  -21.857  -65.747  21.450 0.0000000000
17326  -22.858  -65.756  21.386 0.0000000000
17344  -21.581  -66.025  20.931 0.0000000000
17345  -22.167  -65.996  20.759 0.0000000000
17346  -22.938  -66.077  20.631 0.0000000000
18116  -25.954  -64.435  33.263 0.0000000000
18117  -26.330  -65.062  33.155 0.0000000000
18130  -25.927  -64.168  32.681 0.0000000000
18131  -26.309  -64.727  32.378 0.0000000000
18139  -19.990  -64.535  31.482 0.0000000000
18140  -26.445  -65.030  31.416 0.0000000000
18149  -20.441  -64.511  30.837 0.0000000000
18150  -20.845  -64.510  30.180 0.0000000000
18151  -26.470  -64.820  30.569 0.0000000000
18159  -21.261  -64.494  29.522 0.0000000000
18160  -26.643  -64.604  29.603 0.0000000000
18168  -21.623  -64.414  28.687 0.0000000000
18169  -21.968  -64.394  27.904 0.0000000000
18170  -26.863  -64.395  28.581 0.0000000000
18171  -27.143  -64.606  27.840 0.0000000000
18183  -22.337  -64.303  27.294 0.0000000000
18184  -26.988  -63.983  27.893 0.0000000000
18185  -27.335  -64.187  27.328 0.0000000000
18198  -22.766  -64.176  26.506 0.0000000000
18199  -23.344  -63.828  25.886 0.0000000000
18200  -27.517  -64.395  26.535 0.0000000000
18216  -22.927  -64.444  25.541 0.0000000000
18217  -23.918  -63.848  25.160 0.0000000000
18218  -24.609  -63.804  24.706 0.0000000000
18219  -26.933  -63.869  25.126 0.0000000000
18220  -27.370  -64.465  25.520 0.0000000000
18232  -23.313  -64.492  24.327 0.0000000000
18233  -24.299  -64.267  24.310 0.0000000000
18234  -25.151  -64.111  24.346 0.0000000000
18235  -26.005  -64.162  24.358 0.0000000000
18236  -26.832  -64.563  24.689 0.0000000000
18237  -27.282  -64.950  25.011 0.0000000000
18251  -23.360  -64.787  23.603 0.0000000000
18252  -23.982  -64.729  23.642 0.0000000000
18253  -24.848  -64.720  23.692 0.0000000000
18254  -25.683  -64.754  23.847 0.0000000000
18255  -26.315  -64.880  24.151 0.0000000000
19017  -19.578  -63.734  31.967 0.0000000000
19018  -20.145  -63.683  31.201 0.0000000000
19020  -26.111  -63.932  31.405 0.0000000000
19028  -20.622  -63.602  30.440 0.0000000000
19030  -26.358  -63.810  30.267 0.0000000000
19043  -21.321  -63.437  29.172 0.0000000000
19044  -26.585  -63.565  29.302 0.0000000000
19057  -21.804  -63.353  28.024 0.0000000000
19058  -22.157  -63.860  27.598 0.0000000000
19059  -26.857  -63.242  28.329 0.0000000000
19075  -22.060  -62.806  27.508 0.0000000000
19076  -22.372  -63.312  27.095 0.0000000000
19077  -27.116  -63.431  27.486 0.0000000000
19078  -27.338  -63.636  26.815 0.0000000000
19088  -23.038  -63.227  26.265 0.0000000000
19089  -23.674  -63.174  25.698 0.0000000000
19090  -26.992  -63.112  25.884 0.0000000000
19091  -27.364  -63.700  26.101 0.0000000000
19105  -24.141  -63.194  25.400 0.0000000000
19106  -24.707  -63.187  25.062 0.0000000000
19107  -25.255  -62.836  25.039 0.0000000000
19108  -26.690  -63.273  25.326 0.0000000000
19109  -27.118  -63.657  25.563 0.0000000000
19122  -25.008  -63.604  24.689 0.0000000000
19123  -25.548  -63.350  24.737 0.0000000000
19124  -26.347  -63.565  24.813 0.0000000000
19995  -19.457  -62.903  32.618 0.0000000000
20006  -19.595  -62.854  32.000 0.0000000000
20007  -19.864  -62.916  31.534 0.0000000000
20009  -26.070  -63.104  30.735 0.0000000000
20018  -25.908  -62.270  30.506 0.0000000000
20019  -26.243  -62.880  29.934 0.0000000000
20038  -26.089  -62.083  29.684 0.0000000000
20039  -26.426  -62.503  29.016 0.0000000000
20057  -21.489  -62.232  28.654 0.0000000000
20058  -26.562  -62.414  28.284 0.0000000000
20072  -21.891  -62.247  27.786 0.0000000000
20073  -22.305  -62.272  27.183 0.0000000000
20074  -26.776  -62.585  27.509 0.0000000000
20075  -27.118  -63.037  26.954 0.0000000000
20079  -22.746  -62.367  26.528 0.0000000000
20080  -23.406  -62.396  25.975 0.0000000000
20081  -26.767  -62.561  26.485 0.0000000000
20082  -27.155  -63.187  26.440 0.0000000000
20090  -24.156  -62.491  25.504 0.0000000000
20091  -24.969  -62.332  25.291 0.0000000000
20092  -25.748  -62.564  25.211 0.0000000000
20093  -26.430  -62.574  25.609 0.0000000000
20104  -26.024  -63.022  24.813 0.0000000000
20105  -26.277  -62.947  25.070 0.0000000000
21017  -25.841  -61.357  30.005 0.0000000000
21037  -25.946  -61.484  28.842 0.0000000000
21038  -26.334  -62.025  28.542 0.0000000000
21052  -21.522  -61.195  28.697 0.0000000000
21053  -25.977  -61.220  28.100 0.0000000000
21054  -26.337  -61.773  27.977 0.0000000000
21067  -21.794  -61.373  28.049 0.0000000000
21068  -22.176  -61.417  27.411 0.0000000000
21069  -25.952  -61.178  27.490 0.0000000000
21070  -26.387  -61.810  27.019 0.0000000000
21077  -22.572  -61.455  26.751 0.0000000000
21078  -23.118  -61.526  26.197 0.0000000000
21079  -25.792  -61.264  26.637 0.0000000000
21080  -26.199  -61.882  26.116 0.0000000000
21086  -23.798  -61.601  25.797 0.0000000000
21087  -24.493  -61.634  25.567 0.0000000000
21088  -25.372  -61.526  25.769 0.0000000000
21089  -25.957  -62.100  25.631 0.0000000000
22026  -25.815  -60.524  30.516 0.0000000000
22053  -25.666  -60.256  29.299 0.0000000000
22072  -21.852  -60.329  28.193 0.0000000000
22073  -22.307  -59.764  27.805 0.0000000000
22074  -25.677  -60.515  28.103 0.0000000000
22086  -22.066  -60.848  27.667 0.0000000000
22087  -22.632  -60.332  27.143 0.0000000000
22088  -23.386  -59.915  26.759 0.0000000000
22089  -24.930  -60.142  26.918 0.0000000000
22090  -25.529  -60.567  27.152 0.0000000000
22097  -22.878  -60.908  26.428 0.0000000000
22098  -23.691  -60.572  26.226 0.0000000000
22099  -24.637  -60.513  26.310 0.0000000000
22100  -25.240  -60.768  26.420 0.0000000000
22109  -24.121  -61.155  25.782 0.0000000000
22110  -24.567  -60.978  25.851 0.0000000000
22111  -24.989  -60.879  26.011 0.0000000000
23043  -25.780  -59.322  30.060 0.0000000000
23073  -25.436  -59.345  29.217 0.0000000000
23096  -21.600  -59.520  29.004 0.0000000000
23097  -22.146  -59.267  28.300 0.0000000000
23112  -22.705  -59.213  27.702 0.0000000000
23113  -23.471  -59.357  27.272 0.0000000000
23114  -24.476  -59.297  27.488 0.0000000000
23115  -25.253  -59.872  27.551 0.0000000000
23126  -23.874  -59.712  26.764 0.0000000000
23127  -24.338  -59.972  26.665 0.0000000000
24085  -21.484  -58.682  29.830 0.0000000000
24086  -22.138  -58.070  29.180 0.0000000000
24088  -25.199  -58.515  29.117 0.0000000000
24105  -21.923  -58.701  28.883 0.0000000000
24106  -22.703  -58.239  28.414 0.0000000000
24107  -23.619  -58.217  28.137 0.0000000000
24109  -24.930  -58.808  28.624 0.0000000000
24123  -23.284  -58.665  27.746 0.0000000000
24124  -23.983  -58.699  27.657 0.0000000000
25068  -21.847  -57.807  30.671 0.0000000000
25069  -22.422  -57.025  30.254 0.0000000000
25095  -22.036  -57.693  29.778 0.0000000000
25096  -22.818  -57.261  29.197 0.0000000000
25120  -22.903  -57.698  28.702 0.0000000000
25121  -23.269  -57.701  28.602 0.0000000000
25122  -23.965  -57.852  28.537 0.0000000000
