#!ascii label  , from subject sub-CSI3 vox2ras=TkReg
701
26594  -17.174  -56.667  -0.229 0.0000000000
29672  -17.079  -53.654  3.430 0.0000000000
29687  -17.754  -54.070  2.724 0.0000000000
29701  -18.444  -53.581  1.196 0.0000000000
29714  -18.879  -53.402  0.472 0.0000000000
29715  -19.354  -53.282  0.029 0.0000000000
30719  -16.567  -51.217  3.906 0.0000000000
30720  -17.065  -51.620  4.061 0.0000000000
30721  -17.912  -52.084  4.077 0.0000000000
30722  -18.687  -52.316  3.916 0.0000000000
30741  -18.270  -52.842  3.238 0.0000000000
30742  -19.112  -52.527  3.169 0.0000000000
30743  -19.605  -52.270  2.844 0.0000000000
30757  -18.586  -52.907  2.197 0.0000000000
30787  -19.308  -52.424  0.176 0.0000000000
30800  -19.939  -52.325  -0.053 0.0000000000
31777  -16.598  -50.642  4.121 0.0000000000
31778  -17.491  -51.100  4.394 0.0000000000
31779  -18.416  -51.545  4.448 0.0000000000
31780  -19.484  -51.970  4.059 0.0000000000
31781  -20.143  -51.682  3.861 0.0000000000
31794  -14.412  -50.941  3.133 0.0000000000
31795  -15.413  -50.955  3.530 0.0000000000
31796  -16.152  -50.916  3.785 0.0000000000
31797  -19.622  -52.237  3.345 0.0000000000
31798  -20.132  -51.941  3.146 0.0000000000
31831  -18.743  -52.014  0.936 0.0000000000
31832  -19.223  -51.347  1.149 0.0000000000
32834  -19.229  -50.686  5.438 0.0000000000
32835  -20.279  -50.626  5.452 0.0000000000
32836  -21.170  -50.267  5.498 0.0000000000
32853  -16.931  -50.450  4.777 0.0000000000
32854  -17.863  -50.783  4.863 0.0000000000
32855  -18.908  -50.982  4.800 0.0000000000
32856  -20.180  -51.142  4.443 0.0000000000
32857  -21.128  -50.344  4.407 0.0000000000
32871  -13.809  -50.458  3.387 0.0000000000
32872  -14.660  -50.298  3.653 0.0000000000
32873  -15.638  -50.340  3.944 0.0000000000
32874  -20.533  -51.431  3.542 0.0000000000
32905  -19.336  -50.467  0.867 0.0000000000
33889  -22.375  -49.479  9.508 0.0000000000
33890  -23.102  -49.188  9.310 0.0000000000
33906  -22.937  -49.721  9.014 0.0000000000
33907  -23.438  -49.292  8.626 0.0000000000
33928  -23.801  -48.964  7.810 0.0000000000
33945  -23.104  -49.453  6.501 0.0000000000
33946  -23.598  -49.268  7.124 0.0000000000
33967  -21.712  -49.299  4.437 0.0000000000
33968  -22.253  -48.890  4.924 0.0000000000
34009  -18.849  -48.406  0.837 0.0000000000
34010  -19.090  -49.376  0.885 0.0000000000
34950  -21.785  -48.550  9.867 0.0000000000
34951  -22.720  -48.537  9.658 0.0000000000
34952  -23.498  -48.492  9.181 0.0000000000
34953  -23.925  -48.226  8.890 0.0000000000
34970  -23.882  -48.614  8.501 0.0000000000
34971  -24.296  -48.100  8.541 0.0000000000
34990  -24.264  -48.478  7.914 0.0000000000
34991  -24.651  -47.967  7.823 0.0000000000
35007  -23.605  -48.860  6.603 0.0000000000
35008  -24.242  -48.300  6.906 0.0000000000
35009  -24.739  -47.696  7.254 0.0000000000
35017  -23.419  -48.285  5.904 0.0000000000
35018  -24.008  -47.902  6.161 0.0000000000
35033  -21.938  -48.084  4.225 0.0000000000
35034  -22.632  -48.110  4.942 0.0000000000
35046  -21.352  -48.112  3.346 0.0000000000
35059  -18.551  -47.301  2.258 0.0000000000
35060  -18.841  -47.700  2.219 0.0000000000
35062  -20.539  -48.210  2.550 0.0000000000
35074  -18.649  -47.581  1.383 0.0000000000
35075  -18.964  -48.357  1.397 0.0000000000
35091  -18.826  -47.779  0.809 0.0000000000
35951  -21.110  -47.567  9.912 0.0000000000
35952  -22.091  -47.605  9.779 0.0000000000
35953  -23.084  -47.643  9.674 0.0000000000
35954  -24.012  -47.648  9.261 0.0000000000
35973  -24.794  -47.387  8.630 0.0000000000
35974  -25.283  -46.885  8.253 0.0000000000
35992  -25.095  -47.376  7.681 0.0000000000
35993  -25.396  -46.702  7.553 0.0000000000
36006  -24.320  -47.561  6.297 0.0000000000
36007  -24.955  -47.064  6.693 0.0000000000
36008  -25.394  -46.541  7.051 0.0000000000
36015  -22.974  -47.020  5.002 0.0000000000
36016  -23.849  -47.238  5.769 0.0000000000
36017  -24.388  -47.095  6.114 0.0000000000
36033  -21.148  -47.051  3.720 0.0000000000
36034  -22.030  -47.074  4.372 0.0000000000
36045  -19.360  -46.574  2.380 0.0000000000
36046  -20.166  -47.001  2.964 0.0000000000
36060  -18.442  -47.064  1.653 0.0000000000
36062  -18.836  -46.947  2.174 0.0000000000
36063  -19.591  -47.366  2.459 0.0000000000
36078  -18.539  -47.137  1.310 0.0000000000
36094  -18.656  -47.258  1.052 0.0000000000
36928  -21.358  -46.630  9.692 0.0000000000
36929  -22.393  -46.648  9.795 0.0000000000
36930  -23.460  -46.671  9.777 0.0000000000
36931  -24.540  -46.583  9.510 0.0000000000
36932  -25.226  -46.090  9.329 0.0000000000
36952  -18.916  -46.084  8.855 0.0000000000
36954  -25.153  -46.653  8.889 0.0000000000
36955  -25.599  -46.019  8.415 0.0000000000
36975  -25.629  -46.019  7.344 0.0000000000
36986  -24.938  -45.913  6.359 0.0000000000
36987  -25.358  -46.207  6.798 0.0000000000
36998  -22.755  -46.003  4.931 0.0000000000
36999  -23.360  -46.241  5.420 0.0000000000
37000  -24.226  -46.351  5.931 0.0000000000
37016  -21.281  -46.089  3.949 0.0000000000
37017  -22.130  -46.109  4.528 0.0000000000
37026  -19.607  -45.822  2.488 0.0000000000
37039  -18.476  -46.788  1.625 0.0000000000
37056  -18.504  -46.915  1.332 0.0000000000
37072  -18.368  -47.044  0.919 0.0000000000
37887  -20.499  -45.684  9.345 0.0000000000
37888  -21.641  -45.654  9.608 0.0000000000
37889  -22.698  -45.630  9.842 0.0000000000
37890  -23.793  -45.614  9.998 0.0000000000
37891  -24.787  -45.500  9.866 0.0000000000
37892  -25.508  -45.284  9.360 0.0000000000
37904  -17.974  -45.520  8.154 0.0000000000
37905  -18.504  -45.260  8.375 0.0000000000
37906  -19.540  -45.591  9.029 0.0000000000
37907  -20.018  -45.341  9.176 0.0000000000
37908  -25.903  -44.984  8.647 0.0000000000
37923  -17.997  -45.248  7.972 0.0000000000
37924  -26.008  -45.116  7.718 0.0000000000
37925  -26.256  -44.589  7.467 0.0000000000
37938  -24.989  -45.112  6.238 0.0000000000
37939  -25.617  -45.301  6.738 0.0000000000
37940  -26.169  -44.760  7.064 0.0000000000
37951  -23.012  -45.396  5.062 0.0000000000
37952  -23.682  -45.462  5.438 0.0000000000
37953  -24.424  -45.311  5.812 0.0000000000
37968  -21.514  -45.220  4.202 0.0000000000
37969  -22.347  -45.277  4.612 0.0000000000
37981  -19.734  -44.848  2.665 0.0000000000
37982  -20.629  -45.100  3.549 0.0000000000
37995  -18.912  -44.176  1.956 0.0000000000
37996  -19.361  -44.690  2.065 0.0000000000
38894  -24.752  -43.918  10.260 0.0000000000
38895  -25.361  -43.866  10.039 0.0000000000
38896  -25.702  -43.756  9.863 0.0000000000
38914  -20.967  -44.729  9.365 0.0000000000
38915  -21.943  -44.622  9.569 0.0000000000
38916  -22.978  -44.525  9.822 0.0000000000
38917  -24.111  -44.447  10.241 0.0000000000
38918  -25.138  -44.588  9.988 0.0000000000
38919  -25.950  -44.206  9.450 0.0000000000
38920  -26.354  -43.741  9.265 0.0000000000
38930  -18.598  -44.386  8.109 0.0000000000
38931  -19.229  -44.533  8.580 0.0000000000
38932  -20.053  -44.760  9.088 0.0000000000
38933  -26.223  -44.461  8.655 0.0000000000
38934  -26.489  -43.949  8.857 0.0000000000
38945  -17.992  -44.677  7.715 0.0000000000
38946  -26.150  -44.725  8.251 0.0000000000
38947  -26.424  -44.251  8.001 0.0000000000
38962  -25.319  -44.632  6.335 0.0000000000
38963  -25.921  -44.282  6.602 0.0000000000
38964  -26.354  -44.146  7.187 0.0000000000
38978  -23.315  -44.873  5.108 0.0000000000
38979  -23.867  -44.542  5.345 0.0000000000
38980  -24.751  -44.377  5.876 0.0000000000
38981  -25.368  -44.029  6.201 0.0000000000
38997  -21.871  -44.431  4.351 0.0000000000
38998  -22.762  -44.508  4.764 0.0000000000
38999  -23.307  -44.417  5.034 0.0000000000
39012  -21.121  -44.332  3.799 0.0000000000
39027  -18.930  -43.732  2.023 0.0000000000
39953  -24.142  -43.323  10.412 0.0000000000
39954  -24.978  -43.289  10.489 0.0000000000
39955  -25.583  -43.354  10.168 0.0000000000
39973  -20.479  -43.965  9.198 0.0000000000
39974  -21.205  -43.726  9.350 0.0000000000
39975  -22.113  -43.505  9.550 0.0000000000
39976  -23.085  -43.287  10.117 0.0000000000
39977  -25.908  -43.552  9.825 0.0000000000
39978  -26.239  -43.396  9.567 0.0000000000
39992  -18.327  -43.753  7.783 0.0000000000
39993  -18.907  -43.652  8.259 0.0000000000
39994  -19.796  -43.560  8.684 0.0000000000
39995  -26.589  -43.292  9.124 0.0000000000
40008  -26.680  -43.330  8.381 0.0000000000
40028  -26.357  -43.413  6.772 0.0000000000
40029  -26.638  -43.332  7.516 0.0000000000
40046  -24.265  -43.564  5.403 0.0000000000
40047  -25.107  -43.395  5.838 0.0000000000
40048  -25.816  -43.429  6.284 0.0000000000
40062  -21.571  -43.873  3.977 0.0000000000
40063  -22.244  -43.414  4.206 0.0000000000
40064  -23.380  -43.721  4.880 0.0000000000
40074  -21.115  -43.201  3.353 0.0000000000
40075  -21.803  -42.773  3.672 0.0000000000
41030  -23.566  -42.408  10.378 0.0000000000
41031  -24.442  -42.485  10.485 0.0000000000
41032  -25.368  -42.528  10.386 0.0000000000
41033  -26.054  -42.286  10.217 0.0000000000
41046  -20.556  -43.178  9.047 0.0000000000
41047  -21.186  -42.455  9.200 0.0000000000
41048  -22.206  -42.427  9.649 0.0000000000
41049  -22.830  -42.196  10.085 0.0000000000
41050  -26.015  -42.976  10.053 0.0000000000
41051  -26.571  -42.517  9.661 0.0000000000
41052  -27.160  -42.108  9.329 0.0000000000
41065  -18.539  -43.155  8.062 0.0000000000
41066  -19.044  -42.524  8.214 0.0000000000
41067  -20.230  -42.332  8.596 0.0000000000
41068  -20.732  -41.830  8.720 0.0000000000
41069  -26.957  -42.654  8.878 0.0000000000
41070  -27.381  -41.978  8.733 0.0000000000
41082  -18.558  -42.079  7.721 0.0000000000
41083  -27.084  -42.480  7.976 0.0000000000
41084  -27.450  -41.640  8.048 0.0000000000
41102  -26.275  -42.827  6.416 0.0000000000
41103  -26.874  -42.292  6.890 0.0000000000
41104  -27.274  -41.932  7.536 0.0000000000
41119  -23.961  -42.955  4.956 0.0000000000
41120  -24.711  -42.378  5.330 0.0000000000
41121  -25.783  -42.520  5.972 0.0000000000
41122  -26.368  -42.358  6.332 0.0000000000
41135  -22.380  -42.156  3.706 0.0000000000
41136  -23.363  -42.546  4.407 0.0000000000
41137  -24.087  -42.431  4.773 0.0000000000
41147  -20.491  -41.728  2.699 0.0000000000
41148  -21.496  -42.226  3.330 0.0000000000
42014  -23.906  -41.721  10.520 0.0000000000
42015  -24.701  -41.628  10.466 0.0000000000
42016  -25.629  -41.620  10.380 0.0000000000
42017  -26.410  -41.653  10.156 0.0000000000
42029  -21.706  -41.649  9.329 0.0000000000
42030  -22.410  -41.452  9.707 0.0000000000
42031  -23.164  -41.374  10.267 0.0000000000
42032  -26.979  -41.643  9.742 0.0000000000
42033  -27.330  -41.461  9.277 0.0000000000
42044  -19.664  -41.496  8.172 0.0000000000
42045  -20.388  -41.366  8.459 0.0000000000
42046  -21.039  -41.230  8.839 0.0000000000
42047  -27.544  -41.174  8.695 0.0000000000
42058  -18.935  -41.511  7.716 0.0000000000
42059  -27.645  -40.926  8.095 0.0000000000
42079  -27.109  -41.036  6.537 0.0000000000
42080  -27.475  -41.213  7.368 0.0000000000
42095  -24.783  -40.991  5.290 0.0000000000
42096  -25.628  -41.402  5.682 0.0000000000
42097  -26.410  -41.702  6.189 0.0000000000
42111  -22.505  -41.421  3.567 0.0000000000
42112  -23.218  -41.207  3.927 0.0000000000
42113  -24.145  -41.685  4.626 0.0000000000
42124  -20.910  -40.738  2.550 0.0000000000
42125  -21.808  -41.211  3.183 0.0000000000
42126  -22.563  -41.035  3.502 0.0000000000
42140  -20.090  -40.813  2.427 0.0000000000
42954  -23.307  -39.963  10.389 0.0000000000
42955  -23.794  -40.676  10.536 0.0000000000
42956  -25.085  -40.785  10.649 0.0000000000
42957  -26.093  -40.845  10.533 0.0000000000
42958  -26.834  -40.853  10.067 0.0000000000
42959  -27.223  -40.680  9.802 0.0000000000
42979  -21.751  -40.717  9.283 0.0000000000
42980  -22.701  -40.328  10.014 0.0000000000
42981  -23.196  -40.794  10.295 0.0000000000
42982  -27.151  -41.053  9.634 0.0000000000
42983  -27.493  -40.637  9.385 0.0000000000
42992  -19.944  -40.791  8.226 0.0000000000
42993  -20.434  -40.480  8.435 0.0000000000
42994  -20.997  -40.076  8.774 0.0000000000
42995  -27.791  -40.300  8.645 0.0000000000
43002  -18.613  -40.772  7.536 0.0000000000
43003  -19.344  -40.545  7.772 0.0000000000
43004  -27.727  -40.207  7.839 0.0000000000
43023  -27.109  -40.088  6.426 0.0000000000
43024  -27.446  -40.209  7.050 0.0000000000
43042  -25.050  -40.065  4.990 0.0000000000
43043  -25.617  -40.294  5.422 0.0000000000
43044  -26.462  -40.483  5.939 0.0000000000
43058  -23.585  -40.042  3.889 0.0000000000
43059  -24.297  -40.360  4.500 0.0000000000
43071  -21.091  -40.381  2.354 0.0000000000
43072  -21.683  -40.123  2.596 0.0000000000
43073  -22.642  -40.248  3.458 0.0000000000
43087  -20.763  -40.282  2.119 0.0000000000
43088  -21.518  -39.773  2.235 0.0000000000
43972  -22.985  -39.319  10.401 0.0000000000
43973  -23.732  -39.530  10.718 0.0000000000
43974  -24.606  -39.872  11.040 0.0000000000
43976  -26.723  -40.005  10.688 0.0000000000
43977  -27.351  -40.127  10.075 0.0000000000
43999  -21.655  -39.496  9.243 0.0000000000
44000  -22.332  -39.066  9.840 0.0000000000
44001  -27.852  -39.544  9.463 0.0000000000
44002  -28.168  -38.854  9.162 0.0000000000
44009  -19.847  -40.043  8.090 0.0000000000
44010  -20.334  -39.305  8.095 0.0000000000
44011  -21.016  -39.175  8.588 0.0000000000
44012  -28.079  -39.193  8.458 0.0000000000
44013  -28.245  -38.598  8.848 0.0000000000
44018  -18.716  -39.933  7.478 0.0000000000
44019  -19.432  -39.211  7.368 0.0000000000
44020  -19.977  -38.773  7.560 0.0000000000
44021  -27.678  -39.296  7.522 0.0000000000
44038  -18.419  -39.139  6.843 0.0000000000
44039  -18.884  -38.690  6.925 0.0000000000
44040  -26.726  -39.351  6.215 0.0000000000
44041  -27.255  -39.303  6.812 0.0000000000
44058  -24.791  -39.265  4.849 0.0000000000
44059  -25.447  -39.366  5.275 0.0000000000
44060  -26.110  -39.429  5.659 0.0000000000
44069  -23.371  -39.153  3.585 0.0000000000
44070  -24.117  -39.195  4.240 0.0000000000
44083  -22.050  -39.173  2.397 0.0000000000
44084  -22.567  -39.145  2.996 0.0000000000
45077  -23.490  -37.988  11.197 0.0000000000
45078  -23.934  -38.077  11.312 0.0000000000
45079  -24.804  -38.182  11.388 0.0000000000
45080  -25.785  -38.258  11.412 0.0000000000
45081  -26.689  -38.255  11.261 0.0000000000
45096  -22.633  -38.449  10.389 0.0000000000
45097  -23.373  -38.484  10.931 0.0000000000
45098  -24.239  -38.906  11.239 0.0000000000
45099  -25.233  -39.057  11.240 0.0000000000
45100  -26.289  -39.066  11.046 0.0000000000
45101  -27.482  -38.765  10.532 0.0000000000
45102  -28.213  -38.064  10.039 0.0000000000
45122  -21.722  -38.502  9.426 0.0000000000
45123  -22.107  -38.309  9.941 0.0000000000
45124  -28.068  -38.703  9.733 0.0000000000
45125  -28.333  -38.138  9.263 0.0000000000
45132  -20.727  -38.441  8.239 0.0000000000
45133  -21.276  -38.527  8.782 0.0000000000
45134  -27.890  -38.364  7.827 0.0000000000
45135  -28.228  -38.153  8.503 0.0000000000
45139  -19.638  -38.206  7.400 0.0000000000
45140  -20.205  -38.298  7.743 0.0000000000
45141  -27.442  -38.448  7.171 0.0000000000
45156  -17.856  -38.366  6.273 0.0000000000
45157  -18.555  -38.223  6.583 0.0000000000
45158  -19.065  -38.179  6.992 0.0000000000
45159  -25.706  -38.069  5.632 0.0000000000
45160  -26.311  -38.442  5.969 0.0000000000
45161  -26.975  -38.453  6.536 0.0000000000
45175  -24.573  -38.248  4.709 0.0000000000
45176  -25.255  -38.521  5.232 0.0000000000
45177  -25.765  -38.728  5.566 0.0000000000
45186  -23.005  -38.160  3.459 0.0000000000
45187  -23.770  -38.230  4.056 0.0000000000
45201  -22.113  -38.360  2.214 0.0000000000
45202  -22.408  -38.176  2.814 0.0000000000
46195  -23.099  -37.131  11.233 0.0000000000
46196  -23.479  -37.449  11.297 0.0000000000
46197  -24.360  -37.363  11.444 0.0000000000
46198  -25.338  -37.403  11.520 0.0000000000
46199  -26.337  -37.477  11.564 0.0000000000
46200  -27.339  -37.538  11.307 0.0000000000
46213  -22.864  -37.614  10.899 0.0000000000
46214  -23.261  -37.899  11.129 0.0000000000
46215  -28.286  -37.318  10.708 0.0000000000
46216  -28.599  -37.236  9.681 0.0000000000
46234  -21.755  -37.626  9.743 0.0000000000
46235  -22.305  -37.813  10.263 0.0000000000
46236  -28.581  -37.274  8.718 0.0000000000
46244  -20.933  -37.608  8.503 0.0000000000
46245  -21.343  -37.894  9.118 0.0000000000
46246  -27.685  -37.752  7.366 0.0000000000
46247  -28.173  -37.365  7.828 0.0000000000
46251  -19.932  -37.328  7.431 0.0000000000
46252  -20.473  -37.706  7.932 0.0000000000
46253  -27.349  -37.701  6.777 0.0000000000
46268  -18.148  -37.629  6.200 0.0000000000
46269  -18.747  -37.277  6.481 0.0000000000
46270  -19.368  -37.478  6.992 0.0000000000
46271  -25.853  -37.788  5.397 0.0000000000
46272  -26.261  -37.761  5.643 0.0000000000
46273  -26.970  -37.698  6.011 0.0000000000
46274  -27.829  -37.325  6.125 0.0000000000
46280  -18.126  -36.904  5.932 0.0000000000
46283  -26.179  -37.639  5.019 0.0000000000
46284  -26.927  -37.615  5.144 0.0000000000
46285  -27.725  -37.454  5.252 0.0000000000
46291  -23.449  -37.524  3.704 0.0000000000
46293  -25.099  -37.563  4.169 0.0000000000
46294  -25.961  -37.613  4.234 0.0000000000
46295  -26.801  -37.607  4.320 0.0000000000
46296  -27.588  -37.492  4.378 0.0000000000
46310  -22.307  -37.464  2.405 0.0000000000
46311  -22.753  -37.213  3.174 0.0000000000
46312  -23.701  -36.880  3.227 0.0000000000
46313  -24.704  -37.293  3.259 0.0000000000
46314  -25.646  -37.506  3.313 0.0000000000
46315  -26.635  -37.507  3.337 0.0000000000
46316  -27.349  -37.468  3.690 0.0000000000
46333  -23.813  -36.666  2.656 0.0000000000
46334  -24.329  -36.696  2.446 0.0000000000
46335  -25.291  -37.053  2.348 0.0000000000
46336  -26.131  -37.343  2.585 0.0000000000
46352  -24.423  -36.490  1.916 0.0000000000
46353  -24.762  -36.528  1.907 0.0000000000
47270  -23.299  -36.909  11.323 0.0000000000
47271  -23.791  -36.537  11.416 0.0000000000
47272  -24.888  -36.525  11.546 0.0000000000
47273  -25.879  -36.610  11.563 0.0000000000
47274  -26.843  -36.652  11.558 0.0000000000
47275  -27.855  -36.466  11.441 0.0000000000
47292  -22.109  -36.011  10.611 0.0000000000
47293  -22.973  -36.514  11.124 0.0000000000
47294  -23.426  -36.272  11.308 0.0000000000
47295  -28.496  -36.273  10.879 0.0000000000
47296  -28.842  -36.336  10.106 0.0000000000
47311  -21.069  -36.191  9.280 0.0000000000
47312  -21.629  -36.605  9.856 0.0000000000
47313  -22.233  -37.040  10.422 0.0000000000
47323  -20.807  -36.729  8.693 0.0000000000
47324  -21.280  -37.111  9.148 0.0000000000
47334  -19.970  -36.364  7.373 0.0000000000
47335  -20.354  -36.806  8.037 0.0000000000
47337  -29.532  -36.329  7.140 0.0000000000
47350  -18.420  -36.045  6.142 0.0000000000
47351  -19.380  -36.404  6.775 0.0000000000
47352  -28.614  -36.926  6.203 0.0000000000
47353  -29.355  -36.449  6.262 0.0000000000
47361  -28.481  -37.031  5.312 0.0000000000
47362  -29.160  -36.484  5.357 0.0000000000
47364  -28.343  -37.139  4.386 0.0000000000
47365  -29.025  -36.590  4.421 0.0000000000
47375  -22.549  -36.871  2.484 0.0000000000
47376  -23.115  -36.650  2.701 0.0000000000
47377  -23.561  -36.664  2.707 0.0000000000
47378  -27.402  -37.201  3.013 0.0000000000
47379  -28.035  -37.097  3.426 0.0000000000
47380  -28.754  -36.575  3.482 0.0000000000
47396  -22.155  -36.921  1.984 0.0000000000
47397  -22.832  -36.623  2.052 0.0000000000
47398  -23.672  -36.541  2.176 0.0000000000
47399  -24.185  -36.488  1.969 0.0000000000
47400  -26.055  -36.953  1.916 0.0000000000
47401  -26.871  -36.965  2.310 0.0000000000
47402  -27.825  -36.663  2.366 0.0000000000
47403  -28.422  -36.502  2.776 0.0000000000
47422  -24.343  -36.409  1.406 0.0000000000
47423  -25.401  -36.317  1.431 0.0000000000
47424  -26.469  -36.400  1.413 0.0000000000
47425  -27.293  -36.461  1.648 0.0000000000
47443  -25.949  -35.894  0.993 0.0000000000
47444  -26.475  -35.889  0.845 0.0000000000
48398  -24.516  -35.526  11.520 0.0000000000
48399  -25.503  -35.754  11.502 0.0000000000
48400  -26.384  -35.876  11.441 0.0000000000
48417  -22.243  -34.961  10.481 0.0000000000
48418  -22.969  -35.346  10.926 0.0000000000
48419  -23.573  -35.771  11.343 0.0000000000
48420  -28.270  -35.591  11.226 0.0000000000
48421  -28.843  -35.498  10.534 0.0000000000
48426  -20.935  -35.156  9.407 0.0000000000
48427  -21.523  -35.584  9.993 0.0000000000
48439  -20.072  -35.221  8.067 0.0000000000
48440  -20.466  -35.842  8.593 0.0000000000
48454  -19.676  -35.330  7.306 0.0000000000
48455  -20.103  -35.929  7.834 0.0000000000
48456  -30.111  -35.683  7.149 0.0000000000
48457  -30.671  -35.086  7.175 0.0000000000
48467  -17.904  -34.574  5.591 0.0000000000
48468  -18.813  -34.926  6.549 0.0000000000
48469  -30.001  -35.868  6.300 0.0000000000
48470  -30.624  -35.301  6.337 0.0000000000
48478  -29.814  -35.918  5.397 0.0000000000
48479  -30.498  -35.415  5.439 0.0000000000
48481  -29.708  -36.053  4.447 0.0000000000
48482  -30.360  -35.500  4.495 0.0000000000
48485  -29.477  -36.096  3.478 0.0000000000
48486  -30.121  -35.490  3.527 0.0000000000
48495  -28.369  -36.293  2.182 0.0000000000
48496  -28.973  -35.943  2.376 0.0000000000
48497  -29.705  -35.428  2.756 0.0000000000
48509  -27.063  -36.111  1.059 0.0000000000
48510  -27.964  -35.862  1.341 0.0000000000
48525  -26.907  -35.547  0.487 0.0000000000
48526  -27.534  -35.099  0.411 0.0000000000
49469  -24.701  -34.815  11.393 0.0000000000
49470  -25.291  -34.950  11.452 0.0000000000
49471  -26.116  -35.102  11.445 0.0000000000
49472  -26.898  -35.261  11.543 0.0000000000
49485  -22.382  -33.981  10.445 0.0000000000
49486  -23.073  -34.315  10.723 0.0000000000
49487  -24.005  -34.554  11.272 0.0000000000
49488  -25.069  -34.413  10.996 0.0000000000
49489  -25.921  -34.371  11.189 0.0000000000
49490  -26.791  -34.510  11.374 0.0000000000
49491  -27.662  -34.908  11.349 0.0000000000
49497  -20.986  -34.024  9.538 0.0000000000
49498  -21.597  -34.499  10.077 0.0000000000
49509  -19.766  -34.227  8.004 0.0000000000
49510  -20.429  -34.684  8.725 0.0000000000
49512  -31.401  -33.546  7.745 0.0000000000
49519  -19.281  -34.156  7.061 0.0000000000
49521  -31.491  -33.720  7.288 0.0000000000
49525  -18.372  -32.912  6.515 0.0000000000
49526  -31.151  -34.672  6.390 0.0000000000
49527  -31.513  -33.958  6.458 0.0000000000
49530  -31.060  -34.807  5.495 0.0000000000
49531  -31.447  -34.083  5.576 0.0000000000
49533  -30.871  -34.849  4.576 0.0000000000
49534  -31.285  -34.135  4.655 0.0000000000
49537  -30.631  -34.821  3.640 0.0000000000
49546  -29.582  -35.066  1.859 0.0000000000
49547  -30.307  -34.617  2.496 0.0000000000
49558  -28.320  -34.911  0.635 0.0000000000
49560  -29.835  -34.281  1.570 0.0000000000
49579  -28.444  -34.158  0.230 0.0000000000
49602  -27.410  -33.755  -0.728 0.0000000000
50546  -22.612  -33.467  10.215 0.0000000000
50547  -23.125  -33.572  10.334 0.0000000000
50548  -23.904  -33.680  10.518 0.0000000000
50549  -24.814  -33.763  10.561 0.0000000000
50550  -25.735  -33.707  10.693 0.0000000000
50551  -26.648  -33.756  10.921 0.0000000000
50560  -21.083  -32.932  9.574 0.0000000000
50561  -21.978  -33.296  10.031 0.0000000000
50562  -23.010  -33.064  9.930 0.0000000000
50563  -23.829  -33.093  9.932 0.0000000000
50564  -24.663  -33.039  10.079 0.0000000000
50576  -19.821  -33.035  8.259 0.0000000000
50577  -20.360  -33.541  8.919 0.0000000000
50580  -31.285  -33.452  8.036 0.0000000000
50585  -31.351  -32.585  8.269 0.0000000000
50586  -31.752  -32.925  7.596 0.0000000000
50587  -32.203  -32.390  7.019 0.0000000000
50590  -31.957  -33.312  6.577 0.0000000000
50591  -32.286  -32.618  6.568 0.0000000000
50594  -31.886  -33.458  5.704 0.0000000000
50595  -32.295  -32.827  5.781 0.0000000000
50597  -31.722  -33.372  4.747 0.0000000000
50598  -32.132  -32.966  5.124 0.0000000000
50600  -31.502  -33.475  3.779 0.0000000000
50605  -30.753  -33.623  2.324 0.0000000000
50606  -31.246  -33.576  2.950 0.0000000000
50645  -27.301  -33.054  -0.761 0.0000000000
51654  -21.321  -32.369  9.294 0.0000000000
51655  -21.918  -32.499  9.415 0.0000000000
51656  -22.816  -32.573  9.427 0.0000000000
51657  -23.721  -32.613  9.373 0.0000000000
51658  -24.566  -32.625  9.422 0.0000000000
51669  -19.890  -32.200  8.279 0.0000000000
51670  -20.644  -32.275  8.916 0.0000000000
51671  -21.748  -31.932  8.915 0.0000000000
51672  -22.665  -32.137  8.733 0.0000000000
51673  -23.599  -32.179  8.733 0.0000000000
51674  -24.489  -32.217  8.788 0.0000000000
51685  -31.066  -32.123  8.684 0.0000000000
51686  -31.697  -32.021  8.040 0.0000000000
51687  -32.129  -31.976  7.297 0.0000000000
51693  -32.476  -31.945  6.593 0.0000000000
51698  -32.684  -32.092  5.827 0.0000000000
51702  -32.112  -32.748  4.517 0.0000000000
51703  -32.524  -32.298  4.909 0.0000000000
51706  -31.868  -32.794  3.849 0.0000000000
51707  -32.384  -32.304  3.967 0.0000000000
51710  -31.099  -33.000  2.322 0.0000000000
51711  -31.647  -32.687  2.792 0.0000000000
51712  -32.171  -32.362  3.267 0.0000000000
51721  -31.208  -32.423  1.991 0.0000000000
52814  -19.610  -31.696  7.904 0.0000000000
52815  -20.400  -31.527  8.221 0.0000000000
52816  -21.437  -31.424  8.287 0.0000000000
52817  -22.478  -31.640  8.025 0.0000000000
52818  -23.468  -31.770  8.003 0.0000000000
52819  -24.403  -31.774  8.114 0.0000000000
52832  -19.922  -31.035  7.621 0.0000000000
52833  -21.038  -30.824  7.777 0.0000000000
52834  -22.239  -30.873  7.240 0.0000000000
52835  -23.331  -31.328  7.192 0.0000000000
52836  -24.294  -31.495  7.297 0.0000000000
52837  -25.206  -31.588  7.427 0.0000000000
52838  -26.053  -31.495  7.654 0.0000000000
52839  -26.950  -31.297  7.786 0.0000000000
52840  -27.871  -31.181  8.149 0.0000000000
52841  -28.860  -31.161  8.587 0.0000000000
52842  -30.147  -31.422  8.796 0.0000000000
52843  -31.295  -31.254  8.290 0.0000000000
52844  -31.998  -31.247  7.617 0.0000000000
52851  -19.425  -30.906  7.256 0.0000000000
52852  -22.575  -30.615  6.482 0.0000000000
52853  -23.250  -30.843  6.226 0.0000000000
52854  -24.184  -31.287  6.408 0.0000000000
52855  -25.085  -31.363  6.610 0.0000000000
52856  -26.000  -31.347  6.743 0.0000000000
52857  -26.615  -31.238  7.125 0.0000000000
52864  -23.588  -30.765  5.524 0.0000000000
52865  -24.122  -30.998  5.589 0.0000000000
52866  -25.021  -31.136  5.791 0.0000000000
52867  -25.700  -31.202  6.100 0.0000000000
52874  -17.119  -32.434  5.001 0.0000000000
52875  -17.523  -32.199  5.472 0.0000000000
52880  -32.727  -31.570  4.141 0.0000000000
52882  -32.149  -32.015  2.663 0.0000000000
52883  -32.452  -31.747  3.283 0.0000000000
52895  -31.634  -31.628  1.786 0.0000000000
52896  -32.274  -31.341  2.570 0.0000000000
54072  -19.722  -30.658  7.308 0.0000000000
54073  -20.000  -30.388  7.367 0.0000000000
54074  -20.664  -30.376  7.338 0.0000000000
54075  -21.454  -30.451  7.123 0.0000000000
54076  -27.031  -31.034  7.146 0.0000000000
54078  -28.486  -30.537  7.846 0.0000000000
54079  -29.516  -30.441  8.190 0.0000000000
54080  -30.637  -30.524  8.049 0.0000000000
54081  -31.568  -30.530  7.683 0.0000000000
54089  -18.201  -31.366  6.584 0.0000000000
54090  -18.720  -30.455  6.708 0.0000000000
54091  -19.497  -30.280  7.000 0.0000000000
54092  -20.327  -29.877  7.035 0.0000000000
54093  -21.215  -29.949  6.672 0.0000000000
54094  -22.027  -30.373  6.416 0.0000000000
54095  -22.667  -30.497  5.990 0.0000000000
54096  -26.187  -31.057  6.153 0.0000000000
54098  -27.673  -30.142  6.744 0.0000000000
54111  -17.300  -31.008  5.679 0.0000000000
54112  -21.749  -29.939  5.984 0.0000000000
54113  -22.300  -30.198  5.496 0.0000000000
54114  -23.075  -30.545  5.328 0.0000000000
54115  -23.845  -30.615  5.026 0.0000000000
54132  -17.268  -31.819  5.068 0.0000000000
54133  -22.663  -30.195  4.810 0.0000000000
54157  -32.676  -30.726  3.295 0.0000000000
54169  -32.258  -30.526  2.016 0.0000000000
55493  -28.221  -30.117  7.160 0.0000000000
55494  -28.934  -29.731  7.576 0.0000000000
55495  -30.043  -29.718  7.697 0.0000000000
55506  -18.981  -29.670  6.576 0.0000000000
55507  -19.861  -29.430  6.627 0.0000000000
55508  -20.720  -29.347  6.452 0.0000000000
55510  -27.420  -29.890  6.245 0.0000000000
55511  -28.306  -29.307  6.535 0.0000000000
55516  -33.098  -29.529  6.288 0.0000000000
55522  -17.337  -29.565  5.768 0.0000000000
55524  -22.220  -29.895  4.818 0.0000000000
55528  -28.029  -28.864  5.846 0.0000000000
55529  -33.387  -29.573  5.592 0.0000000000
55535  -22.473  -29.857  4.141 0.0000000000
55548  -21.901  -29.300  3.770 0.0000000000
55571  -31.924  -29.997  1.400 0.0000000000
56819  -18.558  -29.079  6.264 0.0000000000
56820  -19.356  -28.887  6.234 0.0000000000
56821  -20.264  -28.764  6.100 0.0000000000
56822  -21.071  -28.907  5.839 0.0000000000
56824  -29.121  -28.525  6.522 0.0000000000
56825  -30.065  -28.286  6.693 0.0000000000
56836  -16.938  -28.609  5.613 0.0000000000
56837  -17.851  -28.652  5.937 0.0000000000
56839  -19.699  -28.258  5.666 0.0000000000
56843  -27.769  -28.479  5.401 0.0000000000
56844  -28.576  -28.326  5.866 0.0000000000
56845  -29.401  -28.011  6.129 0.0000000000
56854  -20.910  -27.976  4.546 0.0000000000
58053  -14.270  -27.122  7.527 0.0000000000
58054  -14.641  -27.618  7.255 0.0000000000
58079  -30.032  -27.755  6.028 0.0000000000
58091  -15.525  -27.495  5.833 0.0000000000
58093  -17.421  -27.674  5.429 0.0000000000
58094  -18.340  -27.630  5.373 0.0000000000
58095  -19.169  -27.730  5.286 0.0000000000
58096  -19.900  -27.737  5.143 0.0000000000
58098  -28.209  -27.783  5.185 0.0000000000
58108  -18.809  -27.252  4.899 0.0000000000
58109  -19.471  -27.236  4.740 0.0000000000
58110  -20.387  -27.475  4.538 0.0000000000
58111  -20.992  -27.745  4.172 0.0000000000
58124  -20.698  -27.314  3.968 0.0000000000
58125  -21.141  -27.733  3.448 0.0000000000
59205  -14.318  -26.920  7.284 0.0000000000
59243  -17.931  -26.975  4.947 0.0000000000
59244  -18.433  -27.097  4.870 0.0000000000
59255  -18.733  -26.475  4.391 0.0000000000
59256  -19.855  -26.747  4.256 0.0000000000
59257  -20.382  -27.010  4.112 0.0000000000
59267  -18.930  -26.004  3.932 0.0000000000
59268  -19.390  -26.192  3.718 0.0000000000
59269  -20.373  -26.806  3.491 0.0000000000
59270  -20.976  -27.151  2.843 0.0000000000
59284  -19.792  -26.214  3.056 0.0000000000
59285  -20.480  -26.404  2.466 0.0000000000
60388  -15.342  -25.467  5.403 0.0000000000
60403  -18.129  -25.899  4.159 0.0000000000
60414  -18.608  -25.519  3.544 0.0000000000
60415  -19.362  -25.849  3.239 0.0000000000
60429  -19.013  -24.948  2.880 0.0000000000
60430  -19.651  -25.494  2.656 0.0000000000
60431  -20.418  -25.606  1.774 0.0000000000
61557  -18.317  -24.378  3.005 0.0000000000
61558  -19.434  -24.390  2.295 0.0000000000
61559  -19.938  -25.055  1.948 0.0000000000
138214  -19.313  -33.376  7.476 0.0000000000
138215  -19.257  -32.471  7.717 0.0000000000
138217  -19.509  -31.456  7.658 0.0000000000
138218  -18.993  -31.557  7.456 0.0000000000
138219  -17.453  -33.113  5.549 0.0000000000
138223  -18.982  -30.943  6.953 0.0000000000
138226  -17.970  -32.106  6.530 0.0000000000
138228  -17.687  -31.957  6.227 0.0000000000
