#!ascii label  , from subject sub-CSI3 vox2ras=TkReg
422
8951  -5.279  -73.922  39.097 0.0000000000
8953  -6.510  -74.447  39.455 0.0000000000
9747  -5.571  -73.912  39.023 0.0000000000
9748  -5.959  -74.099  39.214 0.0000000000
9759  -5.409  -73.603  38.487 0.0000000000
11503  -14.582  -71.882  36.372 0.0000000000
11517  -14.616  -71.607  35.245 0.0000000000
11518  -14.877  -71.232  35.807 0.0000000000
11532  -14.638  -71.528  34.349 0.0000000000
11546  -14.860  -71.296  33.502 0.0000000000
11547  -15.198  -70.837  33.266 0.0000000000
11558  -14.831  -71.488  32.856 0.0000000000
11559  -15.139  -71.155  32.795 0.0000000000
11569  -14.825  -71.609  32.234 0.0000000000
11570  -15.294  -71.075  31.980 0.0000000000
11582  -14.664  -71.593  30.904 0.0000000000
11583  -15.342  -70.925  31.302 0.0000000000
12354  -14.826  -70.981  35.246 0.0000000000
12369  -14.750  -71.115  34.768 0.0000000000
12370  -14.968  -70.564  34.743 0.0000000000
12382  -14.867  -70.978  34.245 0.0000000000
12383  -15.152  -70.422  33.852 0.0000000000
12395  -9.275  -70.017  32.646 0.0000000000
12396  -15.434  -70.392  32.854 0.0000000000
12406  -15.640  -70.329  31.793 0.0000000000
13213  -15.252  -68.807  34.443 0.0000000000
13214  -15.273  -69.490  34.712 0.0000000000
13227  -8.748  -69.636  33.029 0.0000000000
13228  -15.218  -68.916  34.156 0.0000000000
13243  -15.733  -69.424  32.546 0.0000000000
13254  -9.424  -69.306  32.190 0.0000000000
13256  -16.050  -69.469  31.442 0.0000000000
13984  -3.835  -68.905  44.347 0.0000000000
14004  -3.972  -68.474  43.457 0.0000000000
14021  -3.884  -68.286  42.956 0.0000000000
14106  -15.185  -68.465  34.262 0.0000000000
14122  -15.239  -68.475  33.837 0.0000000000
14123  -15.579  -68.545  33.174 0.0000000000
14137  -16.093  -68.412  32.253 0.0000000000
14138  -16.342  -67.645  32.037 0.0000000000
14155  -16.267  -68.756  31.484 0.0000000000
15092  -15.042  -67.780  34.229 0.0000000000
15105  -15.350  -67.794  33.617 0.0000000000
15106  -15.743  -67.810  33.075 0.0000000000
15119  -16.104  -67.410  32.699 0.0000000000
15135  -9.632  -68.114  31.038 0.0000000000
15151  -10.102  -67.745  30.508 0.0000000000
15162  -10.457  -67.541  29.963 0.0000000000
16135  -14.838  -66.725  34.230 0.0000000000
16147  -15.088  -67.298  33.844 0.0000000000
16186  -10.190  -67.316  30.075 0.0000000000
16199  -10.315  -66.948  29.537 0.0000000000
16213  -10.673  -66.506  28.520 0.0000000000
16227  -11.288  -66.373  27.907 0.0000000000
16228  -11.957  -66.450  27.737 0.0000000000
17087  -11.826  -64.989  37.678 0.0000000000
17088  -12.303  -65.192  37.390 0.0000000000
17104  -12.635  -65.098  36.951 0.0000000000
17120  -13.473  -65.174  36.142 0.0000000000
17121  -13.989  -65.475  35.733 0.0000000000
17136  -14.445  -65.760  34.728 0.0000000000
18050  -12.839  -64.005  37.351 0.0000000000
18064  -13.107  -64.603  36.767 0.0000000000
18065  -13.709  -64.268  36.181 0.0000000000
18079  -13.292  -65.012  36.323 0.0000000000
18080  -13.704  -64.761  35.875 0.0000000000
18096  -14.252  -64.940  35.124 0.0000000000
18097  -14.843  -64.953  34.339 0.0000000000
18112  -15.629  -65.047  33.449 0.0000000000
18113  -15.965  -64.408  32.988 0.0000000000
18127  -16.311  -64.907  32.515 0.0000000000
18137  -16.700  -65.024  31.637 0.0000000000
18147  -16.895  -64.803  30.915 0.0000000000
18937  -12.399  -63.602  37.697 0.0000000000
18938  -13.037  -63.365  37.445 0.0000000000
18950  -13.381  -63.573  36.996 0.0000000000
18951  -13.813  -63.716  36.426 0.0000000000
18962  -14.307  -63.862  35.740 0.0000000000
18963  -14.957  -63.448  35.271 0.0000000000
18977  -14.230  -64.438  35.391 0.0000000000
18978  -14.718  -64.081  34.870 0.0000000000
18994  -15.366  -64.056  34.058 0.0000000000
18995  -15.793  -63.909  33.370 0.0000000000
19007  -16.194  -63.807  32.664 0.0000000000
19016  -16.627  -64.036  31.709 0.0000000000
19026  -16.922  -63.839  30.762 0.0000000000
19056  -17.957  -63.160  28.190 0.0000000000
19074  -18.120  -63.247  27.038 0.0000000000
19906  -12.051  -62.339  38.275 0.0000000000
19920  -13.073  -62.502  37.759 0.0000000000
19921  -13.888  -62.133  37.408 0.0000000000
19931  -13.426  -63.035  37.271 0.0000000000
19932  -14.194  -62.699  36.906 0.0000000000
19933  -14.998  -62.195  36.473 0.0000000000
19945  -14.382  -63.295  36.245 0.0000000000
19946  -15.055  -62.792  35.864 0.0000000000
19961  -15.586  -62.958  34.571 0.0000000000
19962  -16.122  -62.260  34.044 0.0000000000
19979  -15.691  -63.419  33.823 0.0000000000
19980  -16.061  -62.787  33.332 0.0000000000
19994  -16.386  -62.869  32.086 0.0000000000
20005  -16.639  -63.091  31.238 0.0000000000
20015  -16.978  -62.900  30.596 0.0000000000
20016  -17.371  -62.716  29.947 0.0000000000
20035  -17.648  -62.416  29.162 0.0000000000
20055  -17.991  -62.114  28.453 0.0000000000
20056  -18.264  -61.817  28.036 0.0000000000
20070  -18.231  -62.407  27.655 0.0000000000
20071  -18.359  -61.773  27.455 0.0000000000
20926  -14.335  -61.821  37.276 0.0000000000
20938  -15.437  -61.627  36.083 0.0000000000
20949  -15.722  -61.849  35.235 0.0000000000
20950  -16.082  -61.762  34.512 0.0000000000
20965  -16.373  -61.464  33.688 0.0000000000
20983  -16.565  -61.727  32.564 0.0000000000
20998  -16.872  -61.897  31.240 0.0000000000
20999  -17.279  -61.206  30.852 0.0000000000
21014  -17.178  -62.285  30.497 0.0000000000
21015  -17.444  -61.633  30.129 0.0000000000
21034  -17.828  -61.508  29.109 0.0000000000
21050  -18.127  -61.393  28.479 0.0000000000
21051  -18.303  -61.341  27.953 0.0000000000
21066  -18.415  -61.160  27.381 0.0000000000
21958  -9.107  -60.648  32.979 0.0000000000
21998  -10.138  -60.374  31.223 0.0000000000
22000  -17.172  -60.714  31.343 0.0000000000
22022  -10.361  -60.236  30.203 0.0000000000
22023  -17.517  -60.542  30.612 0.0000000000
22049  -18.034  -60.514  29.584 0.0000000000
22050  -18.300  -60.037  29.080 0.0000000000
22070  -18.092  -61.007  28.892 0.0000000000
22071  -18.358  -60.543  28.334 0.0000000000
22085  -18.563  -60.383  27.080 0.0000000000
22970  -9.087  -60.113  33.409 0.0000000000
22971  -9.659  -59.828  32.784 0.0000000000
22991  -9.786  -60.180  32.260 0.0000000000
22992  -10.192  -59.767  32.044 0.0000000000
23012  -10.821  -59.617  31.125 0.0000000000
23014  -17.062  -60.187  31.797 0.0000000000
23038  -11.385  -59.295  30.438 0.0000000000
23068  -11.349  -59.590  29.441 0.0000000000
23070  -18.142  -59.927  29.882 0.0000000000
23071  -18.291  -59.596  29.614 0.0000000000
23093  -11.566  -59.466  28.337 0.0000000000
23094  -12.255  -58.829  28.405 0.0000000000
24104  -18.973  -58.339  28.259 0.0000000000
25093  -19.290  -57.313  29.118 0.0000000000
25094  -19.484  -56.639  28.903 0.0000000000
25118  -19.300  -57.423  28.180 0.0000000000
25119  -19.462  -56.808  28.396 0.0000000000
25136  -19.174  -57.603  27.452 0.0000000000
25137  -19.365  -56.920  27.670 0.0000000000
25149  -18.863  -57.270  26.514 0.0000000000
25150  -19.209  -57.025  27.148 0.0000000000
26122  -13.324  -56.438  29.137 0.0000000000
26124  -19.428  -56.228  29.475 0.0000000000
26144  -19.620  -56.130  28.605 0.0000000000
26159  -19.570  -56.317  27.901 0.0000000000
26172  -18.931  -56.379  26.331 0.0000000000
26173  -19.308  -56.249  27.043 0.0000000000
27160  -13.330  -55.667  29.418 0.0000000000
27181  -19.825  -55.323  29.061 0.0000000000
27196  -19.765  -55.361  27.905 0.0000000000
27213  -19.035  -55.605  26.211 0.0000000000
27214  -19.551  -55.015  26.836 0.0000000000
27234  -18.476  -55.155  25.627 0.0000000000
27296  -16.576  -55.065  21.524 0.0000000000
27297  -17.143  -54.813  20.942 0.0000000000
27308  -16.589  -55.681  20.867 0.0000000000
27309  -17.149  -55.363  20.432 0.0000000000
28218  -13.426  -54.545  29.566 0.0000000000
28219  -14.078  -53.626  29.867 0.0000000000
28241  -20.125  -54.256  28.641 0.0000000000
28242  -20.314  -53.591  28.144 0.0000000000
28260  -19.997  -54.078  27.416 0.0000000000
28261  -20.244  -53.264  27.710 0.0000000000
28282  -19.050  -54.375  26.099 0.0000000000
28283  -19.556  -54.271  26.720 0.0000000000
28303  -17.723  -54.448  25.212 0.0000000000
28304  -18.427  -54.427  25.613 0.0000000000
28320  -16.153  -54.177  24.453 0.0000000000
28321  -16.926  -54.575  24.667 0.0000000000
28333  -14.598  -53.942  23.729 0.0000000000
28334  -15.505  -53.847  23.469 0.0000000000
28335  -16.121  -53.747  23.233 0.0000000000
28345  -14.088  -54.336  23.099 0.0000000000
28346  -15.165  -54.388  23.165 0.0000000000
28347  -16.173  -54.160  22.763 0.0000000000
28355  -17.109  -54.278  21.207 0.0000000000
28360  -17.393  -54.435  20.429 0.0000000000
29294  -13.741  -53.396  29.527 0.0000000000
29295  -14.357  -52.870  29.877 0.0000000000
29296  -20.097  -53.349  29.498 0.0000000000
29297  -20.357  -52.833  29.034 0.0000000000
29316  -20.327  -53.395  28.740 0.0000000000
29317  -20.394  -52.797  28.324 0.0000000000
29337  -19.903  -53.050  27.215 0.0000000000
29338  -20.233  -52.705  27.673 0.0000000000
29357  -18.940  -53.171  26.066 0.0000000000
29358  -19.497  -53.571  26.662 0.0000000000
29374  -17.574  -53.144  25.289 0.0000000000
29375  -18.364  -53.702  25.605 0.0000000000
29390  -14.961  -53.596  24.037 0.0000000000
29393  -16.999  -53.658  24.649 0.0000000000
29402  -15.136  -53.616  23.847 0.0000000000
29403  -16.028  -53.467  23.651 0.0000000000
29405  -16.643  -53.417  22.730 0.0000000000
29406  -17.081  -53.005  22.184 0.0000000000
29409  -16.651  -53.812  22.277 0.0000000000
29410  -17.087  -53.449  21.662 0.0000000000
29414  -17.417  -53.615  20.572 0.0000000000
30324  -15.068  -52.186  30.481 0.0000000000
30325  -15.622  -51.669  30.807 0.0000000000
30343  -14.370  -52.053  29.904 0.0000000000
30344  -19.998  -52.295  29.491 0.0000000000
30345  -20.267  -52.343  28.897 0.0000000000
30372  -20.086  -51.897  29.033 0.0000000000
30373  -20.245  -52.008  28.517 0.0000000000
30397  -20.065  -52.182  27.316 0.0000000000
30398  -20.318  -52.157  27.971 0.0000000000
30416  -18.840  -52.265  26.002 0.0000000000
30417  -19.480  -52.430  26.579 0.0000000000
30438  -17.713  -52.067  25.256 0.0000000000
30439  -18.275  -52.653  25.651 0.0000000000
30452  -16.855  -52.726  24.021 0.0000000000
30458  -16.717  -52.910  23.609 0.0000000000
30459  -17.253  -52.307  23.546 0.0000000000
30464  -16.680  -53.117  23.206 0.0000000000
30465  -17.167  -52.601  22.700 0.0000000000
30467  -17.296  -52.511  21.640 0.0000000000
30474  -17.388  -52.676  20.639 0.0000000000
31364  -15.401  -51.268  30.476 0.0000000000
31365  -16.088  -51.241  30.854 0.0000000000
31366  -16.748  -50.898  31.032 0.0000000000
31389  -14.672  -51.289  30.058 0.0000000000
31390  -19.797  -51.473  29.425 0.0000000000
31417  -20.042  -51.394  28.738 0.0000000000
31418  -20.215  -51.645  28.375 0.0000000000
31440  -20.143  -51.449  27.937 0.0000000000
31441  -20.269  -51.821  28.207 0.0000000000
31461  -19.077  -51.446  26.182 0.0000000000
31462  -19.720  -51.280  26.969 0.0000000000
31483  -17.946  -51.321  25.225 0.0000000000
31484  -18.352  -51.608  25.646 0.0000000000
31496  -17.682  -51.390  24.637 0.0000000000
31502  -17.514  -51.435  23.719 0.0000000000
31508  -17.425  -51.545  22.752 0.0000000000
31515  -17.365  -51.697  21.842 0.0000000000
31526  -16.854  -51.159  19.948 0.0000000000
31527  -17.211  -51.607  20.808 0.0000000000
31542  -15.843  -51.087  18.679 0.0000000000
32394  -17.750  -50.777  30.910 0.0000000000
32395  -18.060  -50.997  31.051 0.0000000000
32400  -15.807  -50.725  30.470 0.0000000000
32401  -16.412  -50.580  30.598 0.0000000000
32402  -17.258  -50.358  30.620 0.0000000000
32403  -18.234  -50.585  30.611 0.0000000000
32404  -19.091  -50.537  30.049 0.0000000000
32405  -19.534  -51.032  29.767 0.0000000000
32428  -15.142  -50.349  30.199 0.0000000000
32429  -16.064  -50.124  30.258 0.0000000000
32430  -16.614  -50.130  30.415 0.0000000000
32431  -19.186  -50.157  29.531 0.0000000000
32432  -19.602  -50.595  29.260 0.0000000000
32455  -19.856  -50.732  28.450 0.0000000000
32474  -19.789  -50.553  27.724 0.0000000000
32521  -18.223  -51.012  25.392 0.0000000000
32534  -18.067  -50.591  24.983 0.0000000000
32535  -18.346  -49.939  25.145 0.0000000000
32543  -17.695  -50.457  24.096 0.0000000000
32551  -17.112  -49.944  22.356 0.0000000000
32552  -17.371  -50.283  22.832 0.0000000000
32561  -16.938  -50.053  21.936 0.0000000000
32562  -17.263  -50.819  21.895 0.0000000000
32574  -15.881  -50.048  19.969 0.0000000000
32575  -16.589  -50.363  20.823 0.0000000000
32576  -17.226  -51.088  21.316 0.0000000000
32590  -13.397  -51.002  19.005 0.0000000000
32591  -14.353  -50.509  19.111 0.0000000000
32592  -15.375  -50.336  19.264 0.0000000000
32593  -16.277  -50.644  19.570 0.0000000000
32617  -14.891  -50.940  18.400 0.0000000000
33488  -17.417  -49.779  30.201 0.0000000000
33489  -17.961  -49.950  30.171 0.0000000000
33490  -18.488  -50.163  30.082 0.0000000000
33517  -19.290  -49.984  29.242 0.0000000000
33601  -18.067  -49.051  25.238 0.0000000000
33602  -18.370  -49.463  25.515 0.0000000000
33616  -17.964  -49.507  24.754 0.0000000000
33617  -18.250  -49.641  25.116 0.0000000000
33629  -17.461  -49.475  23.671 0.0000000000
33639  -16.897  -49.505  22.324 0.0000000000
33640  -17.229  -49.361  22.926 0.0000000000
33654  -15.945  -48.976  21.094 0.0000000000
33655  -16.346  -49.382  21.386 0.0000000000
33670  -14.142  -49.246  19.987 0.0000000000
33671  -14.571  -49.139  19.943 0.0000000000
33672  -15.661  -49.266  20.445 0.0000000000
33673  -16.232  -49.642  20.864 0.0000000000
33688  -13.842  -49.655  19.755 0.0000000000
33689  -14.889  -49.680  19.601 0.0000000000
33690  -15.458  -49.786  19.789 0.0000000000
33712  -15.699  -49.526  17.880 0.0000000000
33743  -12.704  -49.880  17.023 0.0000000000
33744  -13.318  -49.712  17.146 0.0000000000
33745  -14.297  -49.893  17.277 0.0000000000
33746  -15.175  -50.005  17.309 0.0000000000
33747  -16.098  -50.387  17.512 0.0000000000
33778  -12.289  -50.011  16.569 0.0000000000
33779  -12.801  -49.503  16.817 0.0000000000
34645  -17.887  -48.215  25.852 0.0000000000
34656  -11.462  -48.508  25.735 0.0000000000
34658  -17.688  -48.529  25.145 0.0000000000
34659  -18.108  -48.767  25.631 0.0000000000
34671  -16.796  -48.185  23.526 0.0000000000
34672  -17.323  -48.510  24.160 0.0000000000
34681  -16.609  -48.399  22.917 0.0000000000
34682  -17.153  -48.756  23.271 0.0000000000
34692  -15.842  -48.292  21.678 0.0000000000
34693  -16.326  -48.610  22.176 0.0000000000
34694  -16.884  -48.910  22.704 0.0000000000
34707  -15.682  -48.552  21.088 0.0000000000
34708  -16.043  -48.751  21.481 0.0000000000
34720  -14.157  -48.858  20.130 0.0000000000
34721  -14.841  -48.520  20.340 0.0000000000
34722  -15.344  -48.482  20.694 0.0000000000
34764  -14.434  -48.475  17.681 0.0000000000
34765  -14.992  -48.841  17.800 0.0000000000
34766  -15.948  -48.714  18.520 0.0000000000
34767  -16.958  -48.584  18.749 0.0000000000
34797  -14.142  -48.909  17.157 0.0000000000
34798  -14.621  -49.427  17.383 0.0000000000
35608  -14.226  -47.272  27.496 0.0000000000
35609  -15.143  -46.939  27.585 0.0000000000
35610  -16.383  -47.046  27.217 0.0000000000
35632  -16.777  -47.042  25.889 0.0000000000
35633  -17.585  -47.648  26.569 0.0000000000
35647  -11.562  -47.964  25.117 0.0000000000
35648  -12.233  -47.724  25.663 0.0000000000
35650  -16.810  -47.358  25.069 0.0000000000
35651  -17.358  -47.734  25.550 0.0000000000
35663  -11.883  -47.474  24.828 0.0000000000
35664  -16.046  -46.981  23.933 0.0000000000
35665  -16.529  -47.483  24.138 0.0000000000
35666  -17.192  -47.888  24.795 0.0000000000
35676  -15.934  -47.167  23.385 0.0000000000
35677  -16.323  -47.797  23.143 0.0000000000
35685  -15.118  -47.216  22.076 0.0000000000
35686  -15.687  -47.616  22.304 0.0000000000
35687  -16.252  -48.086  22.629 0.0000000000
35701  -14.408  -47.180  21.209 0.0000000000
35702  -14.900  -47.397  21.472 0.0000000000
35703  -15.475  -47.961  21.337 0.0000000000
35718  -14.044  -47.718  20.536 0.0000000000
35719  -15.073  -47.967  20.788 0.0000000000
35720  -15.422  -48.212  20.941 0.0000000000
35760  -14.512  -47.867  18.215 0.0000000000
35761  -15.468  -47.784  18.591 0.0000000000
35762  -16.476  -47.652  18.850 0.0000000000
35763  -17.506  -47.458  18.656 0.0000000000
35785  -14.110  -48.239  17.648 0.0000000000
35892  -18.458  -47.472  12.322 0.0000000000
36617  -14.590  -46.759  26.927 0.0000000000
36618  -15.384  -46.635  26.803 0.0000000000
36637  -15.833  -46.617  26.018 0.0000000000
36650  -12.371  -47.239  25.114 0.0000000000
36651  -12.996  -46.908  25.503 0.0000000000
36652  -14.092  -46.414  25.319 0.0000000000
36654  -16.185  -46.748  24.917 0.0000000000
36665  -11.656  -47.250  24.217 0.0000000000
36666  -12.323  -46.851  24.481 0.0000000000
36667  -13.325  -46.414  24.415 0.0000000000
36668  -14.395  -46.307  24.226 0.0000000000
36669  -15.502  -46.617  23.977 0.0000000000
36670  -16.092  -46.892  24.246 0.0000000000
36683  -12.589  -46.435  23.498 0.0000000000
36684  -13.606  -46.227  23.355 0.0000000000
36685  -14.591  -46.377  23.143 0.0000000000
36686  -15.320  -46.832  22.863 0.0000000000
36697  -13.843  -46.348  22.341 0.0000000000
36698  -14.699  -46.831  22.153 0.0000000000
36699  -15.204  -47.094  22.354 0.0000000000
36717  -14.510  -47.033  21.566 0.0000000000
36756  -14.990  -46.851  18.799 0.0000000000
36757  -16.032  -46.711  18.902 0.0000000000
36758  -16.997  -46.624  18.632 0.0000000000
36865  -18.691  -46.501  12.098 0.0000000000
36890  -18.553  -45.878  11.872 0.0000000000
37742  -15.589  -45.822  18.730 0.0000000000
37743  -16.627  -45.666  18.336 0.0000000000
37744  -17.262  -46.047  18.206 0.0000000000
37753  -16.971  -45.124  17.859 0.0000000000
37754  -17.519  -45.504  17.716 0.0000000000
37773  -18.511  -44.804  16.642 0.0000000000
37848  -15.667  -46.120  10.872 0.0000000000
37849  -16.315  -46.004  10.875 0.0000000000
37850  -17.479  -45.506  11.019 0.0000000000
37851  -18.414  -45.400  11.580 0.0000000000
37868  -16.696  -45.337  10.379 0.0000000000
37869  -17.289  -45.090  10.523 0.0000000000
38808  -16.469  -44.688  17.796 0.0000000000
38809  -17.130  -44.830  17.410 0.0000000000
38810  -17.678  -44.919  17.088 0.0000000000
38821  -16.779  -44.418  17.155 0.0000000000
38823  -18.086  -44.529  16.583 0.0000000000
38881  -17.673  -44.822  10.590 0.0000000000
38891  -16.282  -44.748  9.730 0.0000000000
38892  -17.256  -44.618  10.075 0.0000000000
39874  -16.399  -44.253  17.249 0.0000000000
39887  -17.586  -43.781  16.257 0.0000000000
39902  -16.345  -43.169  15.828 0.0000000000
39903  -17.033  -43.445  15.869 0.0000000000
40969  -17.439  -43.188  16.004 0.0000000000
40981  -16.071  -42.528  15.271 0.0000000000
40982  -17.117  -42.599  15.687 0.0000000000
40983  -17.924  -41.988  16.043 0.0000000000
40999  -16.041  -41.817  14.836 0.0000000000
41957  -16.602  -41.867  15.273 0.0000000000
41958  -17.435  -41.408  15.486 0.0000000000
41973  -15.615  -41.306  14.276 0.0000000000
41975  -17.399  -40.623  15.008 0.0000000000
42907  -18.168  -40.623  15.355 0.0000000000
