#!ascii label  , from subject sub-CSI3 vox2ras=TkReg
1922
1923  26.162  -85.684  8.371 0.0000000000
1937  25.734  -85.765  7.567 0.0000000000
1948  25.037  -85.747  6.362 0.0000000000
1949  24.518  -85.420  6.202 0.0000000000
2288  28.154  -83.963  11.145 0.0000000000
2289  27.364  -84.541  10.595 0.0000000000
2290  26.271  -84.259  10.248 0.0000000000
2291  25.718  -84.038  10.110 0.0000000000
2298  26.575  -85.092  9.625 0.0000000000
2299  25.560  -84.344  9.533 0.0000000000
2300  24.933  -83.987  9.268 0.0000000000
2307  26.247  -85.515  8.844 0.0000000000
2308  25.708  -85.163  8.514 0.0000000000
2309  24.921  -84.325  8.730 0.0000000000
2317  25.410  -85.293  7.744 0.0000000000
2318  24.895  -84.767  7.772 0.0000000000
2319  24.216  -84.279  7.355 0.0000000000
2323  25.175  -85.336  7.215 0.0000000000
2324  24.572  -84.984  6.790 0.0000000000
2331  24.134  -85.078  6.213 0.0000000000
2687  29.063  -83.074  11.651 0.0000000000
2688  28.735  -83.372  11.521 0.0000000000
2689  26.402  -83.152  10.939 0.0000000000
2690  26.069  -83.230  10.985 0.0000000000
2696  28.283  -83.464  11.035 0.0000000000
2697  27.758  -83.669  10.870 0.0000000000
2698  26.748  -83.487  10.764 0.0000000000
2699  25.683  -83.588  10.543 0.0000000000
2700  25.075  -83.487  10.301 0.0000000000
2710  25.383  -83.823  10.046 0.0000000000
2711  24.871  -83.623  9.754 0.0000000000
2722  24.498  -83.525  9.030 0.0000000000
2732  24.278  -83.720  8.125 0.0000000000
2733  23.686  -83.498  7.397 0.0000000000
3199  29.289  -82.680  11.613 0.0000000000
3200  28.270  -82.793  11.093 0.0000000000
3201  27.238  -82.521  11.064 0.0000000000
3202  26.335  -82.769  11.155 0.0000000000
3203  25.182  -82.874  11.047 0.0000000000
3204  24.579  -82.545  10.800 0.0000000000
3214  28.028  -83.281  10.918 0.0000000000
3215  27.546  -83.115  10.870 0.0000000000
3216  26.990  -82.947  10.865 0.0000000000
3217  25.075  -83.269  10.627 0.0000000000
3218  24.557  -82.918  10.364 0.0000000000
3219  24.224  -82.610  9.908 0.0000000000
3231  24.370  -83.015  9.610 0.0000000000
3232  24.063  -82.488  9.493 0.0000000000
3239  24.194  -82.880  9.107 0.0000000000
3240  23.886  -82.451  8.874 0.0000000000
3247  24.109  -83.019  8.619 0.0000000000
3248  23.652  -82.599  8.061 0.0000000000
3265  29.140  -82.207  4.752 0.0000000000
3266  28.852  -82.254  4.680 0.0000000000
3276  29.525  -82.658  4.115 0.0000000000
3277  28.954  -82.704  4.228 0.0000000000
3710  31.329  -80.986  11.831 0.0000000000
3711  30.887  -81.501  11.774 0.0000000000
3712  29.887  -81.776  11.431 0.0000000000
3713  28.753  -81.838  11.353 0.0000000000
3714  27.628  -81.770  11.307 0.0000000000
3715  26.542  -81.774  11.414 0.0000000000
3716  25.423  -81.905  11.449 0.0000000000
3717  24.351  -81.979  11.074 0.0000000000
3718  23.824  -81.563  10.746 0.0000000000
3727  24.335  -82.372  10.615 0.0000000000
3728  23.917  -82.071  10.193 0.0000000000
3738  23.745  -82.009  9.346 0.0000000000
3747  23.558  -81.790  8.706 0.0000000000
3757  30.422  -81.512  7.063 0.0000000000
3758  29.814  -81.436  6.884 0.0000000000
3759  23.214  -81.610  8.035 0.0000000000
3769  29.955  -81.401  6.521 0.0000000000
3770  29.238  -81.348  6.272 0.0000000000
3781  29.416  -81.444  5.600 0.0000000000
3782  28.741  -81.621  5.256 0.0000000000
3783  28.257  -81.024  5.026 0.0000000000
3794  28.602  -82.095  4.391 0.0000000000
4256  31.536  -80.394  12.266 0.0000000000
4266  31.507  -80.518  11.933 0.0000000000
4267  31.050  -80.643  11.683 0.0000000000
4268  30.190  -80.833  11.630 0.0000000000
4269  29.129  -80.915  11.557 0.0000000000
4270  28.006  -80.877  11.515 0.0000000000
4271  26.874  -80.812  11.589 0.0000000000
4272  25.728  -80.882  11.796 0.0000000000
4273  24.535  -81.024  11.777 0.0000000000
4274  23.765  -81.005  11.150 0.0000000000
4283  23.511  -81.100  10.404 0.0000000000
4284  23.097  -80.467  9.979 0.0000000000
4294  23.453  -81.222  9.471 0.0000000000
4295  22.898  -80.303  9.188 0.0000000000
4304  31.996  -80.604  8.099 0.0000000000
4305  31.053  -80.942  8.015 0.0000000000
4306  30.325  -81.037  7.756 0.0000000000
4307  23.209  -80.965  8.569 0.0000000000
4308  22.736  -80.220  8.279 0.0000000000
4318  30.795  -81.360  7.488 0.0000000000
4319  30.047  -81.364  7.368 0.0000000000
4320  29.354  -81.013  7.019 0.0000000000
4321  22.842  -80.902  7.941 0.0000000000
4334  30.203  -80.381  6.181 0.0000000000
4335  28.631  -80.727  6.518 0.0000000000
4336  28.226  -80.335  6.356 0.0000000000
4347  28.646  -81.199  5.990 0.0000000000
4348  28.167  -80.634  5.729 0.0000000000
4368  30.262  -80.982  3.328 0.0000000000
4369  29.681  -81.041  4.246 0.0000000000
4381  30.815  -80.546  2.637 0.0000000000
4790  31.273  -79.286  12.360 0.0000000000
4791  30.685  -79.162  12.157 0.0000000000
4792  29.753  -79.135  12.126 0.0000000000
4793  28.713  -79.150  12.184 0.0000000000
4794  27.684  -79.138  12.190 0.0000000000
4795  26.791  -79.129  12.230 0.0000000000
4803  31.548  -79.944  12.168 0.0000000000
4804  31.234  -79.897  11.903 0.0000000000
4805  30.440  -79.942  11.800 0.0000000000
4806  29.438  -80.001  11.801 0.0000000000
4807  28.368  -80.030  11.889 0.0000000000
4808  27.296  -80.003  12.020 0.0000000000
4809  26.101  -79.773  12.112 0.0000000000
4810  24.909  -79.943  12.043 0.0000000000
4811  23.730  -79.882  11.647 0.0000000000
4812  22.897  -79.328  11.102 0.0000000000
4820  23.155  -80.246  10.788 0.0000000000
4821  22.649  -79.397  9.993 0.0000000000
4831  22.531  -79.440  8.798 0.0000000000
4840  32.934  -79.858  8.194 0.0000000000
4841  32.200  -79.943  8.380 0.0000000000
4842  31.262  -80.058  8.297 0.0000000000
4843  30.043  -80.085  8.000 0.0000000000
4844  29.257  -79.450  7.922 0.0000000000
4845  22.474  -79.439  7.879 0.0000000000
4858  29.677  -80.773  7.553 0.0000000000
4859  28.705  -79.915  7.354 0.0000000000
4860  27.860  -79.045  7.057 0.0000000000
4873  32.393  -80.069  6.750 0.0000000000
4874  31.446  -80.036  6.610 0.0000000000
4875  30.510  -79.823  6.356 0.0000000000
4876  28.338  -80.185  6.676 0.0000000000
4877  27.864  -79.686  6.433 0.0000000000
4885  29.843  -79.791  5.847 0.0000000000
4886  27.492  -79.582  5.345 0.0000000000
4899  29.463  -80.026  4.925 0.0000000000
4914  30.297  -80.096  2.844 0.0000000000
4915  29.605  -79.713  3.530 0.0000000000
4927  31.714  -79.689  1.830 0.0000000000
4928  30.967  -79.611  2.220 0.0000000000
4929  30.109  -79.395  2.660 0.0000000000
4945  32.134  -79.197  1.550 0.0000000000
4946  31.580  -79.174  1.757 0.0000000000
5328  31.569  -78.599  13.743 0.0000000000
5337  31.323  -78.618  12.981 0.0000000000
5338  30.896  -78.469  12.593 0.0000000000
5339  30.110  -78.260  12.374 0.0000000000
5340  29.077  -78.232  12.366 0.0000000000
5341  28.031  -78.225  12.329 0.0000000000
5342  27.012  -78.273  12.390 0.0000000000
5343  25.936  -78.455  12.369 0.0000000000
5344  24.845  -78.200  12.358 0.0000000000
5345  23.992  -78.058  12.300 0.0000000000
5353  25.205  -79.073  12.283 0.0000000000
5354  24.251  -78.963  12.238 0.0000000000
5355  23.257  -78.400  11.697 0.0000000000
5356  22.556  -78.453  10.806 0.0000000000
5364  22.337  -78.279  9.980 0.0000000000
5376  22.304  -78.506  9.128 0.0000000000
5390  33.306  -78.846  8.212 0.0000000000
5391  32.482  -79.022  8.332 0.0000000000
5392  31.572  -79.113  8.384 0.0000000000
5393  30.587  -79.093  8.349 0.0000000000
5394  29.612  -78.887  8.221 0.0000000000
5395  28.818  -78.792  7.895 0.0000000000
5396  22.305  -78.732  8.283 0.0000000000
5411  28.134  -78.612  7.472 0.0000000000
5412  27.617  -78.309  7.137 0.0000000000
5426  32.090  -79.108  6.662 0.0000000000
5427  31.033  -78.948  6.629 0.0000000000
5428  30.114  -78.773  6.124 0.0000000000
5429  27.430  -78.470  6.570 0.0000000000
5438  29.382  -78.572  5.321 0.0000000000
5439  27.350  -78.916  5.943 0.0000000000
5451  28.980  -78.511  4.265 0.0000000000
5452  28.686  -77.832  4.013 0.0000000000
5464  29.223  -78.396  3.338 0.0000000000
5465  28.842  -77.956  3.704 0.0000000000
5480  30.371  -78.554  2.160 0.0000000000
5481  29.690  -78.800  2.801 0.0000000000
5492  32.396  -78.571  1.231 0.0000000000
5493  31.782  -78.550  1.516 0.0000000000
5494  31.154  -78.765  1.779 0.0000000000
5512  32.036  -78.382  -0.944 0.0000000000
5918  32.951  -77.756  15.599 0.0000000000
5923  32.267  -77.671  14.615 0.0000000000
5924  31.788  -77.259  14.351 0.0000000000
5928  32.075  -78.046  13.971 0.0000000000
5929  31.500  -77.604  13.633 0.0000000000
5930  30.886  -77.034  13.394 0.0000000000
5939  31.089  -78.052  13.025 0.0000000000
5940  30.550  -77.468  12.957 0.0000000000
5941  29.462  -77.334  12.650 0.0000000000
5944  26.334  -77.357  12.491 0.0000000000
5945  25.310  -77.356  12.436 0.0000000000
5946  24.363  -77.312  12.359 0.0000000000
5947  23.548  -77.360  12.070 0.0000000000
5954  23.017  -77.343  11.574 0.0000000000
5955  22.687  -77.686  11.167 0.0000000000
5962  22.424  -77.520  10.417 0.0000000000
5969  34.681  -77.188  9.351 0.0000000000
5970  34.221  -77.389  9.117 0.0000000000
5971  22.246  -77.502  9.428 0.0000000000
5980  33.756  -77.804  8.720 0.0000000000
5981  32.871  -77.983  8.580 0.0000000000
5982  31.856  -78.089  8.487 0.0000000000
5983  31.005  -78.277  8.444 0.0000000000
5984  30.128  -77.993  8.457 0.0000000000
5985  29.071  -77.771  8.245 0.0000000000
5986  28.372  -77.248  7.884 0.0000000000
5987  22.127  -77.697  8.234 0.0000000000
5994  28.397  -77.989  7.796 0.0000000000
5995  27.670  -77.493  7.457 0.0000000000
5996  26.967  -77.095  7.051 0.0000000000
5997  22.066  -77.403  6.935 0.0000000000
6006  33.557  -78.005  6.695 0.0000000000
6007  32.691  -78.102  6.663 0.0000000000
6008  31.687  -78.004  6.651 0.0000000000
6009  30.647  -77.804  6.435 0.0000000000
6010  29.661  -77.602  5.983 0.0000000000
6011  27.284  -77.769  6.937 0.0000000000
6012  26.825  -77.404  6.419 0.0000000000
6021  28.935  -77.288  5.245 0.0000000000
6022  28.614  -76.785  4.841 0.0000000000
6036  28.917  -77.944  4.818 0.0000000000
6037  28.615  -77.334  4.361 0.0000000000
6052  29.023  -77.483  3.263 0.0000000000
6053  28.687  -77.419  3.733 0.0000000000
6068  30.341  -77.533  1.996 0.0000000000
6069  29.602  -77.783  2.577 0.0000000000
6080  32.457  -77.995  0.815 0.0000000000
6081  31.949  -77.808  1.216 0.0000000000
6082  31.134  -77.856  1.609 0.0000000000
6090  32.404  -77.967  0.168 0.0000000000
6091  31.924  -77.612  -0.119 0.0000000000
6098  32.103  -78.061  -0.427 0.0000000000
6099  31.199  -77.845  -0.763 0.0000000000
6100  29.993  -77.198  -0.791 0.0000000000
6101  29.454  -76.770  -1.152 0.0000000000
6110  30.869  -78.297  -1.527 0.0000000000
6112  29.411  -77.148  -1.574 0.0000000000
6534  34.008  -77.284  16.552 0.0000000000
6535  33.229  -76.903  16.137 0.0000000000
6536  32.500  -76.699  15.551 0.0000000000
6541  32.563  -77.184  15.380 0.0000000000
6542  31.942  -76.774  14.950 0.0000000000
6543  31.361  -76.354  14.545 0.0000000000
6550  31.497  -76.889  14.245 0.0000000000
6551  30.921  -76.445  13.858 0.0000000000
6552  30.220  -76.040  13.466 0.0000000000
6561  30.465  -76.678  13.322 0.0000000000
6562  29.755  -76.425  13.067 0.0000000000
6563  28.812  -76.433  12.915 0.0000000000
6566  25.684  -76.385  12.508 0.0000000000
6567  24.697  -76.410  12.367 0.0000000000
6568  23.831  -76.501  12.165 0.0000000000
6576  23.215  -76.562  11.664 0.0000000000
6577  22.678  -76.733  10.988 0.0000000000
6588  22.413  -76.518  9.979 0.0000000000
6596  34.919  -76.735  10.017 0.0000000000
6597  34.237  -76.761  9.433 0.0000000000
6598  33.738  -76.343  9.306 0.0000000000
6599  22.265  -76.572  8.778 0.0000000000
6609  33.928  -77.265  9.118 0.0000000000
6610  33.381  -76.869  8.901 0.0000000000
6611  32.222  -76.953  8.583 0.0000000000
6612  30.965  -77.076  8.559 0.0000000000
6613  29.731  -76.812  8.498 0.0000000000
6615  27.924  -76.425  7.795 0.0000000000
6616  22.317  -76.670  7.666 0.0000000000
6624  26.998  -76.320  7.428 0.0000000000
6625  26.190  -76.323  6.890 0.0000000000
6626  25.499  -75.834  6.889 0.0000000000
6627  22.365  -76.647  6.962 0.0000000000
6635  34.234  -76.745  6.214 0.0000000000
6636  33.197  -76.993  6.514 0.0000000000
6637  32.293  -77.192  6.551 0.0000000000
6638  31.406  -76.872  6.514 0.0000000000
6639  30.261  -76.618  6.388 0.0000000000
6641  25.351  -76.051  6.301 0.0000000000
6652  29.286  -76.417  5.876 0.0000000000
6653  28.682  -76.236  5.207 0.0000000000
6667  28.464  -76.234  4.448 0.0000000000
6682  29.274  -76.916  2.809 0.0000000000
6683  28.698  -76.420  3.427 0.0000000000
6694  30.769  -76.863  1.686 0.0000000000
6695  29.959  -76.679  2.263 0.0000000000
6696  29.311  -76.226  2.656 0.0000000000
6707  32.133  -77.477  0.538 0.0000000000
6708  32.051  -77.042  0.972 0.0000000000
6709  31.526  -77.026  1.328 0.0000000000
6716  32.042  -77.477  0.231 0.0000000000
6717  31.395  -76.986  0.289 0.0000000000
6718  30.708  -76.382  0.337 0.0000000000
6726  30.724  -77.154  -0.293 0.0000000000
6727  30.307  -76.523  -0.118 0.0000000000
6728  29.477  -76.330  -0.794 0.0000000000
6735  29.019  -76.408  -1.547 0.0000000000
6736  28.767  -76.444  -2.049 0.0000000000
7165  32.257  -75.954  15.808 0.0000000000
7166  31.427  -75.528  15.387 0.0000000000
7174  31.555  -76.053  15.077 0.0000000000
7175  30.945  -75.635  14.694 0.0000000000
7185  30.313  -75.481  13.965 0.0000000000
7186  29.507  -75.327  13.463 0.0000000000
7187  28.912  -74.529  13.385 0.0000000000
7198  29.109  -75.868  13.144 0.0000000000
7201  26.036  -75.357  12.515 0.0000000000
7202  25.031  -75.465  12.339 0.0000000000
7203  23.994  -75.468  12.008 0.0000000000
7204  23.481  -75.995  11.775 0.0000000000
7216  35.719  -75.449  11.594 0.0000000000
7217  35.343  -75.500  11.295 0.0000000000
7218  23.715  -74.962  11.428 0.0000000000
7219  23.105  -75.546  11.054 0.0000000000
7220  22.629  -76.113  10.602 0.0000000000
7233  35.097  -75.982  10.810 0.0000000000
7234  22.859  -75.241  10.055 0.0000000000
7235  22.637  -75.760  10.222 0.0000000000
7246  34.595  -76.119  10.033 0.0000000000
7247  34.025  -75.928  9.590 0.0000000000
7248  33.281  -75.744  9.228 0.0000000000
7249  32.432  -75.333  9.025 0.0000000000
7250  23.085  -74.958  9.464 0.0000000000
7251  22.597  -75.589  9.293 0.0000000000
7262  32.587  -76.095  8.846 0.0000000000
7263  31.585  -75.646  8.742 0.0000000000
7264  30.378  -75.745  8.521 0.0000000000
7267  27.335  -75.402  7.790 0.0000000000
7268  26.506  -75.084  7.664 0.0000000000
7269  25.881  -75.078  7.628 0.0000000000
7270  24.042  -74.539  8.191 0.0000000000
7271  23.399  -74.976  8.500 0.0000000000
7272  22.624  -75.780  8.074 0.0000000000
7280  26.777  -75.627  7.545 0.0000000000
7281  26.271  -75.673  7.434 0.0000000000
7282  25.420  -75.422  7.358 0.0000000000
7283  24.367  -75.057  7.569 0.0000000000
7284  23.400  -75.511  7.348 0.0000000000
7285  22.722  -76.099  7.010 0.0000000000
7292  34.422  -75.837  5.980 0.0000000000
7293  33.702  -75.915  6.181 0.0000000000
7294  32.437  -76.016  6.470 0.0000000000
7295  31.131  -75.661  6.498 0.0000000000
7296  29.888  -75.308  6.275 0.0000000000
7297  24.977  -75.568  6.941 0.0000000000
7298  24.243  -75.536  6.511 0.0000000000
7306  34.664  -76.004  5.981 0.0000000000
7307  28.894  -75.343  5.696 0.0000000000
7308  28.408  -75.271  4.900 0.0000000000
7315  28.343  -75.288  3.958 0.0000000000
7323  28.677  -75.266  3.284 0.0000000000
7330  30.468  -75.962  1.807 0.0000000000
7331  29.811  -75.661  2.300 0.0000000000
7332  29.127  -75.483  2.780 0.0000000000
7342  31.577  -76.715  1.120 0.0000000000
7343  31.063  -76.329  1.262 0.0000000000
7354  31.463  -76.565  0.909 0.0000000000
7355  30.764  -76.065  0.717 0.0000000000
7356  30.190  -75.545  0.393 0.0000000000
7363  30.348  -75.986  0.238 0.0000000000
7364  29.721  -75.589  -0.267 0.0000000000
7371  29.164  -75.464  -1.463 0.0000000000
7372  28.722  -75.977  -2.196 0.0000000000
7787  31.550  -75.201  15.927 0.0000000000
7788  30.892  -74.820  15.500 0.0000000000
7797  30.263  -74.777  14.624 0.0000000000
7798  29.768  -74.359  14.360 0.0000000000
7810  29.849  -74.840  14.032 0.0000000000
7811  29.382  -74.280  13.862 0.0000000000
7812  28.795  -73.824  13.585 0.0000000000
7826  36.236  -74.989  12.549 0.0000000000
7827  35.708  -75.021  12.174 0.0000000000
7828  28.274  -74.068  13.236 0.0000000000
7831  25.244  -74.339  12.145 0.0000000000
7832  24.598  -74.883  12.101 0.0000000000
7842  35.365  -75.031  11.588 0.0000000000
7843  35.012  -75.139  11.008 0.0000000000
7844  24.768  -73.826  11.698 0.0000000000
7845  24.229  -74.354  11.637 0.0000000000
7846  23.585  -74.518  10.982 0.0000000000
7858  34.544  -75.308  10.326 0.0000000000
7859  34.172  -74.654  10.182 0.0000000000
7860  23.240  -74.596  10.156 0.0000000000
7869  34.290  -75.587  9.902 0.0000000000
7870  33.806  -74.996  9.760 0.0000000000
7871  32.896  -74.728  9.346 0.0000000000
7872  31.835  -74.530  9.072 0.0000000000
7873  31.229  -73.999  9.054 0.0000000000
7874  23.421  -74.465  9.308 0.0000000000
7882  31.424  -74.922  8.871 0.0000000000
7883  30.884  -74.615  8.802 0.0000000000
7884  29.847  -74.693  8.562 0.0000000000
7887  26.906  -74.331  7.850 0.0000000000
7888  25.869  -74.345  7.908 0.0000000000
7889  24.776  -74.309  8.145 0.0000000000
7890  23.869  -74.069  8.771 0.0000000000
7897  25.373  -74.798  7.729 0.0000000000
7898  24.969  -74.887  7.689 0.0000000000
7905  34.933  -74.779  5.612 0.0000000000
7906  34.433  -75.038  5.791 0.0000000000
7907  33.212  -74.908  6.161 0.0000000000
7908  31.988  -74.735  6.358 0.0000000000
7909  30.840  -74.494  6.476 0.0000000000
7910  29.970  -74.202  6.329 0.0000000000
7919  35.087  -75.127  5.680 0.0000000000
7920  34.770  -75.552  5.800 0.0000000000
7921  29.206  -74.386  6.035 0.0000000000
7922  28.599  -74.344  5.416 0.0000000000
7927  28.260  -74.091  4.454 0.0000000000
7935  29.069  -74.151  2.800 0.0000000000
7936  28.591  -74.349  3.404 0.0000000000
7945  30.054  -75.232  1.788 0.0000000000
7946  29.568  -74.593  2.280 0.0000000000
7947  28.982  -74.760  2.901 0.0000000000
7954  30.438  -75.422  1.173 0.0000000000
7955  29.870  -74.569  1.336 0.0000000000
7965  30.325  -75.428  0.706 0.0000000000
7966  29.824  -74.829  0.376 0.0000000000
7976  29.523  -74.630  -0.856 0.0000000000
7984  30.343  -74.119  -2.426 0.0000000000
7985  29.727  -74.421  -2.181 0.0000000000
7997  31.532  -74.062  -3.338 0.0000000000
7998  30.751  -74.281  -3.045 0.0000000000
7999  29.937  -74.909  -3.341 0.0000000000
8015  33.748  -73.985  -3.820 0.0000000000
8381  31.792  -74.037  17.554 0.0000000000
8408  30.156  -74.135  15.260 0.0000000000
8409  29.835  -73.425  15.658 0.0000000000
8421  29.912  -74.228  14.708 0.0000000000
8422  29.461  -73.650  14.653 0.0000000000
8423  28.943  -73.270  14.294 0.0000000000
8434  36.241  -73.747  12.995 0.0000000000
8435  29.067  -73.618  14.010 0.0000000000
8436  28.606  -73.112  13.873 0.0000000000
8437  28.132  -72.812  13.467 0.0000000000
8452  36.422  -74.351  12.926 0.0000000000
8453  35.936  -74.183  12.475 0.0000000000
8454  28.315  -73.397  13.434 0.0000000000
8455  27.666  -73.175  13.106 0.0000000000
8457  25.869  -73.337  12.165 0.0000000000
8470  35.444  -74.174  11.846 0.0000000000
8471  34.966  -74.243  11.223 0.0000000000
8472  25.159  -73.345  11.680 0.0000000000
8473  24.527  -73.356  11.168 0.0000000000
8474  23.891  -73.835  11.002 0.0000000000
8487  34.493  -74.477  10.604 0.0000000000
8488  33.729  -73.899  10.158 0.0000000000
8489  33.138  -73.134  10.171 0.0000000000
8490  24.075  -73.371  10.384 0.0000000000
8491  23.582  -73.960  10.476 0.0000000000
8506  33.282  -74.289  9.684 0.0000000000
8507  32.640  -73.649  9.639 0.0000000000
8508  31.616  -73.473  9.304 0.0000000000
8509  30.607  -73.408  9.065 0.0000000000
8510  29.896  -72.876  8.994 0.0000000000
8511  24.189  -73.287  9.563 0.0000000000
8512  23.634  -73.811  9.673 0.0000000000
8528  30.207  -74.053  8.751 0.0000000000
8532  26.345  -73.450  8.183 0.0000000000
8533  25.380  -73.455  8.403 0.0000000000
8534  24.507  -73.413  8.862 0.0000000000
8535  23.988  -73.582  9.183 0.0000000000
8563  35.809  -73.906  6.187 0.0000000000
8564  35.086  -74.184  5.727 0.0000000000
8565  33.913  -74.012  6.097 0.0000000000
8566  32.705  -73.817  6.220 0.0000000000
8567  31.571  -73.630  6.438 0.0000000000
8568  30.504  -73.446  6.458 0.0000000000
8569  29.488  -73.371  6.232 0.0000000000
8580  35.316  -74.584  5.791 0.0000000000
8581  35.149  -74.683  5.644 0.0000000000
8582  28.834  -73.684  5.858 0.0000000000
8583  28.420  -73.249  5.362 0.0000000000
8602  28.857  -73.639  2.994 0.0000000000
8603  28.505  -73.205  3.545 0.0000000000
8616  29.293  -73.461  2.364 0.0000000000
8617  28.906  -73.037  2.842 0.0000000000
8625  29.583  -73.670  1.502 0.0000000000
8632  29.631  -73.836  0.615 0.0000000000
8641  30.092  -73.424  -1.198 0.0000000000
8642  29.663  -73.802  -0.410 0.0000000000
8648  32.443  -73.518  -2.839 0.0000000000
8649  31.793  -73.446  -2.560 0.0000000000
8650  30.607  -73.655  -2.111 0.0000000000
8651  29.798  -73.927  -1.350 0.0000000000
8663  34.919  -73.374  -2.751 0.0000000000
8664  34.398  -73.523  -2.948 0.0000000000
8665  33.726  -73.641  -3.117 0.0000000000
8666  32.996  -73.624  -3.126 0.0000000000
8667  32.188  -73.857  -3.308 0.0000000000
8668  31.358  -73.827  -2.895 0.0000000000
8685  33.515  -73.883  -3.573 0.0000000000
8686  32.934  -74.001  -3.675 0.0000000000
8687  32.489  -74.157  -3.796 0.0000000000
9079  30.799  -72.434  18.550 0.0000000000
9095  29.977  -72.322  17.272 0.0000000000
9121  29.521  -72.671  16.034 0.0000000000
9122  28.960  -72.357  15.488 0.0000000000
9135  29.295  -72.947  15.294 0.0000000000
9136  28.704  -72.596  14.656 0.0000000000
9148  36.071  -73.051  13.335 0.0000000000
9149  28.168  -72.229  13.834 0.0000000000
9150  27.690  -72.182  13.240 0.0000000000
9164  35.753  -73.307  12.734 0.0000000000
9165  35.330  -72.761  12.363 0.0000000000
9166  27.098  -72.254  12.667 0.0000000000
9167  26.186  -72.182  12.031 0.0000000000
9168  25.564  -72.709  11.691 0.0000000000
9180  35.471  -73.475  12.202 0.0000000000
9181  34.846  -72.921  11.565 0.0000000000
9182  34.240  -72.149  11.310 0.0000000000
9184  25.091  -72.609  11.045 0.0000000000
9185  24.736  -72.939  10.960 0.0000000000
9195  34.401  -73.605  10.807 0.0000000000
9196  33.731  -72.621  10.746 0.0000000000
9197  32.484  -72.424  10.159 0.0000000000
9198  31.785  -71.755  10.045 0.0000000000
9199  24.949  -72.413  10.220 0.0000000000
9200  24.630  -72.902  10.635 0.0000000000
9216  32.042  -72.948  9.591 0.0000000000
9217  31.318  -72.400  9.575 0.0000000000
9218  30.272  -72.329  9.255 0.0000000000
9219  29.222  -72.226  8.896 0.0000000000
9220  28.482  -71.668  8.856 0.0000000000
9221  24.895  -72.526  9.591 0.0000000000
9222  24.511  -72.853  9.966 0.0000000000
9236  27.934  -72.269  8.571 0.0000000000
9237  26.747  -72.565  8.439 0.0000000000
9238  25.842  -72.690  8.537 0.0000000000
9239  25.110  -72.670  8.939 0.0000000000
9240  24.593  -72.896  9.359 0.0000000000
9261  38.806  -72.568  6.770 0.0000000000
9262  37.765  -72.662  6.599 0.0000000000
9263  36.700  -72.947  6.453 0.0000000000
9264  35.653  -73.198  6.320 0.0000000000
9265  34.527  -73.121  6.278 0.0000000000
9266  33.349  -72.952  6.368 0.0000000000
9267  32.219  -72.771  6.477 0.0000000000
9268  31.122  -72.552  6.537 0.0000000000
9305  29.283  -72.523  2.391 0.0000000000
9319  29.923  -72.337  0.725 0.0000000000
9320  29.553  -72.672  1.540 0.0000000000
9330  36.594  -72.179  0.042 0.0000000000
9331  36.085  -71.952  0.155 0.0000000000
9332  30.039  -72.569  0.062 0.0000000000
9333  29.605  -73.025  0.742 0.0000000000
9343  36.632  -72.414  -0.622 0.0000000000
9344  35.645  -72.083  -0.430 0.0000000000
9345  34.895  -72.004  -0.775 0.0000000000
9346  30.800  -72.556  -1.140 0.0000000000
9347  30.156  -72.951  -0.664 0.0000000000
9348  29.697  -73.203  0.062 0.0000000000
9359  36.052  -72.579  -1.380 0.0000000000
9360  34.865  -72.398  -1.493 0.0000000000
9361  33.752  -72.592  -2.036 0.0000000000
9362  32.708  -72.999  -2.408 0.0000000000
9363  31.427  -72.852  -1.790 0.0000000000
9364  30.589  -73.053  -1.394 0.0000000000
9376  35.525  -73.031  -2.453 0.0000000000
9377  34.579  -73.060  -2.419 0.0000000000
9378  33.772  -73.209  -2.659 0.0000000000
9379  33.325  -73.404  -2.833 0.0000000000
9774  39.164  -71.317  21.819 0.0000000000
9775  38.490  -71.749  21.708 0.0000000000
9822  30.428  -71.555  18.876 0.0000000000
9823  30.173  -71.376  18.364 0.0000000000
9838  41.268  -70.548  17.028 0.0000000000
9839  40.801  -70.784  17.047 0.0000000000
9840  40.217  -71.082  17.077 0.0000000000
9841  30.384  -71.942  18.239 0.0000000000
9842  29.843  -71.545  17.749 0.0000000000
9843  29.021  -71.073  17.182 0.0000000000
9859  29.408  -71.969  16.800 0.0000000000
9866  36.741  -71.489  15.305 0.0000000000
9867  36.153  -71.289  14.696 0.0000000000
9869  28.449  -71.499  15.375 0.0000000000
9880  36.112  -71.603  14.210 0.0000000000
9881  28.127  -71.398  14.322 0.0000000000
9896  35.759  -71.886  13.525 0.0000000000
9897  35.110  -71.337  13.289 0.0000000000
9898  27.767  -71.205  13.431 0.0000000000
9899  27.404  -71.379  12.744 0.0000000000
9916  35.559  -72.530  12.896 0.0000000000
9917  34.822  -71.686  12.516 0.0000000000
9918  34.171  -71.002  12.334 0.0000000000
9919  26.822  -71.393  12.231 0.0000000000
9920  26.442  -71.280  11.666 0.0000000000
9933  34.467  -71.956  11.667 0.0000000000
9934  33.686  -71.296  11.508 0.0000000000
9935  32.887  -70.636  11.225 0.0000000000
9936  25.938  -71.477  11.026 0.0000000000
9945  33.082  -71.811  10.698 0.0000000000
9946  32.313  -71.028  10.582 0.0000000000
9947  31.017  -71.186  9.893 0.0000000000
9948  30.349  -70.761  9.715 0.0000000000
9949  25.837  -71.399  10.102 0.0000000000
9950  25.404  -71.923  10.498 0.0000000000
9964  30.646  -71.788  9.517 0.0000000000
9965  29.939  -71.261  9.418 0.0000000000
9966  28.833  -71.116  9.135 0.0000000000
9967  27.902  -71.152  8.956 0.0000000000
9968  27.131  -71.228  9.150 0.0000000000
9969  26.357  -71.378  9.380 0.0000000000
9970  25.447  -71.975  9.505 0.0000000000
9981  27.483  -71.573  8.815 0.0000000000
9982  26.943  -71.754  8.731 0.0000000000
9983  26.085  -71.985  8.756 0.0000000000
9984  25.596  -72.290  8.895 0.0000000000
9992  40.404  -71.310  6.885 0.0000000000
9994  38.392  -71.133  6.795 0.0000000000
9995  37.739  -71.261  6.930 0.0000000000
9996  36.677  -71.340  7.108 0.0000000000
9997  35.538  -71.338  7.219 0.0000000000
9998  34.400  -71.237  7.164 0.0000000000
9999  33.298  -71.141  7.143 0.0000000000
10000  32.268  -71.036  7.083 0.0000000000
10001  31.405  -70.908  6.959 0.0000000000
10007  40.219  -71.359  6.771 0.0000000000
10008  39.618  -71.680  6.722 0.0000000000
10009  38.597  -71.722  6.590 0.0000000000
10010  37.346  -72.098  6.610 0.0000000000
10011  36.212  -72.249  6.707 0.0000000000
10012  35.059  -72.229  6.715 0.0000000000
10013  33.910  -72.096  6.691 0.0000000000
10014  32.801  -71.949  6.711 0.0000000000
10015  31.739  -71.758  6.746 0.0000000000
10048  29.981  -71.465  1.892 0.0000000000
10067  37.424  -71.023  1.045 0.0000000000
10068  36.747  -71.241  1.068 0.0000000000
10069  35.858  -71.238  1.077 0.0000000000
10070  35.024  -70.940  0.946 0.0000000000
10071  34.497  -70.773  0.940 0.0000000000
10072  30.882  -71.310  0.787 0.0000000000
10073  30.113  -71.782  1.191 0.0000000000
10074  29.639  -72.004  1.918 0.0000000000
10093  37.768  -70.988  0.722 0.0000000000
10094  37.322  -71.663  0.398 0.0000000000
10095  36.402  -71.691  0.534 0.0000000000
10096  35.544  -71.561  0.414 0.0000000000
10097  34.509  -71.087  0.487 0.0000000000
10098  33.624  -71.036  0.146 0.0000000000
10099  32.742  -71.073  -0.049 0.0000000000
10100  31.709  -71.285  0.070 0.0000000000
10101  30.586  -71.801  0.109 0.0000000000
10118  35.103  -71.586  0.036 0.0000000000
10119  34.570  -71.575  -0.296 0.0000000000
10120  33.630  -71.467  -0.546 0.0000000000
10121  32.665  -71.575  -0.787 0.0000000000
10122  31.508  -71.978  -1.035 0.0000000000
10123  30.586  -72.317  -0.555 0.0000000000
10141  34.366  -71.847  -0.901 0.0000000000
10142  33.693  -71.964  -1.263 0.0000000000
10143  32.741  -72.243  -1.559 0.0000000000
10144  32.087  -72.480  -1.731 0.0000000000
10530  40.064  -70.180  22.413 0.0000000000
10547  40.021  -70.211  22.178 0.0000000000
10548  39.700  -70.903  21.996 0.0000000000
10560  39.407  -70.971  21.721 0.0000000000
10561  38.843  -71.052  21.598 0.0000000000
10614  29.847  -70.577  18.667 0.0000000000
10636  41.127  -70.249  17.233 0.0000000000
10637  40.293  -70.422  17.232 0.0000000000
10638  39.534  -70.359  17.124 0.0000000000
10639  29.233  -70.285  17.730 0.0000000000
10653  39.745  -70.914  17.112 0.0000000000
10663  35.746  -70.575  15.172 0.0000000000
10664  35.053  -70.038  15.202 0.0000000000
10665  27.996  -70.394  14.778 0.0000000000
10669  35.510  -71.044  14.190 0.0000000000
10670  34.869  -70.304  14.618 0.0000000000
10671  27.821  -70.354  13.836 0.0000000000
10687  35.257  -71.199  13.617 0.0000000000
10688  34.594  -70.624  13.475 0.0000000000
10689  33.954  -70.005  13.304 0.0000000000
10690  27.669  -70.318  13.210 0.0000000000
10691  27.526  -70.553  12.774 0.0000000000
10707  34.352  -70.869  12.732 0.0000000000
10708  33.758  -70.244  12.605 0.0000000000
10709  27.212  -70.668  12.224 0.0000000000
10710  26.812  -70.806  11.777 0.0000000000
10719  33.079  -70.163  11.711 0.0000000000
10720  32.417  -70.115  11.168 0.0000000000
10721  27.202  -70.257  11.469 0.0000000000
10722  26.654  -70.732  11.102 0.0000000000
10730  31.881  -70.060  10.731 0.0000000000
10731  31.257  -70.230  10.355 0.0000000000
10732  30.501  -70.264  9.952 0.0000000000
10733  27.948  -69.822  10.173 0.0000000000
10734  27.376  -70.170  10.430 0.0000000000
10735  26.535  -70.867  10.152 0.0000000000
10748  29.885  -70.353  9.669 0.0000000000
10749  29.162  -70.406  9.499 0.0000000000
10750  28.197  -70.247  9.644 0.0000000000
10751  27.293  -70.687  9.588 0.0000000000
10752  26.805  -70.986  9.550 0.0000000000
10781  38.110  -70.555  7.129 0.0000000000
10782  37.082  -70.430  7.328 0.0000000000
10783  35.974  -70.368  7.474 0.0000000000
10784  34.849  -70.284  7.484 0.0000000000
10785  33.739  -70.229  7.500 0.0000000000
10786  32.675  -70.183  7.408 0.0000000000
10787  31.694  -70.174  7.241 0.0000000000
10788  30.721  -70.258  6.942 0.0000000000
10789  30.219  -69.847  6.731 0.0000000000
10799  40.222  -71.092  6.625 0.0000000000
10800  39.611  -71.103  6.519 0.0000000000
10801  38.902  -70.853  6.700 0.0000000000
10802  30.402  -70.665  6.776 0.0000000000
10839  31.173  -69.842  3.002 0.0000000000
10840  30.536  -70.125  3.070 0.0000000000
10851  37.922  -69.989  2.178 0.0000000000
10852  37.308  -70.090  2.050 0.0000000000
10853  36.383  -70.175  2.066 0.0000000000
10854  35.403  -70.202  2.110 0.0000000000
10855  34.453  -70.160  2.081 0.0000000000
10856  33.556  -70.174  2.077 0.0000000000
10857  32.704  -70.236  2.112 0.0000000000
10858  31.613  -70.250  2.361 0.0000000000
10859  30.297  -70.829  2.339 0.0000000000
10873  37.816  -70.270  1.507 0.0000000000
10874  37.026  -70.620  1.544 0.0000000000
10875  36.130  -70.729  1.586 0.0000000000
10876  35.221  -70.613  1.515 0.0000000000
10877  34.331  -70.514  1.419 0.0000000000
10878  33.456  -70.440  1.475 0.0000000000
10879  32.576  -70.493  1.425 0.0000000000
10880  31.538  -70.798  1.166 0.0000000000
10881  30.546  -71.191  1.463 0.0000000000
10896  34.068  -70.639  0.997 0.0000000000
10897  33.493  -70.667  0.830 0.0000000000
10898  32.680  -70.748  0.635 0.0000000000
10899  32.157  -70.914  0.442 0.0000000000
10912  37.782  -70.107  -0.826 0.0000000000
11342  40.450  -69.499  22.611 0.0000000000
11343  39.792  -69.962  22.094 0.0000000000
11344  38.905  -69.773  21.957 0.0000000000
11345  38.324  -69.668  21.934 0.0000000000
11346  35.808  -70.007  22.164 0.0000000000
11347  34.949  -69.479  22.540 0.0000000000
11362  39.589  -70.678  21.845 0.0000000000
11363  39.219  -70.520  21.744 0.0000000000
11364  38.365  -70.273  21.648 0.0000000000
11365  37.389  -70.131  21.643 0.0000000000
11366  36.406  -69.827  21.878 0.0000000000
11367  35.580  -69.298  22.090 0.0000000000
11396  29.755  -69.459  19.375 0.0000000000
11410  29.333  -69.213  18.420 0.0000000000
11431  41.636  -69.560  17.353 0.0000000000
11432  40.770  -69.612  17.380 0.0000000000
11433  39.819  -69.628  17.225 0.0000000000
11448  38.790  -69.800  16.923 0.0000000000
11449  37.618  -69.662  16.532 0.0000000000
11450  36.420  -69.610  16.121 0.0000000000
11451  35.751  -69.056  15.965 0.0000000000
11458  35.396  -69.568  15.617 0.0000000000
11459  34.457  -69.496  15.134 0.0000000000
11460  33.979  -68.965  15.106 0.0000000000
11461  27.942  -69.358  15.165 0.0000000000
11467  33.755  -69.138  14.585 0.0000000000
11468  27.939  -69.324  14.112 0.0000000000
11481  34.047  -69.907  13.617 0.0000000000
11482  33.388  -69.279  13.489 0.0000000000
11483  32.759  -68.828  13.104 0.0000000000
11484  27.887  -69.555  13.111 0.0000000000
11485  27.620  -70.017  12.821 0.0000000000
11500  33.274  -69.545  12.738 0.0000000000
11501  32.766  -69.112  12.640 0.0000000000
11502  28.273  -69.078  12.397 0.0000000000
11503  27.649  -69.804  12.168 0.0000000000
11508  33.085  -69.637  12.259 0.0000000000
11509  32.367  -69.285  11.738 0.0000000000
11510  31.471  -68.978  11.262 0.0000000000
11511  30.827  -68.940  10.913 0.0000000000
11512  28.269  -69.146  11.482 0.0000000000
11513  27.698  -69.618  11.046 0.0000000000
11520  31.927  -69.557  11.081 0.0000000000
11521  31.318  -69.505  10.748 0.0000000000
11522  30.404  -69.413  10.424 0.0000000000
11523  29.466  -69.315  10.233 0.0000000000
11524  28.512  -69.438  10.353 0.0000000000
11525  27.853  -69.714  10.490 0.0000000000
11538  29.938  -69.782  9.946 0.0000000000
11539  29.298  -69.792  9.810 0.0000000000
11540  28.779  -69.904  9.756 0.0000000000
11566  40.621  -69.903  7.232 0.0000000000
11567  39.817  -69.802  6.994 0.0000000000
11568  38.747  -69.840  7.132 0.0000000000
11569  37.531  -69.565  7.436 0.0000000000
11570  36.404  -69.424  7.625 0.0000000000
11571  35.286  -69.329  7.769 0.0000000000
11572  34.168  -69.277  7.914 0.0000000000
11573  33.040  -69.275  7.903 0.0000000000
11574  31.993  -69.285  7.612 0.0000000000
11575  31.153  -69.379  7.244 0.0000000000
11576  30.551  -69.365  6.840 0.0000000000
11585  40.420  -70.677  6.817 0.0000000000
11586  40.183  -70.594  6.700 0.0000000000
11587  39.526  -70.483  6.711 0.0000000000
11588  29.905  -69.405  6.220 0.0000000000
11604  29.790  -69.161  5.064 0.0000000000
11605  29.292  -69.882  5.564 0.0000000000
11617  30.072  -69.362  4.211 0.0000000000
11625  38.383  -69.053  2.906 0.0000000000
11626  37.826  -69.162  2.929 0.0000000000
11627  36.886  -69.038  2.870 0.0000000000
11628  35.819  -68.916  2.889 0.0000000000
11629  34.733  -68.934  3.098 0.0000000000
11630  33.707  -69.125  3.294 0.0000000000
11631  32.751  -69.348  3.255 0.0000000000
11632  31.800  -69.604  3.096 0.0000000000
11633  30.777  -69.496  3.562 0.0000000000
11634  29.953  -69.805  3.707 0.0000000000
11649  38.424  -69.390  2.433 0.0000000000
11650  37.593  -69.630  2.498 0.0000000000
11651  36.638  -69.604  2.487 0.0000000000
11652  35.599  -69.564  2.512 0.0000000000
11653  34.579  -69.591  2.595 0.0000000000
11654  33.633  -69.721  2.669 0.0000000000
11655  32.776  -69.865  2.644 0.0000000000
11656  32.220  -69.966  2.538 0.0000000000
11674  37.586  -69.233  1.204 0.0000000000
11688  37.756  -69.809  0.629 0.0000000000
11689  37.065  -69.081  0.440 0.0000000000
11690  36.668  -68.761  -0.028 0.0000000000
11704  37.838  -70.220  0.127 0.0000000000
11705  37.509  -69.752  -0.358 0.0000000000
11706  36.905  -68.999  -0.440 0.0000000000
11718  37.578  -69.488  -1.380 0.0000000000
11719  37.113  -69.158  -1.019 0.0000000000
12183  40.987  -68.643  22.641 0.0000000000
12184  40.195  -68.881  22.447 0.0000000000
12185  39.252  -68.980  22.388 0.0000000000
12186  38.273  -68.996  22.299 0.0000000000
12187  37.497  -68.714  22.192 0.0000000000
12188  34.563  -68.867  22.356 0.0000000000
12189  33.902  -68.625  22.566 0.0000000000
12202  37.756  -69.495  21.946 0.0000000000
12203  36.840  -68.989  21.976 0.0000000000
12204  35.848  -68.727  21.875 0.0000000000
12205  34.836  -68.563  22.014 0.0000000000
12206  34.194  -68.081  22.038 0.0000000000
12220  29.822  -68.696  19.827 0.0000000000
12232  30.009  -67.932  19.850 0.0000000000
12233  29.630  -68.367  19.163 0.0000000000
12247  29.299  -68.205  18.504 0.0000000000
12265  42.243  -68.747  17.400 0.0000000000
12266  41.334  -68.801  17.489 0.0000000000
12267  40.323  -68.755  17.361 0.0000000000
12268  39.270  -68.707  17.143 0.0000000000
12269  28.871  -68.328  17.909 0.0000000000
12281  38.169  -68.560  16.778 0.0000000000
12282  37.045  -68.632  16.508 0.0000000000
12283  36.074  -68.540  16.249 0.0000000000
12284  35.128  -68.534  15.931 0.0000000000
12285  34.565  -68.153  15.847 0.0000000000
12292  34.786  -69.056  15.573 0.0000000000
12293  34.250  -68.568  15.512 0.0000000000
12294  33.602  -68.530  15.004 0.0000000000
12302  33.209  -68.525  14.288 0.0000000000
12303  32.750  -68.271  13.958 0.0000000000
12304  28.232  -68.340  14.641 0.0000000000
12315  32.987  -68.605  13.790 0.0000000000
12316  32.547  -68.394  13.435 0.0000000000
12317  31.991  -68.126  13.052 0.0000000000
12318  29.215  -67.800  13.119 0.0000000000
12319  28.628  -68.330  13.275 0.0000000000
12334  32.334  -68.530  12.844 0.0000000000
12335  31.686  -68.164  12.591 0.0000000000
12336  30.853  -67.938  12.297 0.0000000000
12337  29.658  -67.946  12.424 0.0000000000
12338  28.818  -68.520  11.965 0.0000000000
12345  32.196  -68.652  12.298 0.0000000000
12346  31.573  -68.488  11.892 0.0000000000
12347  30.605  -68.405  11.534 0.0000000000
12348  29.594  -68.453  11.401 0.0000000000
12349  28.887  -68.708  10.985 0.0000000000
12358  30.212  -68.702  10.913 0.0000000000
12359  29.584  -68.816  10.680 0.0000000000
12360  29.067  -68.942  10.482 0.0000000000
12379  42.662  -67.771  8.294 0.0000000000
12383  33.983  -67.755  8.264 0.0000000000
12384  33.693  -67.637  8.193 0.0000000000
12392  42.141  -68.123  7.823 0.0000000000
12394  41.050  -68.798  7.481 0.0000000000
12395  40.162  -68.920  7.320 0.0000000000
12396  39.098  -68.796  7.289 0.0000000000
12397  37.978  -68.651  7.516 0.0000000000
12398  36.853  -68.504  7.768 0.0000000000
12399  35.746  -68.398  7.957 0.0000000000
12400  34.594  -68.248  8.144 0.0000000000
12401  33.482  -68.137  8.120 0.0000000000
12402  32.382  -68.292  7.741 0.0000000000
12404  30.864  -68.873  7.043 0.0000000000
12415  31.076  -67.975  6.673 0.0000000000
12416  30.660  -68.489  6.489 0.0000000000
12429  30.961  -68.088  5.015 0.0000000000
12430  30.353  -68.543  5.488 0.0000000000
12444  33.217  -67.567  4.383 0.0000000000
12445  32.681  -67.890  4.285 0.0000000000
12446  31.765  -68.152  4.406 0.0000000000
12447  30.755  -68.734  4.311 0.0000000000
12460  40.197  -67.931  3.056 0.0000000000
12461  39.804  -68.235  3.069 0.0000000000
12462  38.917  -68.656  3.009 0.0000000000
12463  38.057  -68.644  3.256 0.0000000000
12464  37.119  -68.510  3.288 0.0000000000
12465  36.055  -68.355  3.336 0.0000000000
12466  34.987  -68.302  3.515 0.0000000000
12467  33.767  -68.103  3.814 0.0000000000
12468  32.734  -68.586  3.777 0.0000000000
12469  31.832  -68.917  3.733 0.0000000000
12470  31.275  -69.166  3.657 0.0000000000
12486  38.916  -68.834  2.718 0.0000000000
12502  38.906  -68.389  2.248 0.0000000000
12503  38.049  -68.560  1.665 0.0000000000
12504  36.968  -68.529  1.163 0.0000000000
12505  36.499  -68.161  0.957 0.0000000000
12518  36.803  -68.696  0.707 0.0000000000
12519  36.430  -68.375  0.413 0.0000000000
12520  35.940  -67.990  0.106 0.0000000000
12535  36.380  -68.452  -0.529 0.0000000000
12536  36.030  -68.134  -0.220 0.0000000000
12549  37.182  -68.479  -1.614 0.0000000000
12550  36.686  -68.668  -1.090 0.0000000000
12559  38.306  -68.330  -2.720 0.0000000000
12560  37.761  -68.666  -2.073 0.0000000000
13079  41.597  -67.863  22.604 0.0000000000
13080  40.685  -67.909  22.477 0.0000000000
13081  39.663  -67.916  22.409 0.0000000000
13082  38.621  -67.965  22.413 0.0000000000
13083  37.751  -68.023  22.375 0.0000000000
13084  37.052  -67.991  22.215 0.0000000000
13097  36.252  -67.882  21.927 0.0000000000
13098  35.343  -67.763  21.663 0.0000000000
13099  34.471  -67.584  21.726 0.0000000000
13100  33.566  -67.619  21.895 0.0000000000
13101  32.496  -67.469  21.813 0.0000000000
13102  31.309  -67.549  21.509 0.0000000000
13113  31.122  -67.002  20.780 0.0000000000
13114  30.599  -67.399  20.459 0.0000000000
13125  30.261  -67.227  19.707 0.0000000000
13126  29.804  -67.429  19.292 0.0000000000
13135  29.493  -67.630  18.782 0.0000000000
13144  42.000  -67.977  17.568 0.0000000000
13145  40.945  -67.906  17.483 0.0000000000
13146  39.871  -67.803  17.314 0.0000000000
13147  38.793  -67.668  17.026 0.0000000000
13148  38.151  -67.317  16.872 0.0000000000
13149  29.128  -67.473  18.202 0.0000000000
13160  38.158  -67.794  16.818 0.0000000000
13161  37.552  -67.670  16.705 0.0000000000
13162  36.588  -67.705  16.512 0.0000000000
13163  35.649  -67.655  16.313 0.0000000000
13164  34.717  -67.587  16.092 0.0000000000
13165  34.057  -67.343  15.825 0.0000000000
13177  34.207  -67.891  15.765 0.0000000000
13178  33.522  -67.723  15.385 0.0000000000
13179  32.898  -67.565  14.894 0.0000000000
13192  33.183  -68.046  14.806 0.0000000000
13193  32.702  -67.866  14.368 0.0000000000
13209  32.375  -67.911  13.850 0.0000000000
13210  31.738  -67.700  13.442 0.0000000000
13211  30.726  -67.370  13.404 0.0000000000
13212  29.721  -67.473  13.366 0.0000000000
13213  29.116  -67.694  13.525 0.0000000000
13227  31.638  -67.917  12.990 0.0000000000
13228  31.178  -67.710  12.892 0.0000000000
13229  30.398  -67.601  12.837 0.0000000000
13269  43.002  -67.429  8.465 0.0000000000
13270  42.483  -67.565  8.171 0.0000000000
13271  42.173  -67.642  7.960 0.0000000000
13272  34.311  -67.310  8.231 0.0000000000
13273  33.868  -67.380  8.235 0.0000000000
13287  42.257  -67.909  7.894 0.0000000000
13288  41.934  -67.844  7.756 0.0000000000
13289  41.295  -68.030  7.603 0.0000000000
13290  40.452  -68.037  7.499 0.0000000000
13291  39.426  -67.896  7.513 0.0000000000
13292  38.347  -67.693  7.597 0.0000000000
13293  37.273  -67.538  7.805 0.0000000000
13294  36.193  -67.451  7.991 0.0000000000
13295  35.139  -67.402  8.129 0.0000000000
13296  33.505  -67.274  8.076 0.0000000000
13297  32.776  -67.245  7.664 0.0000000000
13298  31.946  -67.564  7.340 0.0000000000
13310  32.203  -66.814  6.909 0.0000000000
13311  31.547  -67.446  6.542 0.0000000000
13312  31.059  -67.829  6.189 0.0000000000
13323  33.169  -66.344  5.408 0.0000000000
13324  32.472  -66.764  5.705 0.0000000000
13325  31.594  -67.576  5.361 0.0000000000
13326  30.833  -68.017  5.718 0.0000000000
13336  39.094  -67.179  3.704 0.0000000000
13337  38.600  -67.216  3.768 0.0000000000
13338  37.713  -67.179  3.890 0.0000000000
13339  36.682  -67.040  3.985 0.0000000000
13340  35.492  -66.929  4.210 0.0000000000
13341  33.853  -66.870  4.580 0.0000000000
13342  32.621  -67.360  4.815 0.0000000000
13343  32.120  -67.688  4.675 0.0000000000
13357  40.573  -67.525  2.985 0.0000000000
13358  40.154  -67.722  3.255 0.0000000000
13359  39.359  -67.757  3.486 0.0000000000
13360  38.374  -67.962  3.524 0.0000000000
13361  37.392  -67.879  3.600 0.0000000000
13362  36.316  -67.730  3.684 0.0000000000
13363  35.175  -67.664  3.872 0.0000000000
13364  34.430  -67.736  3.934 0.0000000000
13396  40.231  -66.952  2.324 0.0000000000
13397  39.620  -67.381  2.318 0.0000000000
13398  38.607  -67.603  2.046 0.0000000000
13399  37.538  -67.650  1.651 0.0000000000
13400  36.466  -67.608  1.220 0.0000000000
13401  35.896  -67.192  0.953 0.0000000000
13418  36.296  -67.976  0.818 0.0000000000
13419  35.946  -67.670  0.551 0.0000000000
13432  36.025  -68.046  -0.699 0.0000000000
13433  35.699  -67.559  -0.400 0.0000000000
13446  37.073  -67.933  -1.813 0.0000000000
13447  36.420  -67.722  -1.495 0.0000000000
13448  35.712  -67.097  -1.139 0.0000000000
13455  38.279  -67.407  -3.001 0.0000000000
13456  37.502  -67.607  -2.303 0.0000000000
13457  36.835  -67.142  -2.192 0.0000000000
13979  41.243  -67.067  22.508 0.0000000000
13980  40.129  -66.824  22.351 0.0000000000
13981  38.969  -66.829  22.336 0.0000000000
13982  37.867  -67.012  22.338 0.0000000000
13983  37.364  -67.467  22.338 0.0000000000
13996  39.910  -66.316  22.298 0.0000000000
13997  39.565  -66.335  22.264 0.0000000000
13998  37.444  -66.631  22.259 0.0000000000
13999  36.899  -66.921  22.265 0.0000000000
14000  35.840  -66.873  21.723 0.0000000000
14001  34.933  -66.823  21.470 0.0000000000
14002  33.967  -66.670  21.494 0.0000000000
14003  33.029  -66.848  21.432 0.0000000000
14004  32.188  -66.859  21.341 0.0000000000
14018  33.340  -66.213  21.157 0.0000000000
14019  32.604  -66.201  20.992 0.0000000000
14020  31.636  -66.435  20.718 0.0000000000
14021  30.988  -66.654  20.393 0.0000000000
14029  31.141  -66.100  20.114 0.0000000000
14030  30.616  -66.466  19.717 0.0000000000
14031  30.097  -66.808  19.316 0.0000000000
14038  30.217  -66.254  19.101 0.0000000000
14039  29.646  -66.680  18.678 0.0000000000
14049  42.711  -67.145  17.579 0.0000000000
14050  41.644  -67.078  17.610 0.0000000000
14051  40.560  -66.951  17.427 0.0000000000
14052  39.486  -66.833  17.292 0.0000000000
14053  38.517  -66.727  17.112 0.0000000000
14054  29.103  -66.576  17.687 0.0000000000
14065  37.762  -66.811  16.889 0.0000000000
14066  37.063  -66.929  16.747 0.0000000000
14067  36.240  -66.795  16.529 0.0000000000
14068  35.263  -66.716  16.401 0.0000000000
14069  34.323  -66.680  16.121 0.0000000000
14070  29.204  -66.134  16.567 0.0000000000
14084  33.536  -66.787  15.721 0.0000000000
14085  32.672  -66.855  15.213 0.0000000000
14086  31.718  -66.219  15.052 0.0000000000
14088  29.696  -65.993  15.547 0.0000000000
14171  44.090  -66.253  9.449 0.0000000000
14172  43.557  -66.680  8.844 0.0000000000
14173  42.825  -66.747  8.341 0.0000000000
14174  41.915  -66.967  8.146 0.0000000000
14175  40.894  -66.607  8.143 0.0000000000
14176  39.977  -66.430  8.090 0.0000000000
14177  39.176  -66.284  7.938 0.0000000000
14178  37.484  -65.994  7.907 0.0000000000
14179  37.167  -65.971  7.938 0.0000000000
14180  34.224  -66.926  8.207 0.0000000000
14181  33.942  -66.944  8.190 0.0000000000
14193  41.377  -67.405  7.863 0.0000000000
14194  40.654  -67.300  7.786 0.0000000000
14195  39.735  -67.130  7.755 0.0000000000
14196  38.666  -66.765  7.747 0.0000000000
14197  37.665  -66.560  7.828 0.0000000000
14198  36.634  -66.411  8.006 0.0000000000
14199  35.548  -66.485  8.076 0.0000000000
14200  34.464  -66.557  8.086 0.0000000000
14201  33.524  -66.428  7.680 0.0000000000
14202  32.834  -66.503  7.149 0.0000000000
14213  33.275  -65.904  6.711 0.0000000000
14214  32.703  -66.397  6.475 0.0000000000
14225  34.432  -65.623  5.290 0.0000000000
14226  33.667  -65.783  5.566 0.0000000000
14227  32.969  -66.157  5.935 0.0000000000
14242  41.985  -66.422  3.454 0.0000000000
14243  41.290  -66.464  3.696 0.0000000000
14244  40.458  -66.536  3.913 0.0000000000
14245  39.708  -66.587  4.059 0.0000000000
14246  38.960  -66.645  4.067 0.0000000000
14247  38.093  -66.536  4.248 0.0000000000
14248  37.145  -66.393  4.358 0.0000000000
14249  36.099  -66.243  4.529 0.0000000000
14250  34.929  -66.000  4.739 0.0000000000
14251  34.165  -66.009  4.972 0.0000000000
14270  40.656  -67.092  3.401 0.0000000000
14271  39.989  -67.175  3.631 0.0000000000
14272  39.436  -67.066  3.721 0.0000000000
14287  41.040  -66.735  2.464 0.0000000000
14288  39.126  -66.223  2.203 0.0000000000
14289  38.706  -66.218  2.231 0.0000000000
14300  41.641  -66.206  2.380 0.0000000000
14301  40.798  -66.489  2.266 0.0000000000
14302  40.041  -66.572  2.170 0.0000000000
14303  39.198  -66.644  2.207 0.0000000000
14304  38.023  -66.698  2.130 0.0000000000
14305  36.910  -66.762  1.764 0.0000000000
14306  35.985  -66.676  1.344 0.0000000000
14320  35.412  -66.706  0.447 0.0000000000
14321  35.129  -66.192  -0.122 0.0000000000
14335  35.355  -66.473  -0.613 0.0000000000
14336  35.198  -66.153  -0.357 0.0000000000
14348  36.492  -66.897  -2.076 0.0000000000
14349  35.842  -66.407  -1.775 0.0000000000
14359  38.227  -67.007  -3.542 0.0000000000
14360  37.863  -66.720  -3.186 0.0000000000
14361  36.883  -66.296  -2.727 0.0000000000
14362  36.139  -65.594  -2.417 0.0000000000
14373  38.022  -66.306  -3.867 0.0000000000
14374  37.604  -65.985  -3.530 0.0000000000
14907  41.832  -66.392  22.309 0.0000000000
14908  40.918  -66.343  22.324 0.0000000000
14909  38.733  -66.362  22.233 0.0000000000
14910  38.393  -66.406  22.241 0.0000000000
14924  42.420  -65.736  22.037 0.0000000000
14925  41.285  -65.742  21.927 0.0000000000
14926  40.058  -65.867  22.131 0.0000000000
14927  38.842  -65.958  22.055 0.0000000000
14928  37.612  -66.058  22.052 0.0000000000
14929  36.417  -65.908  21.540 0.0000000000
14930  35.428  -66.028  21.321 0.0000000000
14931  34.575  -65.979  21.187 0.0000000000
14932  33.864  -65.919  21.068 0.0000000000
14942  35.783  -65.383  21.068 0.0000000000
14943  35.062  -65.304  20.828 0.0000000000
14944  34.174  -65.291  20.741 0.0000000000
14945  33.245  -65.538  20.667 0.0000000000
14946  32.272  -65.531  20.372 0.0000000000
14947  31.565  -65.687  20.129 0.0000000000
14955  31.850  -65.142  19.818 0.0000000000
14956  31.079  -65.409  19.435 0.0000000000
14957  30.521  -65.881  19.215 0.0000000000
14962  45.207  -65.356  17.782 0.0000000000
14963  44.797  -65.315  17.930 0.0000000000
14964  30.920  -65.014  18.836 0.0000000000
14965  30.296  -65.494  18.527 0.0000000000
14966  29.553  -66.042  18.170 0.0000000000
14975  44.430  -66.016  17.611 0.0000000000
14976  43.404  -66.330  17.632 0.0000000000
14977  42.403  -66.266  17.625 0.0000000000
14978  41.317  -66.115  17.498 0.0000000000
14979  40.214  -65.982  17.412 0.0000000000
14980  39.117  -65.900  17.363 0.0000000000
14981  37.890  -65.895  17.230 0.0000000000
14982  36.922  -65.330  17.241 0.0000000000
14983  36.309  -64.994  17.175 0.0000000000
14984  30.265  -65.095  17.503 0.0000000000
14985  29.590  -65.695  17.586 0.0000000000
14995  37.412  -66.435  16.892 0.0000000000
14996  36.925  -66.149  16.816 0.0000000000
14997  35.922  -65.690  16.753 0.0000000000
14998  34.790  -65.858  16.523 0.0000000000
14999  33.594  -65.757  16.122 0.0000000000
15000  32.490  -65.046  16.159 0.0000000000
15001  31.432  -64.780  16.335 0.0000000000
15002  30.503  -64.943  16.745 0.0000000000
15003  29.803  -65.382  16.927 0.0000000000
15016  33.070  -66.329  15.666 0.0000000000
15017  32.522  -65.910  15.591 0.0000000000
15018  31.569  -65.462  15.616 0.0000000000
15019  30.581  -65.346  15.893 0.0000000000
15020  29.877  -65.475  16.300 0.0000000000
15103  44.087  -65.511  9.051 0.0000000000
15104  43.169  -65.742  8.614 0.0000000000
15105  42.216  -65.802  8.399 0.0000000000
15106  41.186  -65.751  8.432 0.0000000000
15107  40.189  -65.603  8.371 0.0000000000
15108  39.240  -65.491  8.208 0.0000000000
15109  38.267  -65.666  8.027 0.0000000000
15110  37.392  -65.524  8.000 0.0000000000
15111  36.734  -65.453  7.990 0.0000000000
15120  38.079  -66.226  7.857 0.0000000000
15121  37.765  -65.977  7.911 0.0000000000
15122  35.934  -65.546  7.958 0.0000000000
15123  35.046  -65.732  7.854 0.0000000000
15124  34.265  -65.651  7.504 0.0000000000
15125  33.668  -65.833  7.267 0.0000000000
15135  34.325  -65.225  6.816 0.0000000000
15136  33.824  -65.543  6.969 0.0000000000
15149  38.895  -65.379  4.757 0.0000000000
15150  38.204  -65.152  4.991 0.0000000000
15151  37.276  -64.956  5.163 0.0000000000
15152  36.356  -64.904  5.431 0.0000000000
15153  35.492  -64.948  5.707 0.0000000000
15154  34.582  -65.166  6.001 0.0000000000
15155  33.879  -65.454  6.396 0.0000000000
15171  42.928  -65.443  3.880 0.0000000000
15172  42.086  -65.819  4.091 0.0000000000
15173  40.956  -65.789  4.281 0.0000000000
15174  40.032  -65.922  4.397 0.0000000000
15175  39.274  -66.003  4.474 0.0000000000
15176  38.510  -65.935  4.581 0.0000000000
15177  37.646  -65.760  4.696 0.0000000000
15178  36.689  -65.589  4.823 0.0000000000
15179  35.744  -65.503  5.091 0.0000000000
15180  35.001  -65.391  5.331 0.0000000000
15195  43.246  -65.296  3.378 0.0000000000
15196  42.656  -65.910  3.325 0.0000000000
15209  41.586  -65.285  2.253 0.0000000000
15210  41.068  -65.410  2.241 0.0000000000
15211  40.168  -65.591  2.298 0.0000000000
15212  39.151  -65.776  2.296 0.0000000000
15213  37.943  -65.678  2.385 0.0000000000
15214  36.934  -65.391  2.344 0.0000000000
15226  41.551  -65.657  2.233 0.0000000000
15227  40.606  -65.996  2.037 0.0000000000
15228  39.784  -66.147  2.103 0.0000000000
15229  39.371  -66.211  2.178 0.0000000000
15230  37.215  -66.068  2.099 0.0000000000
15231  36.287  -65.768  1.842 0.0000000000
15232  35.517  -65.780  1.091 0.0000000000
15241  35.097  -65.667  0.159 0.0000000000
15242  35.132  -65.897  -0.330 0.0000000000
15255  35.245  -65.488  -0.870 0.0000000000
15256  35.207  -65.995  -0.543 0.0000000000
15268  35.582  -65.256  -1.978 0.0000000000
15280  36.482  -65.083  -2.888 0.0000000000
15281  35.929  -64.955  -2.524 0.0000000000
15290  37.651  -65.672  -3.960 0.0000000000
15291  37.016  -65.247  -3.590 0.0000000000
15297  37.721  -65.908  -4.158 0.0000000000
15847  43.165  -65.157  21.678 0.0000000000
15848  41.848  -65.062  21.443 0.0000000000
15849  40.546  -65.045  21.407 0.0000000000
15850  39.319  -65.077  21.470 0.0000000000
15851  38.170  -65.118  21.458 0.0000000000
15852  37.103  -65.125  21.319 0.0000000000
15853  36.311  -65.074  21.083 0.0000000000
15861  45.029  -64.298  21.603 0.0000000000
15862  43.868  -64.515  21.251 0.0000000000
15863  42.509  -64.394  20.966 0.0000000000
15864  41.035  -64.259  20.722 0.0000000000
15865  39.730  -64.341  20.812 0.0000000000
15866  38.603  -64.405  20.819 0.0000000000
15867  37.551  -64.413  20.812 0.0000000000
15868  36.588  -64.467  20.729 0.0000000000
15869  35.673  -64.643  20.643 0.0000000000
15870  34.642  -64.442  20.280 0.0000000000
15871  33.637  -64.751  20.260 0.0000000000
15872  32.802  -64.915  20.122 0.0000000000
15873  32.306  -65.017  19.954 0.0000000000
15882  34.396  -63.983  19.781 0.0000000000
15883  33.862  -64.189  19.805 0.0000000000
15884  33.119  -64.385  19.763 0.0000000000
15885  32.298  -64.527  19.506 0.0000000000
15886  31.657  -64.832  19.427 0.0000000000
15899  45.172  -64.737  18.201 0.0000000000
15900  44.218  -64.986  18.071 0.0000000000
15901  43.056  -64.505  17.944 0.0000000000
15902  41.870  -64.353  17.948 0.0000000000
15903  40.724  -64.318  18.008 0.0000000000
15904  39.652  -64.291  18.015 0.0000000000
15905  38.650  -64.263  18.064 0.0000000000
15906  37.742  -64.120  18.077 0.0000000000
15907  37.157  -63.949  18.114 0.0000000000
15908  32.131  -64.253  19.028 0.0000000000
15909  31.550  -64.471  18.816 0.0000000000
15910  30.882  -64.843  18.533 0.0000000000
15924  43.846  -65.739  17.729 0.0000000000
15925  43.202  -65.520  17.715 0.0000000000
15926  42.150  -65.259  17.574 0.0000000000
15927  41.012  -65.155  17.646 0.0000000000
15928  39.912  -65.029  17.549 0.0000000000
15929  38.828  -64.976  17.566 0.0000000000
15930  37.803  -64.786  17.587 0.0000000000
15931  36.771  -64.416  17.638 0.0000000000
15932  35.606  -64.637  17.160 0.0000000000
15933  34.510  -64.178  17.194 0.0000000000
15934  33.515  -63.856  17.329 0.0000000000
15935  32.782  -63.711  17.632 0.0000000000
15936  31.893  -63.953  17.854 0.0000000000
15937  30.899  -64.592  17.957 0.0000000000
15951  35.222  -65.263  16.734 0.0000000000
15952  34.545  -64.993  16.673 0.0000000000
15953  33.498  -64.592  16.683 0.0000000000
15954  32.380  -64.148  16.901 0.0000000000
15955  31.261  -64.418  17.144 0.0000000000
15956  30.694  -64.701  17.323 0.0000000000
16045  44.755  -64.696  9.376 0.0000000000
16056  44.190  -64.465  8.958 0.0000000000
16057  43.417  -64.673  8.733 0.0000000000
16058  42.445  -64.766  8.669 0.0000000000
16059  41.436  -64.726  8.625 0.0000000000
16060  40.418  -64.645  8.521 0.0000000000
16061  39.472  -64.607  8.391 0.0000000000
16062  38.460  -64.408  8.142 0.0000000000
16063  37.494  -64.814  8.008 0.0000000000
16064  36.981  -65.010  8.023 0.0000000000
16072  38.179  -63.818  7.720 0.0000000000
16073  37.612  -64.148  7.648 0.0000000000
16074  36.509  -64.590  7.591 0.0000000000
16075  35.409  -65.114  7.568 0.0000000000
16076  34.875  -65.382  7.535 0.0000000000
16085  36.644  -64.081  6.451 0.0000000000
16086  36.086  -64.300  6.796 0.0000000000
16087  35.463  -64.676  7.099 0.0000000000
16088  34.834  -65.099  7.233 0.0000000000
16104  41.075  -63.783  5.264 0.0000000000
16105  40.301  -64.063  5.313 0.0000000000
16106  39.064  -64.510  5.181 0.0000000000
16107  37.888  -64.377  5.490 0.0000000000
16108  37.003  -64.244  5.826 0.0000000000
16109  36.107  -64.418  6.078 0.0000000000
16110  35.413  -64.705  6.415 0.0000000000
16111  34.889  -64.918  6.722 0.0000000000
16127  44.155  -64.088  4.042 0.0000000000
16128  43.561  -64.699  3.952 0.0000000000
16129  42.602  -64.941  4.390 0.0000000000
16130  41.453  -64.687  4.741 0.0000000000
16131  40.217  -65.045  4.737 0.0000000000
16132  39.491  -65.360  4.681 0.0000000000
16149  44.175  -64.092  3.516 0.0000000000
16151  40.647  -64.283  2.934 0.0000000000
16152  40.016  -64.310  3.125 0.0000000000
16153  38.974  -64.219  3.231 0.0000000000
16154  37.981  -64.174  3.299 0.0000000000
16175  42.416  -64.723  2.365 0.0000000000
16176  41.615  -64.850  2.342 0.0000000000
16177  40.641  -64.831  2.564 0.0000000000
16178  39.578  -64.994  2.709 0.0000000000
16179  38.454  -64.924  2.774 0.0000000000
16180  37.184  -64.567  2.865 0.0000000000
16181  36.261  -64.688  2.204 0.0000000000
16195  41.908  -65.112  2.239 0.0000000000
16196  35.650  -64.877  1.479 0.0000000000
16197  35.337  -64.912  0.721 0.0000000000
16210  35.213  -64.719  -0.120 0.0000000000
16222  35.350  -64.460  -0.869 0.0000000000
16236  35.477  -64.560  -1.549 0.0000000000
16249  36.017  -64.435  -2.755 0.0000000000
16250  35.683  -64.432  -2.236 0.0000000000
16260  36.283  -64.328  -3.313 0.0000000000
16267  36.559  -64.315  -3.922 0.0000000000
16808  44.422  -64.064  20.583 0.0000000000
16809  43.124  -63.820  20.445 0.0000000000
16810  41.834  -63.727  20.245 0.0000000000
16811  40.823  -63.670  20.022 0.0000000000
16812  39.969  -63.760  20.135 0.0000000000
16813  38.934  -63.829  20.173 0.0000000000
16814  37.907  -63.823  20.187 0.0000000000
16815  36.901  -63.885  20.162 0.0000000000
16816  35.947  -63.956  20.198 0.0000000000
16817  35.325  -64.127  20.215 0.0000000000
16828  45.665  -63.543  19.709 0.0000000000
16829  44.762  -63.810  19.691 0.0000000000
16830  43.587  -63.699  19.595 0.0000000000
16831  42.342  -63.594  19.487 0.0000000000
16832  41.181  -63.590  19.379 0.0000000000
16833  40.155  -63.585  19.355 0.0000000000
16834  39.190  -63.647  19.392 0.0000000000
16835  38.218  -63.641  19.405 0.0000000000
16836  37.214  -63.661  19.366 0.0000000000
16837  36.158  -63.648  19.402 0.0000000000
16838  35.016  -63.745  19.613 0.0000000000
16839  34.044  -63.773  19.368 0.0000000000
16840  33.305  -63.972  19.372 0.0000000000
16841  32.829  -64.186  19.410 0.0000000000
16853  45.718  -63.921  18.626 0.0000000000
16854  44.971  -63.980  18.741 0.0000000000
16855  43.929  -63.926  18.667 0.0000000000
16856  42.742  -63.796  18.613 0.0000000000
16857  41.544  -63.779  18.603 0.0000000000
16858  40.436  -63.761  18.596 0.0000000000
16859  39.420  -63.801  18.628 0.0000000000
16860  38.469  -63.789  18.651 0.0000000000
16861  37.561  -63.749  18.621 0.0000000000
16862  36.489  -63.739  18.325 0.0000000000
16863  35.322  -63.545  18.578 0.0000000000
16864  34.294  -63.551  18.714 0.0000000000
16865  33.405  -63.681  18.803 0.0000000000
16866  32.599  -63.981  18.985 0.0000000000
16867  32.109  -64.151  18.801 0.0000000000
16884  36.094  -64.084  17.652 0.0000000000
16885  35.434  -63.843  17.716 0.0000000000
16886  34.443  -63.649  17.876 0.0000000000
16887  33.519  -63.577  18.072 0.0000000000
16888  32.705  -63.703  18.298 0.0000000000
16889  32.156  -63.995  18.541 0.0000000000
17018  45.331  -63.032  9.160 0.0000000000
17019  44.691  -63.563  9.116 0.0000000000
17020  43.599  -63.605  8.782 0.0000000000
17021  42.633  -63.759  8.684 0.0000000000
17022  41.704  -63.809  8.624 0.0000000000
17023  40.657  -63.494  8.448 0.0000000000
17024  39.649  -63.734  8.370 0.0000000000
17025  39.048  -63.951  8.272 0.0000000000
17036  40.362  -62.841  8.066 0.0000000000
17037  39.838  -62.953  7.934 0.0000000000
17038  38.843  -63.379  7.738 0.0000000000
17039  37.938  -63.631  7.266 0.0000000000
17040  37.187  -63.887  7.237 0.0000000000
17053  40.444  -62.676  6.569 0.0000000000
17054  39.836  -62.719  6.931 0.0000000000
17055  38.595  -63.382  6.704 0.0000000000
17056  37.454  -63.751  6.518 0.0000000000
17057  36.689  -63.938  6.967 0.0000000000
17074  44.603  -62.925  4.746 0.0000000000
17075  44.097  -63.163  4.889 0.0000000000
17076  43.200  -63.367  5.108 0.0000000000
17077  41.976  -63.567  5.247 0.0000000000
17078  40.632  -62.992  5.925 0.0000000000
17079  39.402  -63.441  5.951 0.0000000000
17080  38.281  -63.727  5.884 0.0000000000
17081  37.614  -63.907  5.884 0.0000000000
17095  45.139  -62.849  4.071 0.0000000000
17096  44.706  -63.345  4.182 0.0000000000
17097  43.832  -63.867  4.483 0.0000000000
17098  42.949  -64.181  4.666 0.0000000000
17099  42.257  -64.340  4.701 0.0000000000
17100  39.639  -62.978  3.976 0.0000000000
17101  39.174  -62.965  4.111 0.0000000000
17116  45.172  -62.788  3.660 0.0000000000
17118  42.778  -63.479  2.819 0.0000000000
17119  41.720  -63.546  3.208 0.0000000000
17120  40.609  -63.657  3.355 0.0000000000
17121  39.542  -63.497  3.638 0.0000000000
17122  38.344  -63.286  3.801 0.0000000000
17123  37.185  -63.531  3.241 0.0000000000
17124  36.718  -63.171  2.947 0.0000000000
17143  42.187  -64.204  2.636 0.0000000000
17144  41.255  -64.247  2.784 0.0000000000
17145  36.884  -63.938  2.959 0.0000000000
17146  36.506  -63.647  2.563 0.0000000000
17158  35.838  -63.781  1.354 0.0000000000
17159  35.530  -64.405  1.032 0.0000000000
17171  35.938  -63.411  0.160 0.0000000000
17172  35.497  -64.151  0.472 0.0000000000
17184  36.045  -63.208  -0.871 0.0000000000
17185  35.536  -63.913  -0.429 0.0000000000
17198  36.012  -63.160  -1.593 0.0000000000
17199  35.648  -63.799  -1.385 0.0000000000
17210  35.950  -63.495  -2.434 0.0000000000
17211  35.649  -64.045  -1.908 0.0000000000
17217  36.234  -63.367  -3.531 0.0000000000
17964  46.261  -63.019  9.584 0.0000000000
17971  46.737  -61.937  9.014 0.0000000000
17972  46.046  -62.549  8.971 0.0000000000
17973  44.986  -62.550  8.682 0.0000000000
17974  43.829  -62.439  8.458 0.0000000000
17975  42.771  -62.799  8.422 0.0000000000
17976  41.844  -63.024  8.425 0.0000000000
17977  41.257  -63.189  8.426 0.0000000000
17986  43.511  -62.030  7.915 0.0000000000
17987  43.002  -62.130  7.637 0.0000000000
17988  41.915  -62.456  7.747 0.0000000000
17989  40.904  -62.621  8.012 0.0000000000
17990  40.249  -62.694  7.656 0.0000000000
18002  44.758  -62.121  5.501 0.0000000000
18003  44.124  -62.036  5.924 0.0000000000
18004  43.224  -61.994  6.466 0.0000000000
18005  42.185  -62.266  6.735 0.0000000000
18006  40.952  -62.468  6.883 0.0000000000
18007  40.452  -62.564  7.366 0.0000000000
18019  45.428  -62.210  4.596 0.0000000000
18020  45.107  -62.504  4.789 0.0000000000
18021  44.412  -62.594  5.232 0.0000000000
18022  43.602  -62.598  5.518 0.0000000000
18023  42.610  -62.655  5.767 0.0000000000
18024  41.635  -62.676  6.024 0.0000000000
18039  45.452  -62.355  4.226 0.0000000000
18040  45.100  -62.785  4.294 0.0000000000
18041  40.348  -62.210  4.239 0.0000000000
18042  39.775  -62.440  4.280 0.0000000000
18043  38.631  -62.396  4.303 0.0000000000
18044  37.960  -62.159  4.158 0.0000000000
18061  43.550  -62.748  2.990 0.0000000000
18062  42.327  -62.760  3.431 0.0000000000
18063  40.896  -62.527  3.832 0.0000000000
18064  40.091  -63.016  3.822 0.0000000000
18065  38.061  -62.617  4.088 0.0000000000
18066  37.505  -62.491  3.644 0.0000000000
18067  36.908  -62.792  3.147 0.0000000000
18082  37.108  -62.161  2.846 0.0000000000
18083  36.685  -62.729  2.535 0.0000000000
18092  37.145  -62.091  1.856 0.0000000000
18093  36.518  -62.822  1.613 0.0000000000
18101  38.196  -61.716  -0.218 0.0000000000
18102  37.371  -62.227  0.549 0.0000000000
18103  36.414  -62.959  0.682 0.0000000000
18109  38.286  -61.609  -0.699 0.0000000000
18110  37.611  -61.917  -0.814 0.0000000000
18111  36.712  -62.747  -0.333 0.0000000000
18117  37.312  -61.713  -1.484 0.0000000000
18118  36.605  -62.317  -1.678 0.0000000000
18128  36.376  -62.335  -3.036 0.0000000000
18870  47.344  -61.240  11.655 0.0000000000
18890  47.236  -61.269  11.331 0.0000000000
18924  46.398  -61.484  8.330 0.0000000000
18925  45.383  -61.756  8.192 0.0000000000
18926  44.531  -61.913  8.192 0.0000000000
18939  45.758  -61.231  7.068 0.0000000000
18940  44.721  -61.594  7.383 0.0000000000
18941  43.895  -61.811  7.717 0.0000000000
18942  43.449  -61.933  7.647 0.0000000000
18961  45.582  -61.392  5.867 0.0000000000
18962  44.874  -61.659  6.272 0.0000000000
18963  44.019  -61.718  6.814 0.0000000000
18964  43.466  -61.809  7.262 0.0000000000
18979  46.217  -60.950  4.651 0.0000000000
18980  45.631  -61.661  4.852 0.0000000000
18981  45.206  -61.858  5.427 0.0000000000
18982  41.870  -61.233  5.031 0.0000000000
18983  41.460  -61.154  5.058 0.0000000000
18999  45.905  -61.579  4.077 0.0000000000
19000  44.491  -61.440  3.755 0.0000000000
19001  43.621  -61.576  4.045 0.0000000000
19002  42.512  -61.517  4.472 0.0000000000
19003  41.365  -61.423  4.636 0.0000000000
19004  40.349  -61.655  4.488 0.0000000000
19005  39.102  -61.541  4.612 0.0000000000
19006  38.199  -61.577  4.330 0.0000000000
19007  37.653  -61.631  3.915 0.0000000000
19021  46.140  -61.053  3.678 0.0000000000
19023  45.122  -61.715  3.289 0.0000000000
19024  44.088  -61.976  3.380 0.0000000000
19025  43.007  -62.120  3.708 0.0000000000
19026  41.850  -62.003  3.988 0.0000000000
19027  41.098  -61.863  4.182 0.0000000000
19028  37.388  -61.677  3.277 0.0000000000
19040  37.490  -61.412  2.434 0.0000000000
19050  39.354  -60.440  0.648 0.0000000000
19051  38.863  -60.778  0.702 0.0000000000
19052  37.973  -61.330  1.171 0.0000000000
19061  40.968  -60.187  -0.127 0.0000000000
19062  40.671  -60.431  -0.207 0.0000000000
19063  39.823  -60.718  0.088 0.0000000000
19064  38.857  -61.354  0.087 0.0000000000
19065  38.070  -61.642  0.370 0.0000000000
19073  41.180  -60.463  -0.521 0.0000000000
19074  40.596  -60.835  -0.626 0.0000000000
19075  39.870  -61.268  -0.630 0.0000000000
19076  38.985  -61.520  -0.774 0.0000000000
19077  38.373  -61.499  -1.057 0.0000000000
19083  41.249  -60.755  -0.924 0.0000000000
19084  40.634  -61.081  -1.110 0.0000000000
19085  39.919  -61.248  -1.248 0.0000000000
19086  39.012  -61.059  -1.415 0.0000000000
19087  37.910  -61.211  -1.547 0.0000000000
19088  37.228  -61.498  -1.953 0.0000000000
19094  41.676  -60.743  -0.995 0.0000000000
19095  41.125  -60.691  -1.322 0.0000000000
19096  40.587  -60.823  -1.452 0.0000000000
19097  39.969  -60.851  -1.554 0.0000000000
19098  39.447  -60.684  -1.620 0.0000000000
19099  37.502  -60.949  -2.321 0.0000000000
19100  36.865  -61.463  -2.624 0.0000000000
19847  46.699  -60.232  12.430 0.0000000000
19848  46.076  -60.072  12.404 0.0000000000
19867  47.321  -60.843  11.825 0.0000000000
19868  47.039  -60.974  11.732 0.0000000000
19887  47.189  -61.183  10.816 0.0000000000
19901  48.106  -60.450  9.583 0.0000000000
19902  47.866  -60.679  9.869 0.0000000000
19939  47.705  -59.998  7.766 0.0000000000
19958  47.403  -59.679  6.902 0.0000000000
19960  43.145  -60.325  5.774 0.0000000000
19961  42.266  -60.242  6.077 0.0000000000
19962  41.314  -59.958  6.247 0.0000000000
19963  40.720  -59.557  6.340 0.0000000000
19983  44.707  -60.503  4.917 0.0000000000
19984  43.687  -60.712  5.149 0.0000000000
19985  42.606  -60.885  5.251 0.0000000000
19986  41.477  -60.714  5.454 0.0000000000
19987  40.474  -60.056  5.754 0.0000000000
19988  39.848  -59.795  5.513 0.0000000000
20006  45.224  -60.944  4.021 0.0000000000
20007  44.221  -61.116  4.435 0.0000000000
20008  43.335  -61.206  4.684 0.0000000000
20009  41.221  -61.088  5.068 0.0000000000
20010  40.723  -60.924  5.087 0.0000000000
20011  39.598  -60.433  5.012 0.0000000000
20012  38.277  -60.554  4.343 0.0000000000
20013  37.810  -61.112  4.120 0.0000000000
20030  45.758  -61.109  3.696 0.0000000000
20031  37.865  -60.171  3.728 0.0000000000
20032  37.636  -60.763  3.366 0.0000000000
20045  38.375  -60.076  1.699 0.0000000000
20046  37.882  -60.495  2.134 0.0000000000
20056  41.275  -59.798  0.171 0.0000000000
20057  40.720  -59.741  0.424 0.0000000000
20058  39.783  -59.958  0.689 0.0000000000
20059  38.924  -60.166  1.142 0.0000000000
20060  38.384  -60.593  1.366 0.0000000000
20071  41.673  -59.942  -0.160 0.0000000000
20072  40.960  -60.045  0.020 0.0000000000
20073  40.411  -60.226  0.213 0.0000000000
20093  38.438  -60.815  -1.671 0.0000000000
20094  38.048  -60.653  -1.943 0.0000000000
20104  40.941  -60.356  -1.620 0.0000000000
20105  40.567  -60.480  -1.634 0.0000000000
20106  39.831  -60.409  -1.715 0.0000000000
20107  38.807  -60.406  -1.824 0.0000000000
20108  37.755  -60.290  -2.470 0.0000000000
20111  34.992  -60.618  -2.972 0.0000000000
20119  35.773  -60.361  -3.205 0.0000000000
20120  34.854  -60.931  -3.292 0.0000000000
20817  46.260  -59.366  12.593 0.0000000000
20832  45.632  -59.795  12.289 0.0000000000
20855  48.048  -60.143  9.295 0.0000000000
20856  47.612  -60.059  9.324 0.0000000000
20867  48.102  -60.010  8.980 0.0000000000
20868  47.701  -59.605  8.476 0.0000000000
20888  40.995  -58.602  7.173 0.0000000000
20889  40.571  -58.417  7.142 0.0000000000
20905  46.907  -58.940  6.351 0.0000000000
20906  45.433  -59.126  6.140 0.0000000000
20907  44.332  -59.264  6.334 0.0000000000
20908  43.110  -59.555  6.469 0.0000000000
20909  41.974  -59.429  6.637 0.0000000000
20910  41.148  -59.247  6.735 0.0000000000
20911  40.379  -58.867  6.656 0.0000000000
20912  39.815  -58.699  6.334 0.0000000000
20934  45.094  -59.780  5.495 0.0000000000
20935  44.025  -60.020  5.697 0.0000000000
20936  40.363  -59.467  6.188 0.0000000000
20937  39.926  -59.274  5.966 0.0000000000
20960  39.452  -59.303  5.264 0.0000000000
20961  38.834  -59.463  4.524 0.0000000000
20978  38.182  -59.525  3.695 0.0000000000
20979  37.851  -59.955  3.213 0.0000000000
20997  39.759  -58.572  1.631 0.0000000000
20998  39.348  -58.840  1.846 0.0000000000
20999  38.400  -59.477  2.427 0.0000000000
21000  37.809  -60.125  2.770 0.0000000000
21015  43.257  -58.929  0.054 0.0000000000
21016  42.793  -59.061  0.170 0.0000000000
21017  41.663  -59.377  0.415 0.0000000000
21018  40.169  -58.887  1.104 0.0000000000
21019  39.180  -59.497  1.433 0.0000000000
21020  38.669  -59.776  1.637 0.0000000000
21036  41.926  -59.725  0.003 0.0000000000
21053  37.389  -59.330  -0.997 0.0000000000
21062  41.122  -59.650  -1.648 0.0000000000
21063  40.130  -59.534  -1.650 0.0000000000
21064  39.126  -59.444  -1.734 0.0000000000
21065  38.177  -59.437  -1.880 0.0000000000
21066  37.367  -59.577  -1.852 0.0000000000
21076  41.306  -59.933  -1.605 0.0000000000
21077  40.941  -59.963  -1.762 0.0000000000
21078  40.426  -60.063  -1.776 0.0000000000
21079  39.485  -59.941  -1.898 0.0000000000
21080  38.446  -59.848  -2.137 0.0000000000
21082  36.453  -59.919  -2.519 0.0000000000
21091  36.508  -59.965  -3.049 0.0000000000
21092  36.138  -59.930  -3.036 0.0000000000
21801  46.844  -58.360  12.914 0.0000000000
21844  47.589  -59.146  8.173 0.0000000000
21845  47.317  -58.992  8.233 0.0000000000
21863  47.552  -58.952  7.891 0.0000000000
21864  47.025  -58.637  7.630 0.0000000000
21865  46.105  -58.530  7.422 0.0000000000
21866  44.919  -58.369  7.415 0.0000000000
21867  43.580  -58.242  7.583 0.0000000000
21881  47.365  -58.809  7.221 0.0000000000
21882  46.839  -58.601  6.800 0.0000000000
21883  45.873  -58.576  6.667 0.0000000000
21884  44.632  -58.496  6.823 0.0000000000
21885  43.467  -58.570  6.946 0.0000000000
21886  42.413  -58.644  6.963 0.0000000000
21887  41.627  -58.750  6.952 0.0000000000
21902  46.577  -58.865  6.328 0.0000000000
21903  46.206  -59.035  6.025 0.0000000000
21904  39.413  -58.383  5.842 0.0000000000
21918  39.261  -58.394  4.649 0.0000000000
21919  38.648  -58.759  3.956 0.0000000000
21935  39.966  -57.507  2.927 0.0000000000
21936  39.302  -58.100  3.399 0.0000000000
21937  38.561  -58.841  3.152 0.0000000000
21954  43.803  -57.678  1.173 0.0000000000
21955  42.943  -57.762  1.252 0.0000000000
21956  41.939  -57.758  1.481 0.0000000000
21957  40.900  -57.676  1.651 0.0000000000
21958  39.832  -58.057  2.013 0.0000000000
21959  38.963  -58.676  2.588 0.0000000000
21960  38.602  -58.978  2.729 0.0000000000
21973  44.084  -57.963  0.577 0.0000000000
21974  43.402  -58.479  0.442 0.0000000000
21975  42.389  -58.513  0.834 0.0000000000
21976  41.274  -58.387  1.108 0.0000000000
21977  40.519  -58.211  1.417 0.0000000000
21992  43.892  -58.509  0.006 0.0000000000
21993  38.358  -58.219  -0.007 0.0000000000
21994  37.725  -58.524  0.248 0.0000000000
22011  42.424  -58.350  -1.039 0.0000000000
22012  41.342  -58.307  -0.920 0.0000000000
22013  40.260  -58.344  -0.894 0.0000000000
22014  39.319  -58.414  -0.866 0.0000000000
22015  38.545  -58.535  -0.771 0.0000000000
22016  37.867  -58.744  -0.533 0.0000000000
22025  41.835  -59.059  -1.419 0.0000000000
22026  40.760  -58.957  -1.421 0.0000000000
22027  39.737  -58.934  -1.362 0.0000000000
22028  38.810  -58.901  -1.404 0.0000000000
22029  38.001  -59.000  -1.324 0.0000000000
22782  48.345  -57.394  13.461 0.0000000000
22797  48.358  -57.053  12.942 0.0000000000
22798  47.669  -57.389  12.729 0.0000000000
22843  43.066  -57.915  7.987 0.0000000000
22860  42.717  -57.868  7.864 0.0000000000
22909  40.149  -56.777  3.898 0.0000000000
22910  39.594  -57.422  4.255 0.0000000000
22928  41.262  -56.725  2.877 0.0000000000
22929  40.480  -57.025  3.250 0.0000000000
22930  39.875  -57.356  3.561 0.0000000000
22948  43.353  -57.001  1.707 0.0000000000
22949  42.454  -57.063  1.934 0.0000000000
22950  41.540  -57.176  2.165 0.0000000000
22951  40.638  -57.310  2.470 0.0000000000
22964  38.529  -57.096  1.225 0.0000000000
22974  41.626  -56.919  -0.018 0.0000000000
22975  41.111  -56.936  0.073 0.0000000000
22976  40.080  -57.157  0.348 0.0000000000
22977  38.848  -57.316  0.607 0.0000000000
22989  43.852  -57.673  -0.362 0.0000000000
22990  43.108  -57.662  -0.611 0.0000000000
22991  41.925  -57.313  -0.313 0.0000000000
22992  40.725  -57.620  -0.382 0.0000000000
22993  39.664  -57.754  -0.322 0.0000000000
22994  38.918  -57.987  -0.339 0.0000000000
23006  43.154  -58.516  -1.119 0.0000000000
23774  48.559  -56.387  12.915 0.0000000000
23775  48.179  -56.404  12.572 0.0000000000
23776  47.270  -56.340  12.331 0.0000000000
23890  40.531  -56.074  4.208 0.0000000000
23891  39.715  -56.541  4.581 0.0000000000
23908  42.551  -55.770  2.978 0.0000000000
23909  42.002  -55.942  3.206 0.0000000000
23910  40.944  -56.382  3.557 0.0000000000
23929  43.849  -56.431  2.069 0.0000000000
23930  42.841  -56.110  2.491 0.0000000000
23931  42.016  -56.588  2.533 0.0000000000
23949  40.094  -55.871  1.150 0.0000000000
23950  39.676  -56.027  1.277 0.0000000000
23951  38.733  -56.490  1.573 0.0000000000
23966  44.407  -56.616  0.585 0.0000000000
23967  42.372  -56.249  0.252 0.0000000000
23968  41.842  -56.509  0.271 0.0000000000
23969  40.508  -56.209  0.837 0.0000000000
23970  39.459  -56.660  0.913 0.0000000000
23971  39.016  -56.839  1.029 0.0000000000
23983  44.071  -56.658  0.125 0.0000000000
23984  43.588  -56.699  -0.116 0.0000000000
23985  42.714  -56.500  -0.038 0.0000000000
23986  42.194  -56.792  -0.054 0.0000000000
24780  48.678  -55.751  13.029 0.0000000000
24790  48.476  -55.941  12.686 0.0000000000
24907  42.444  -55.046  3.657 0.0000000000
24922  44.698  -54.579  2.435 0.0000000000
24923  44.525  -54.794  2.528 0.0000000000
24924  43.949  -55.117  2.851 0.0000000000
24925  42.845  -55.347  3.267 0.0000000000
24926  42.277  -55.508  3.414 0.0000000000
24940  44.732  -54.717  2.210 0.0000000000
24941  44.476  -55.699  2.069 0.0000000000
24942  43.558  -55.737  2.602 0.0000000000
24943  43.080  -55.686  2.752 0.0000000000
24944  38.854  -55.262  2.089 0.0000000000
24945  38.521  -55.620  2.204 0.0000000000
24957  44.741  -54.795  1.538 0.0000000000
24958  44.607  -55.763  1.149 0.0000000000
24959  40.987  -54.994  1.471 0.0000000000
24960  40.136  -55.420  1.444 0.0000000000
24961  39.159  -55.518  1.844 0.0000000000
24962  38.826  -55.898  1.904 0.0000000000
24974  44.558  -55.030  0.944 0.0000000000
24975  44.338  -55.581  0.532 0.0000000000
24976  43.188  -55.122  0.439 0.0000000000
24977  42.436  -55.646  0.523 0.0000000000
24978  41.424  -55.638  0.945 0.0000000000
24979  40.772  -55.588  1.201 0.0000000000
24992  43.953  -55.663  0.156 0.0000000000
24993  43.448  -55.795  0.157 0.0000000000
24994  43.002  -55.787  0.223 0.0000000000
25953  42.495  -54.561  3.916 0.0000000000
25967  44.757  -54.275  2.525 0.0000000000
25968  44.314  -54.424  3.008 0.0000000000
25969  43.578  -54.573  3.357 0.0000000000
25970  43.061  -54.652  3.643 0.0000000000
25981  38.885  -54.658  2.231 0.0000000000
25982  38.036  -54.632  2.551 0.0000000000
25983  37.242  -54.466  2.947 0.0000000000
25984  36.748  -54.402  3.153 0.0000000000
25994  41.169  -53.988  1.542 0.0000000000
25995  40.299  -54.348  1.754 0.0000000000
25996  39.580  -54.713  1.926 0.0000000000
26005  44.403  -54.802  0.684 0.0000000000
26006  43.366  -54.106  0.437 0.0000000000
26007  42.680  -54.398  0.755 0.0000000000
26008  41.862  -54.691  1.196 0.0000000000
26016  44.439  -53.713  0.434 0.0000000000
26017  44.185  -54.405  0.410 0.0000000000
26018  43.753  -54.774  0.326 0.0000000000
26019  33.958  -54.238  -1.049 0.0000000000
26020  33.497  -54.739  -0.709 0.0000000000
26027  33.699  -54.102  -1.209 0.0000000000
26028  33.067  -54.368  -1.179 0.0000000000
27055  44.810  -53.878  2.595 0.0000000000
27056  44.594  -53.868  2.899 0.0000000000
27057  43.916  -53.764  3.359 0.0000000000
27058  36.249  -54.041  3.222 0.0000000000
27066  44.937  -53.733  2.277 0.0000000000
27067  38.942  -54.035  2.338 0.0000000000
27068  38.534  -53.905  2.438 0.0000000000
27069  37.652  -53.704  2.664 0.0000000000
27081  41.188  -53.275  1.534 0.0000000000
27082  40.501  -53.346  1.738 0.0000000000
27083  39.340  -53.596  2.135 0.0000000000
27084  38.250  -53.015  2.286 0.0000000000
27085  37.201  -52.818  2.322 0.0000000000
27095  43.348  -53.440  0.253 0.0000000000
27096  42.869  -53.434  0.515 0.0000000000
27097  41.963  -53.285  1.194 0.0000000000
27105  44.285  -53.157  0.133 0.0000000000
27106  43.782  -53.359  0.089 0.0000000000
27108  34.345  -53.546  -0.618 0.0000000000
27116  33.954  -53.892  -1.172 0.0000000000
27117  33.361  -53.829  -1.190 0.0000000000
28145  44.733  -53.571  2.547 0.0000000000
28146  44.393  -53.242  2.839 0.0000000000
28147  43.608  -52.767  3.350 0.0000000000
28164  44.888  -52.995  2.148 0.0000000000
28175  40.924  -52.621  1.339 0.0000000000
28176  39.886  -52.457  1.591 0.0000000000
28177  38.811  -52.332  1.729 0.0000000000
28178  37.769  -52.275  1.589 0.0000000000
28179  36.751  -52.414  1.318 0.0000000000
28181  35.369  -52.795  0.911 0.0000000000
28187  43.105  -52.823  0.022 0.0000000000
28188  42.376  -52.567  0.363 0.0000000000
28189  41.336  -52.068  0.390 0.0000000000
28190  40.244  -51.841  0.825 0.0000000000
28191  39.227  -51.678  1.034 0.0000000000
28192  38.252  -51.754  0.948 0.0000000000
28193  37.345  -52.157  0.306 0.0000000000
28194  36.273  -52.563  0.253 0.0000000000
28195  35.491  -52.794  0.321 0.0000000000
28201  44.154  -52.358  -0.831 0.0000000000
28202  43.305  -52.177  -0.803 0.0000000000
28203  42.484  -52.125  -0.366 0.0000000000
28204  41.962  -52.063  -0.056 0.0000000000
28205  37.245  -52.220  -0.804 0.0000000000
28206  36.567  -52.482  -0.569 0.0000000000
28207  35.410  -52.550  -0.415 0.0000000000
28215  43.970  -51.929  -1.368 0.0000000000
28216  43.768  -52.056  -1.228 0.0000000000
28217  37.109  -52.092  -1.160 0.0000000000
28218  36.705  -52.363  -1.070 0.0000000000
28219  36.268  -52.470  -0.837 0.0000000000
29133  49.748  -51.437  7.858 0.0000000000
29134  49.044  -51.539  7.706 0.0000000000
29135  48.168  -51.215  7.842 0.0000000000
29136  47.408  -50.955  7.919 0.0000000000
29146  49.898  -51.664  7.017 0.0000000000
29147  49.279  -51.552  6.830 0.0000000000
29168  49.953  -51.655  6.101 0.0000000000
29169  49.342  -51.335  6.202 0.0000000000
29255  40.903  -51.645  -0.324 0.0000000000
29256  40.321  -51.618  -0.107 0.0000000000
29257  39.438  -51.572  0.118 0.0000000000
29258  38.577  -51.629  0.247 0.0000000000
29259  38.012  -51.792  0.290 0.0000000000
29266  44.630  -51.893  -0.925 0.0000000000
29267  42.907  -51.661  -1.320 0.0000000000
29268  42.383  -51.703  -1.115 0.0000000000
29269  41.476  -51.702  -0.716 0.0000000000
29270  40.418  -51.565  -0.870 0.0000000000
29271  39.541  -51.545  -0.755 0.0000000000
29272  38.659  -51.646  -0.600 0.0000000000
29273  37.909  -51.815  -0.341 0.0000000000
29282  44.328  -51.490  -1.551 0.0000000000
29283  43.409  -51.579  -1.623 0.0000000000
29284  42.441  -51.488  -1.849 0.0000000000
29285  41.573  -51.528  -1.735 0.0000000000
29286  40.640  -51.472  -1.636 0.0000000000
29287  39.689  -51.420  -1.535 0.0000000000
29288  38.797  -51.522  -1.385 0.0000000000
29289  37.722  -51.560  -1.296 0.0000000000
29297  43.643  -51.103  -2.338 0.0000000000
29298  42.674  -51.162  -2.669 0.0000000000
29299  41.696  -51.337  -2.516 0.0000000000
29300  40.863  -51.327  -2.368 0.0000000000
29301  39.910  -51.109  -2.375 0.0000000000
29302  38.916  -51.253  -2.034 0.0000000000
29303  38.376  -51.351  -1.726 0.0000000000
29307  40.502  -51.132  -2.701 0.0000000000
30226  46.843  -50.567  8.400 0.0000000000
30238  48.623  -51.348  7.285 0.0000000000
30239  47.966  -50.797  7.351 0.0000000000
30240  46.847  -50.346  7.760 0.0000000000
30251  48.698  -51.157  6.626 0.0000000000
30252  48.222  -50.450  6.475 0.0000000000
30267  49.644  -51.268  5.676 0.0000000000
30268  49.027  -50.744  5.798 0.0000000000
30269  48.451  -50.128  5.834 0.0000000000
30289  49.726  -50.777  5.080 0.0000000000
30290  49.221  -50.402  5.224 0.0000000000
31293  47.509  -50.102  7.037 0.0000000000
31323  48.848  -50.188  5.350 0.0000000000
