#!ascii label  , from subject sub-CSI3 vox2ras=TkReg
916
2490  16.780  -83.379  27.847 0.0000000000
2499  20.723  -83.535  26.709 0.0000000000
2500  20.064  -83.532  26.591 0.0000000000
2501  19.155  -83.432  26.685 0.0000000000
2937  19.852  -81.783  32.803 0.0000000000
2965  17.887  -83.287  27.263 0.0000000000
2966  17.338  -82.803  27.391 0.0000000000
2967  16.496  -82.767  27.874 0.0000000000
2976  23.073  -83.211  26.392 0.0000000000
2977  22.279  -83.188  26.519 0.0000000000
2978  21.378  -82.869  26.532 0.0000000000
2979  20.623  -83.042  26.323 0.0000000000
2980  19.480  -82.797  26.202 0.0000000000
2981  18.317  -82.828  26.792 0.0000000000
2991  23.512  -82.575  25.919 0.0000000000
2992  22.640  -82.568  26.132 0.0000000000
2993  21.928  -82.656  26.266 0.0000000000
2994  21.183  -82.524  26.080 0.0000000000
2995  20.315  -82.499  25.929 0.0000000000
3002  25.194  -82.967  24.193 0.0000000000
3074  27.237  -82.728  19.857 0.0000000000
3474  20.154  -81.277  32.897 0.0000000000
3475  19.635  -81.378  32.685 0.0000000000
3476  18.902  -81.753  32.681 0.0000000000
3477  18.319  -82.032  32.811 0.0000000000
3495  16.146  -82.180  27.850 0.0000000000
3505  16.738  -82.006  27.472 0.0000000000
3514  19.234  -82.387  25.973 0.0000000000
3515  18.789  -82.284  26.133 0.0000000000
3516  17.858  -81.888  26.526 0.0000000000
3525  24.170  -82.237  25.194 0.0000000000
3526  23.775  -81.984  25.261 0.0000000000
3527  22.882  -81.861  25.465 0.0000000000
3529  20.699  -81.967  25.574 0.0000000000
3530  19.521  -82.076  25.665 0.0000000000
3531  18.524  -81.679  25.745 0.0000000000
3532  17.795  -81.342  25.887 0.0000000000
3543  24.303  -82.035  24.755 0.0000000000
3544  23.679  -81.431  24.609 0.0000000000
3556  24.041  -81.450  24.279 0.0000000000
3583  26.444  -82.518  20.422 0.0000000000
3584  26.008  -82.321  20.767 0.0000000000
3599  28.551  -82.290  19.042 0.0000000000
3601  26.690  -82.270  19.834 0.0000000000
3602  25.950  -81.879  19.956 0.0000000000
3616  29.358  -81.877  18.711 0.0000000000
3617  28.408  -81.804  18.953 0.0000000000
3618  27.430  -81.741  19.194 0.0000000000
3619  26.814  -81.695  19.347 0.0000000000
4021  23.301  -79.933  31.916 0.0000000000
4022  22.317  -79.994  32.401 0.0000000000
4023  21.026  -80.326  32.747 0.0000000000
4024  20.187  -80.684  32.582 0.0000000000
4025  19.618  -80.462  32.454 0.0000000000
4026  18.915  -80.858  32.608 0.0000000000
4027  18.121  -81.271  32.903 0.0000000000
4032  22.951  -79.670  31.557 0.0000000000
4033  22.438  -79.735  31.857 0.0000000000
4034  21.522  -79.789  32.276 0.0000000000
4035  20.568  -80.080  32.364 0.0000000000
4079  23.152  -81.364  24.944 0.0000000000
4082  20.122  -81.441  25.028 0.0000000000
4083  19.131  -81.333  25.132 0.0000000000
4084  18.275  -80.942  25.272 0.0000000000
4094  23.135  -80.946  24.387 0.0000000000
4097  20.639  -80.839  24.508 0.0000000000
4098  19.581  -80.796  24.568 0.0000000000
4099  18.870  -80.813  24.852 0.0000000000
4151  26.344  -81.631  19.497 0.0000000000
4152  25.551  -81.168  19.568 0.0000000000
4153  24.730  -80.603  19.675 0.0000000000
4164  30.914  -80.655  18.200 0.0000000000
4165  30.031  -80.979  18.520 0.0000000000
4166  29.058  -81.274  18.524 0.0000000000
4167  28.005  -81.256  18.556 0.0000000000
4168  26.732  -81.145  18.835 0.0000000000
4169  25.844  -80.543  18.802 0.0000000000
4182  30.745  -80.280  18.162 0.0000000000
4183  30.443  -80.544  18.271 0.0000000000
4574  24.190  -78.973  31.175 0.0000000000
4575  23.384  -79.363  31.302 0.0000000000
4624  29.711  -79.341  25.353 0.0000000000
4626  17.871  -80.463  25.146 0.0000000000
4638  20.142  -80.529  24.202 0.0000000000
4639  19.653  -80.256  24.072 0.0000000000
4640  18.505  -80.178  24.479 0.0000000000
4652  20.649  -80.183  23.729 0.0000000000
4654  18.255  -79.232  23.694 0.0000000000
4687  24.017  -80.250  19.981 0.0000000000
4699  25.182  -80.409  19.108 0.0000000000
4700  24.461  -79.978  19.121 0.0000000000
4710  31.903  -80.251  17.925 0.0000000000
4711  31.657  -80.278  17.952 0.0000000000
4712  31.244  -80.172  18.130 0.0000000000
4713  29.473  -80.783  18.341 0.0000000000
4714  28.767  -80.676  18.150 0.0000000000
4715  27.604  -80.492  18.108 0.0000000000
4717  25.345  -79.817  18.410 0.0000000000
4726  33.320  -79.021  17.566 0.0000000000
4727  32.479  -79.757  17.635 0.0000000000
4728  31.678  -79.830  17.887 0.0000000000
4729  31.003  -79.779  17.890 0.0000000000
4730  29.874  -80.205  17.870 0.0000000000
4733  26.144  -79.391  17.641 0.0000000000
4734  25.139  -79.079  17.626 0.0000000000
4735  24.462  -78.706  17.632 0.0000000000
5097  24.660  -78.692  33.445 0.0000000000
5107  24.543  -78.471  32.014 0.0000000000
5124  24.141  -78.236  30.518 0.0000000000
5136  24.128  -77.774  30.194 0.0000000000
5171  30.493  -78.763  26.932 0.0000000000
5172  29.934  -78.944  26.454 0.0000000000
5182  29.552  -78.956  25.861 0.0000000000
5183  29.135  -78.942  25.242 0.0000000000
5191  29.650  -78.801  24.052 0.0000000000
5201  29.795  -78.522  23.052 0.0000000000
5202  29.069  -78.582  23.441 0.0000000000
5214  30.106  -78.490  22.453 0.0000000000
5215  29.360  -78.393  22.673 0.0000000000
5230  31.289  -78.336  21.953 0.0000000000
5231  30.490  -78.402  21.960 0.0000000000
5232  29.771  -78.327  22.157 0.0000000000
5265  34.213  -77.706  18.075 0.0000000000
5277  33.950  -78.268  17.763 0.0000000000
5278  33.093  -78.741  17.664 0.0000000000
5279  31.810  -78.880  17.410 0.0000000000
5280  30.444  -79.131  17.336 0.0000000000
5281  29.211  -79.184  17.115 0.0000000000
5282  27.975  -79.031  17.018 0.0000000000
5283  26.842  -78.849  17.054 0.0000000000
5284  25.864  -78.656  17.098 0.0000000000
5285  25.019  -78.265  17.030 0.0000000000
5301  31.464  -78.047  17.027 0.0000000000
5302  30.851  -78.273  16.936 0.0000000000
5303  29.822  -78.336  16.705 0.0000000000
5304  28.662  -78.252  16.594 0.0000000000
5305  27.485  -78.148  16.564 0.0000000000
5306  26.369  -78.115  16.612 0.0000000000
5307  25.670  -78.153  16.738 0.0000000000
5720  21.175  -77.466  30.441 0.0000000000
5734  23.988  -77.379  29.933 0.0000000000
5749  30.896  -77.804  28.403 0.0000000000
5759  30.305  -77.781  27.346 0.0000000000
5760  29.800  -77.480  26.857 0.0000000000
5771  30.090  -78.457  26.779 0.0000000000
5772  29.642  -78.072  26.368 0.0000000000
5773  29.133  -77.840  25.795 0.0000000000
5782  29.231  -78.433  25.664 0.0000000000
5783  28.701  -78.084  25.232 0.0000000000
5829  32.686  -77.315  21.097 0.0000000000
5830  31.918  -77.732  21.630 0.0000000000
5831  30.963  -78.025  21.457 0.0000000000
5832  29.886  -77.948  21.648 0.0000000000
5833  29.063  -77.869  22.100 0.0000000000
5843  32.803  -77.138  20.831 0.0000000000
5844  32.401  -77.483  20.949 0.0000000000
5845  31.642  -77.684  21.097 0.0000000000
5866  34.380  -77.293  18.324 0.0000000000
5867  33.919  -77.600  18.207 0.0000000000
5868  33.363  -77.528  17.845 0.0000000000
5884  33.557  -78.049  17.735 0.0000000000
5885  32.773  -77.868  17.479 0.0000000000
5886  31.923  -77.750  17.149 0.0000000000
5887  25.001  -77.837  16.758 0.0000000000
5888  24.524  -77.753  16.876 0.0000000000
5889  23.307  -77.537  17.399 0.0000000000
5890  22.520  -77.144  17.704 0.0000000000
5903  31.507  -77.668  16.997 0.0000000000
5904  31.119  -77.582  16.857 0.0000000000
5905  30.343  -77.489  16.658 0.0000000000
5906  29.313  -77.388  16.439 0.0000000000
5907  28.173  -77.260  16.320 0.0000000000
5908  26.931  -77.217  16.288 0.0000000000
5909  25.473  -77.434  16.494 0.0000000000
5910  24.338  -77.016  16.551 0.0000000000
5911  23.671  -76.727  16.720 0.0000000000
6302  30.885  -76.348  32.070 0.0000000000
6317  31.108  -76.284  30.976 0.0000000000
6318  30.883  -76.280  31.756 0.0000000000
6333  31.330  -76.601  29.383 0.0000000000
6334  30.962  -77.249  28.811 0.0000000000
6335  24.133  -76.769  29.818 0.0000000000
6336  23.807  -76.970  29.669 0.0000000000
6352  24.123  -76.267  29.473 0.0000000000
6353  23.686  -76.475  29.191 0.0000000000
6367  30.293  -76.827  27.535 0.0000000000
6368  29.876  -76.968  27.110 0.0000000000
6384  29.438  -77.068  26.562 0.0000000000
6385  29.225  -77.409  26.117 0.0000000000
6394  29.125  -76.988  26.163 0.0000000000
6406  28.515  -76.982  24.979 0.0000000000
6407  28.150  -76.750  24.274 0.0000000000
6441  30.888  -77.460  20.907 0.0000000000
6442  30.162  -77.420  21.181 0.0000000000
6444  27.907  -76.346  21.769 0.0000000000
6457  32.492  -76.709  20.505 0.0000000000
6458  31.504  -76.963  20.537 0.0000000000
6459  30.009  -76.582  20.481 0.0000000000
6474  33.008  -76.372  19.463 0.0000000000
6475  31.915  -76.217  19.881 0.0000000000
6476  30.865  -76.136  19.947 0.0000000000
6477  30.118  -75.952  19.898 0.0000000000
6490  33.995  -76.887  18.826 0.0000000000
6491  33.146  -76.802  18.179 0.0000000000
6492  32.392  -76.420  18.042 0.0000000000
6504  32.902  -77.233  17.688 0.0000000000
6505  32.082  -76.817  17.422 0.0000000000
6506  31.324  -76.429  17.285 0.0000000000
6507  23.212  -76.668  16.946 0.0000000000
6508  22.652  -76.557  17.253 0.0000000000
6521  31.528  -77.293  17.027 0.0000000000
6522  30.968  -76.755  16.902 0.0000000000
6523  29.937  -76.634  16.611 0.0000000000
6524  28.908  -76.387  16.396 0.0000000000
6525  27.727  -76.218  16.210 0.0000000000
6526  26.400  -76.078  16.206 0.0000000000
6527  25.135  -76.191  16.323 0.0000000000
6528  24.180  -76.125  16.428 0.0000000000
6529  23.461  -76.152  16.645 0.0000000000
6530  23.038  -76.289  16.844 0.0000000000
6907  30.730  -75.921  32.211 0.0000000000
6920  30.751  -75.873  31.452 0.0000000000
6956  23.667  -75.708  28.649 0.0000000000
6973  30.422  -76.024  27.611 0.0000000000
6974  30.109  -76.392  27.219 0.0000000000
6975  23.848  -75.087  28.574 0.0000000000
6979  20.657  -75.425  27.624 0.0000000000
6992  34.121  -76.057  26.703 0.0000000000
6996  30.125  -75.965  27.135 0.0000000000
6997  29.796  -76.184  26.770 0.0000000000
7012  34.626  -75.458  26.100 0.0000000000
7017  29.294  -76.333  26.071 0.0000000000
7029  28.469  -75.911  24.695 0.0000000000
7030  28.104  -75.725  23.941 0.0000000000
7041  27.606  -75.385  23.143 0.0000000000
7052  27.313  -75.342  22.104 0.0000000000
7053  27.032  -74.836  21.389 0.0000000000
7070  28.236  -76.138  21.236 0.0000000000
7071  27.626  -75.470  21.185 0.0000000000
7088  29.245  -76.062  20.399 0.0000000000
7104  32.120  -76.017  19.087 0.0000000000
7105  31.281  -75.806  19.191 0.0000000000
7106  30.345  -75.597  19.380 0.0000000000
7107  29.312  -75.495  19.761 0.0000000000
7108  28.181  -75.022  19.914 0.0000000000
7109  27.747  -74.794  19.929 0.0000000000
7120  32.500  -76.303  18.592 0.0000000000
7121  31.695  -76.032  18.180 0.0000000000
7122  30.649  -75.523  18.441 0.0000000000
7123  29.770  -75.177  18.757 0.0000000000
7136  31.479  -76.276  17.541 0.0000000000
7137  30.806  -75.918  17.370 0.0000000000
7138  29.826  -75.248  17.747 0.0000000000
7139  29.184  -75.173  17.234 0.0000000000
7140  22.268  -75.871  17.147 0.0000000000
7151  30.365  -76.225  16.848 0.0000000000
7152  29.689  -75.761  16.844 0.0000000000
7153  28.484  -75.346  16.728 0.0000000000
7154  27.335  -75.271  16.469 0.0000000000
7155  26.507  -75.073  16.379 0.0000000000
7156  25.701  -75.230  16.298 0.0000000000
7157  24.733  -75.270  16.286 0.0000000000
7158  23.791  -75.362  16.411 0.0000000000
7159  22.915  -75.705  16.716 0.0000000000
7565  30.644  -74.854  31.834 0.0000000000
7614  23.768  -74.202  28.271 0.0000000000
7615  23.208  -73.791  27.310 0.0000000000
7632  22.335  -73.630  26.332 0.0000000000
7633  21.851  -74.271  26.349 0.0000000000
7648  35.437  -74.807  25.518 0.0000000000
7656  21.889  -73.332  25.669 0.0000000000
7657  21.704  -73.719  25.744 0.0000000000
7670  36.019  -74.479  24.707 0.0000000000
7672  28.467  -74.745  24.388 0.0000000000
7673  28.041  -74.808  23.706 0.0000000000
7674  21.705  -73.321  25.517 0.0000000000
7675  21.602  -73.249  25.317 0.0000000000
7687  28.263  -74.104  23.879 0.0000000000
7688  27.816  -74.014  23.254 0.0000000000
7689  21.410  -73.054  24.886 0.0000000000
7699  27.119  -74.294  22.541 0.0000000000
7700  26.742  -74.314  21.761 0.0000000000
7712  26.605  -74.272  20.994 0.0000000000
7735  29.131  -74.809  18.918 0.0000000000
7736  28.474  -74.677  19.262 0.0000000000
7737  27.512  -74.405  19.533 0.0000000000
7738  26.980  -74.299  19.814 0.0000000000
7748  29.213  -74.857  18.158 0.0000000000
7749  28.565  -74.555  18.410 0.0000000000
7750  27.958  -74.297  18.740 0.0000000000
7762  29.213  -74.991  17.649 0.0000000000
7763  28.615  -74.793  17.471 0.0000000000
7764  27.850  -74.324  17.896 0.0000000000
7765  27.319  -74.248  17.380 0.0000000000
7766  22.283  -75.047  16.910 0.0000000000
7776  28.348  -74.890  17.002 0.0000000000
7777  27.870  -74.690  17.023 0.0000000000
7778  26.926  -74.451  16.790 0.0000000000
7779  26.131  -74.469  16.543 0.0000000000
7780  25.292  -74.375  16.415 0.0000000000
7781  24.316  -74.392  16.366 0.0000000000
7782  23.232  -74.513  16.484 0.0000000000
8182  30.591  -74.133  32.827 0.0000000000
8201  30.698  -74.115  32.162 0.0000000000
8241  35.361  -73.570  27.750 0.0000000000
8244  23.890  -73.126  27.942 0.0000000000
8245  23.532  -72.825  27.313 0.0000000000
8252  36.176  -73.691  25.829 0.0000000000
8253  35.724  -73.821  26.721 0.0000000000
8274  22.198  -72.814  25.718 0.0000000000
8275  21.995  -72.511  25.302 0.0000000000
8290  28.584  -73.638  24.386 0.0000000000
8291  21.809  -73.110  25.447 0.0000000000
8292  21.701  -72.754  25.076 0.0000000000
8309  28.242  -73.298  23.807 0.0000000000
8310  27.829  -73.036  23.324 0.0000000000
8311  21.317  -72.695  24.419 0.0000000000
8326  27.255  -73.106  22.776 0.0000000000
8327  26.652  -73.400  22.074 0.0000000000
8358  27.176  -73.949  19.188 0.0000000000
8359  26.689  -73.739  19.440 0.0000000000
8369  27.266  -73.844  18.557 0.0000000000
8370  26.397  -73.274  18.393 0.0000000000
8371  25.798  -72.922  18.352 0.0000000000
8383  27.299  -74.004  17.804 0.0000000000
8384  26.691  -73.755  17.465 0.0000000000
8385  25.649  -73.069  17.611 0.0000000000
8386  25.042  -72.831  17.303 0.0000000000
8387  22.345  -73.849  16.665 0.0000000000
8397  26.432  -74.060  16.838 0.0000000000
8398  25.895  -73.751  16.813 0.0000000000
8401  23.230  -73.589  16.498 0.0000000000
8830  31.019  -72.594  35.189 0.0000000000
8844  31.059  -72.679  34.347 0.0000000000
8857  31.102  -72.717  33.399 0.0000000000
8858  30.720  -73.465  33.686 0.0000000000
8928  34.981  -72.679  29.260 0.0000000000
8936  35.256  -72.990  28.404 0.0000000000
8937  34.828  -72.196  28.362 0.0000000000
8945  35.282  -72.553  27.408 0.0000000000
8946  34.768  -71.790  27.805 0.0000000000
8949  24.008  -72.208  27.613 0.0000000000
8950  23.584  -72.114  27.085 0.0000000000
8959  36.380  -73.254  25.530 0.0000000000
8960  35.840  -72.838  26.158 0.0000000000
8962  30.526  -73.030  26.739 0.0000000000
8974  36.272  -72.686  25.502 0.0000000000
8979  30.153  -72.364  25.841 0.0000000000
8980  29.478  -72.827  25.398 0.0000000000
8982  22.679  -72.011  26.050 0.0000000000
8983  22.215  -72.083  25.412 0.0000000000
8998  29.164  -71.963  24.755 0.0000000000
8999  28.683  -72.569  24.425 0.0000000000
9000  21.929  -72.199  25.078 0.0000000000
9012  28.183  -72.436  23.655 0.0000000000
9013  27.695  -72.314  23.119 0.0000000000
9014  21.593  -72.164  24.458 0.0000000000
9024  27.312  -72.193  22.641 0.0000000000
9025  26.849  -72.419  22.199 0.0000000000
9096  25.115  -72.628  17.640 0.0000000000
9574  33.109  -71.287  35.469 0.0000000000
9576  31.269  -71.691  35.034 0.0000000000
9577  31.066  -71.927  35.847 0.0000000000
9589  32.870  -71.524  34.820 0.0000000000
9591  31.433  -71.884  33.972 0.0000000000
9602  32.927  -71.690  33.936 0.0000000000
9614  33.959  -71.140  31.959 0.0000000000
9615  33.528  -71.721  32.577 0.0000000000
9646  34.687  -71.573  30.106 0.0000000000
9665  34.698  -71.589  29.066 0.0000000000
9667  25.059  -70.806  28.740 0.0000000000
9685  34.633  -71.384  28.254 0.0000000000
9687  25.059  -70.736  28.184 0.0000000000
9688  24.776  -71.250  28.423 0.0000000000
9696  34.910  -71.411  27.324 0.0000000000
9697  34.693  -71.307  27.769 0.0000000000
9698  31.613  -71.484  27.703 0.0000000000
9699  24.982  -70.648  27.803 0.0000000000
9700  24.495  -71.184  27.631 0.0000000000
9701  23.974  -71.694  27.340 0.0000000000
9710  35.342  -71.883  26.632 0.0000000000
9712  30.525  -71.756  25.998 0.0000000000
9713  24.230  -70.900  27.210 0.0000000000
9714  23.796  -71.210  26.989 0.0000000000
9722  35.803  -71.822  25.575 0.0000000000
9725  29.985  -71.778  25.427 0.0000000000
9726  29.558  -71.632  25.024 0.0000000000
9727  23.145  -71.174  26.232 0.0000000000
9728  22.587  -71.273  25.532 0.0000000000
9741  29.260  -71.299  24.638 0.0000000000
9742  28.847  -71.518  24.317 0.0000000000
9743  22.077  -71.495  24.806 0.0000000000
9753  28.477  -71.794  23.912 0.0000000000
9754  28.113  -71.605  23.379 0.0000000000
9763  27.641  -71.504  22.801 0.0000000000
9764  27.191  -71.583  22.259 0.0000000000
9808  26.192  -70.938  19.855 0.0000000000
10352  31.125  -70.279  36.114 0.0000000000
10353  31.046  -70.844  36.321 0.0000000000
10364  33.528  -70.457  35.742 0.0000000000
10365  31.317  -70.576  35.589 0.0000000000
10366  31.161  -71.279  35.722 0.0000000000
10378  33.230  -70.618  34.671 0.0000000000
10379  32.323  -70.188  33.988 0.0000000000
10380  31.737  -70.692  34.406 0.0000000000
10392  33.376  -70.443  33.365 0.0000000000
10393  32.158  -70.638  33.445 0.0000000000
10394  31.720  -71.310  33.524 0.0000000000
10404  33.829  -70.527  32.367 0.0000000000
10405  32.264  -70.427  32.516 0.0000000000
10406  31.831  -71.262  32.768 0.0000000000
10416  34.572  -70.684  30.834 0.0000000000
10417  32.229  -70.198  31.501 0.0000000000
10418  31.779  -71.219  31.810 0.0000000000
10429  34.609  -70.622  30.079 0.0000000000
10444  34.631  -70.929  29.526 0.0000000000
10464  34.574  -70.737  28.774 0.0000000000
10466  32.107  -70.681  28.527 0.0000000000
10467  25.348  -70.179  28.662 0.0000000000
10481  34.829  -70.940  27.254 0.0000000000
10482  34.656  -70.669  27.702 0.0000000000
10483  32.268  -69.903  28.228 0.0000000000
10484  31.942  -70.281  27.616 0.0000000000
10485  25.338  -70.139  27.908 0.0000000000
10486  24.922  -70.472  27.511 0.0000000000
10500  35.025  -70.765  26.746 0.0000000000
10501  34.728  -70.235  27.222 0.0000000000
10502  31.513  -70.673  26.831 0.0000000000
10503  30.978  -70.812  26.116 0.0000000000
10504  25.153  -69.959  27.323 0.0000000000
10505  24.440  -70.321  26.935 0.0000000000
10509  35.541  -70.478  25.598 0.0000000000
10510  30.303  -70.819  25.342 0.0000000000
10511  29.880  -71.240  25.126 0.0000000000
10512  23.896  -69.875  26.204 0.0000000000
10514  22.547  -70.720  24.968 0.0000000000
10523  30.071  -70.476  24.996 0.0000000000
10524  29.716  -70.718  24.790 0.0000000000
10525  29.083  -70.696  24.276 0.0000000000
10527  22.272  -70.548  24.187 0.0000000000
10541  28.588  -70.865  23.722 0.0000000000
10542  28.057  -70.699  23.049 0.0000000000
10555  27.504  -70.607  22.302 0.0000000000
10556  27.115  -71.092  21.897 0.0000000000
10566  27.356  -69.974  21.896 0.0000000000
10567  26.931  -70.492  21.375 0.0000000000
10581  26.414  -70.189  20.245 0.0000000000
10597  26.006  -70.348  19.408 0.0000000000
10598  25.495  -70.462  18.756 0.0000000000
10615  25.024  -70.345  18.277 0.0000000000
10616  24.532  -70.557  17.917 0.0000000000
11148  31.002  -70.107  36.337 0.0000000000
11149  30.728  -69.716  36.658 0.0000000000
11161  34.223  -68.981  35.878 0.0000000000
11162  33.623  -69.461  35.209 0.0000000000
11163  31.129  -69.595  36.068 0.0000000000
11164  30.874  -69.308  36.364 0.0000000000
11173  33.323  -69.517  34.119 0.0000000000
11174  32.155  -69.544  34.398 0.0000000000
11175  31.620  -69.598  35.206 0.0000000000
11183  33.398  -69.425  33.322 0.0000000000
11184  32.530  -69.614  33.428 0.0000000000
11190  34.188  -69.679  32.043 0.0000000000
11191  33.641  -69.625  32.697 0.0000000000
11192  32.489  -69.376  32.265 0.0000000000
11201  34.454  -69.718  31.227 0.0000000000
11202  32.429  -69.197  31.224 0.0000000000
11213  34.540  -69.803  30.321 0.0000000000
11214  32.417  -68.959  30.242 0.0000000000
11221  39.659  -69.277  29.339 0.0000000000
11222  39.175  -69.324  29.026 0.0000000000
11223  34.547  -70.121  29.469 0.0000000000
11224  32.435  -69.037  29.392 0.0000000000
11233  39.344  -69.415  28.310 0.0000000000
11234  34.565  -69.754  28.529 0.0000000000
11235  32.419  -69.026  28.731 0.0000000000
11236  32.316  -68.969  28.222 0.0000000000
11248  39.910  -69.549  27.493 0.0000000000
11249  39.201  -69.509  27.011 0.0000000000
11250  34.974  -69.095  27.283 0.0000000000
11251  34.737  -69.570  27.511 0.0000000000
11252  32.338  -69.406  28.379 0.0000000000
11253  32.130  -69.323  27.723 0.0000000000
11254  25.473  -69.297  27.621 0.0000000000
11271  35.162  -69.475  26.640 0.0000000000
11272  34.774  -69.985  26.973 0.0000000000
11273  31.689  -69.609  26.800 0.0000000000
11274  31.331  -70.094  26.293 0.0000000000
11275  25.058  -69.282  26.898 0.0000000000
11276  24.462  -69.303  26.263 0.0000000000
11288  36.577  -68.927  25.111 0.0000000000
11289  35.960  -69.236  25.397 0.0000000000
11290  31.355  -69.553  26.194 0.0000000000
11291  30.927  -69.814  25.700 0.0000000000
11292  23.928  -69.202  25.601 0.0000000000
11303  36.767  -69.527  24.547 0.0000000000
11304  36.242  -69.694  24.837 0.0000000000
11307  30.223  -69.882  24.898 0.0000000000
11308  29.428  -69.680  24.114 0.0000000000
11309  28.850  -70.172  23.907 0.0000000000
11329  29.236  -69.086  23.574 0.0000000000
11330  28.602  -69.558  23.229 0.0000000000
11331  27.997  -70.074  22.724 0.0000000000
11332  22.237  -69.743  23.463 0.0000000000
11352  28.422  -68.839  22.491 0.0000000000
11353  27.895  -69.441  22.216 0.0000000000
11354  21.853  -69.863  22.709 0.0000000000
11369  27.274  -69.385  21.506 0.0000000000
11370  26.784  -69.350  20.811 0.0000000000
11371  21.791  -69.573  21.833 0.0000000000
11383  26.539  -69.132  20.083 0.0000000000
11384  21.815  -69.149  20.897 0.0000000000
11397  26.192  -69.389  19.503 0.0000000000
11398  25.694  -69.580  18.878 0.0000000000
11399  21.837  -68.959  19.897 0.0000000000
11411  25.245  -69.789  18.430 0.0000000000
11412  24.686  -69.714  18.058 0.0000000000
11413  21.947  -68.895  18.740 0.0000000000
11972  34.805  -68.504  36.232 0.0000000000
11973  30.315  -68.713  36.993 0.0000000000
11983  34.419  -68.297  35.705 0.0000000000
11984  33.890  -68.431  35.285 0.0000000000
11985  31.295  -68.629  35.543 0.0000000000
11986  30.778  -68.710  36.231 0.0000000000
12000  33.562  -68.574  34.492 0.0000000000
12001  32.301  -68.533  34.074 0.0000000000
12002  31.737  -68.597  34.822 0.0000000000
12014  33.436  -68.683  33.599 0.0000000000
12015  32.552  -68.360  33.093 0.0000000000
12026  33.874  -68.819  32.359 0.0000000000
12027  33.475  -68.881  32.925 0.0000000000
12028  32.538  -68.375  31.948 0.0000000000
12041  39.994  -68.154  30.866 0.0000000000
12043  32.530  -68.256  30.974 0.0000000000
12053  39.730  -68.522  30.354 0.0000000000
12054  39.256  -68.535  30.025 0.0000000000
12055  34.526  -68.763  30.697 0.0000000000
12056  32.492  -68.111  30.222 0.0000000000
12064  39.093  -68.924  29.478 0.0000000000
12066  34.571  -68.926  29.485 0.0000000000
12067  32.454  -68.396  29.683 0.0000000000
12078  35.126  -68.313  27.921 0.0000000000
12079  34.809  -68.597  28.221 0.0000000000
12080  32.445  -68.291  28.967 0.0000000000
12081  32.402  -68.579  28.411 0.0000000000
12094  35.259  -68.501  27.425 0.0000000000
12095  34.899  -68.914  27.598 0.0000000000
12096  32.431  -68.060  28.305 0.0000000000
12097  32.288  -68.453  27.807 0.0000000000
12099  25.587  -68.342  27.223 0.0000000000
12113  36.463  -68.131  26.434 0.0000000000
12114  35.756  -68.493  26.525 0.0000000000
12115  31.909  -68.618  27.043 0.0000000000
12116  24.863  -68.257  26.207 0.0000000000
12117  24.366  -68.751  25.826 0.0000000000
12132  36.708  -68.455  25.655 0.0000000000
12133  36.168  -68.528  25.976 0.0000000000
12134  31.437  -68.718  26.054 0.0000000000
12135  30.806  -68.822  25.171 0.0000000000
12136  24.664  -67.702  25.608 0.0000000000
12137  24.126  -68.163  25.252 0.0000000000
12138  23.750  -68.815  25.117 0.0000000000
12153  37.031  -68.772  25.038 0.0000000000
12154  30.215  -68.772  24.401 0.0000000000
12155  29.643  -68.550  23.778 0.0000000000
12156  23.755  -67.880  24.574 0.0000000000
12171  29.190  -68.477  23.262 0.0000000000
12172  28.791  -68.364  22.784 0.0000000000
12173  23.091  -68.095  23.724 0.0000000000
12174  22.633  -68.835  23.754 0.0000000000
12193  28.435  -68.107  22.259 0.0000000000
12194  28.162  -68.600  22.062 0.0000000000
12195  22.789  -68.092  22.956 0.0000000000
12196  22.268  -68.934  22.613 0.0000000000
12209  28.168  -68.140  21.874 0.0000000000
12210  27.713  -68.368  21.535 0.0000000000
12211  27.111  -68.664  21.041 0.0000000000
12212  22.679  -68.102  22.068 0.0000000000
12213  22.358  -68.544  21.399 0.0000000000
12221  27.205  -67.937  20.864 0.0000000000
12222  26.712  -68.279  20.346 0.0000000000
12223  22.388  -68.397  20.415 0.0000000000
12234  26.267  -68.440  19.597 0.0000000000
12235  25.751  -68.621  19.032 0.0000000000
12236  22.997  -68.054  18.874 0.0000000000
12237  22.515  -68.293  19.409 0.0000000000
12248  25.109  -68.882  18.393 0.0000000000
12249  24.116  -68.879  17.921 0.0000000000
12250  23.310  -68.396  18.337 0.0000000000
12251  22.658  -68.428  18.670 0.0000000000
12272  23.123  -69.018  17.725 0.0000000000
12273  22.596  -68.766  18.165 0.0000000000
12851  35.317  -68.035  36.434 0.0000000000
12852  30.401  -67.715  36.353 0.0000000000
12856  35.471  -67.421  36.429 0.0000000000
12857  34.863  -67.638  35.827 0.0000000000
12858  34.263  -67.850  35.359 0.0000000000
12859  31.351  -68.021  35.061 0.0000000000
12860  30.865  -67.553  35.376 0.0000000000
12870  34.405  -67.294  35.188 0.0000000000
12871  33.916  -67.643  34.707 0.0000000000
12872  32.211  -67.878  33.772 0.0000000000
12873  31.570  -67.438  34.361 0.0000000000
12874  30.944  -67.019  34.749 0.0000000000
12885  33.580  -67.856  33.876 0.0000000000
12886  32.229  -67.287  33.420 0.0000000000
12887  31.773  -66.878  33.782 0.0000000000
12900  34.172  -68.044  32.133 0.0000000000
12901  33.652  -67.941  32.911 0.0000000000
12902  32.507  -67.591  32.546 0.0000000000
12917  40.083  -67.752  31.302 0.0000000000
12918  39.594  -67.528  31.219 0.0000000000
12920  32.551  -67.439  31.661 0.0000000000
12935  39.732  -67.983  30.861 0.0000000000
12936  39.054  -67.763  30.527 0.0000000000
12938  35.084  -67.261  29.416 0.0000000000
12939  34.708  -67.706  30.096 0.0000000000
12940  32.552  -67.364  30.654 0.0000000000
12958  35.255  -67.468  28.790 0.0000000000
12959  34.773  -67.923  29.063 0.0000000000
12960  32.490  -67.493  29.629 0.0000000000
12978  35.359  -67.883  28.111 0.0000000000
12979  34.987  -67.935  28.533 0.0000000000
12980  32.424  -67.323  28.602 0.0000000000
12994  35.812  -67.843  27.511 0.0000000000
12995  32.343  -67.564  27.776 0.0000000000
12996  32.136  -67.947  27.268 0.0000000000
12997  26.317  -67.296  27.625 0.0000000000
12998  26.049  -67.609  27.293 0.0000000000
13010  36.131  -67.938  26.992 0.0000000000
13011  35.713  -68.159  27.102 0.0000000000
13012  32.201  -67.396  27.173 0.0000000000
13013  31.886  -67.683  26.614 0.0000000000
13014  26.204  -67.020  27.171 0.0000000000
13015  25.645  -67.301  26.645 0.0000000000
13028  31.568  -67.583  25.748 0.0000000000
13029  31.210  -68.068  25.357 0.0000000000
13030  25.080  -67.183  25.775 0.0000000000
13031  24.586  -67.185  25.146 0.0000000000
13051  31.303  -67.521  25.234 0.0000000000
13052  30.831  -67.675  24.704 0.0000000000
13053  30.127  -67.889  24.048 0.0000000000
13054  24.110  -67.155  24.354 0.0000000000
13055  23.525  -67.681  24.029 0.0000000000
13067  30.427  -67.119  23.973 0.0000000000
13068  29.657  -67.341  23.313 0.0000000000
13069  29.144  -67.873  22.956 0.0000000000
13070  23.721  -67.098  23.604 0.0000000000
13071  23.347  -67.434  23.193 0.0000000000
13088  29.412  -66.658  22.708 0.0000000000
13089  28.899  -67.256  22.485 0.0000000000
13090  23.158  -67.445  22.230 0.0000000000
13104  28.132  -67.400  21.768 0.0000000000
13105  27.457  -67.247  21.120 0.0000000000
13106  22.924  -67.593  21.127 0.0000000000
13107  22.612  -68.094  20.858 0.0000000000
13115  26.752  -67.090  20.477 0.0000000000
13116  25.959  -67.362  19.737 0.0000000000
13117  25.302  -67.015  19.550 0.0000000000
13118  23.124  -67.521  20.172 0.0000000000
13119  22.743  -67.869  20.505 0.0000000000
13127  25.823  -67.962  19.248 0.0000000000
13128  25.018  -67.613  18.958 0.0000000000
13129  23.910  -67.444  19.056 0.0000000000
13130  23.176  -67.704  19.399 0.0000000000
13131  22.741  -67.893  19.969 0.0000000000
13136  24.605  -68.347  18.443 0.0000000000
13137  24.095  -68.046  18.530 0.0000000000
13138  23.498  -67.882  18.805 0.0000000000
13752  38.152  -66.332  38.378 0.0000000000
13753  37.307  -66.741  37.965 0.0000000000
13760  35.968  -66.836  36.785 0.0000000000
13766  35.367  -66.701  35.994 0.0000000000
13767  34.770  -66.866  35.395 0.0000000000
13774  35.081  -66.266  35.256 0.0000000000
13775  34.462  -66.576  34.531 0.0000000000
13776  33.826  -67.155  34.029 0.0000000000
13789  34.076  -66.681  33.450 0.0000000000
13790  33.757  -67.348  33.448 0.0000000000
13791  31.960  -66.575  33.409 0.0000000000
13792  31.298  -66.321  33.759 0.0000000000
13805  39.952  -66.554  32.234 0.0000000000
13806  39.495  -66.141  32.268 0.0000000000
13807  34.249  -66.985  32.387 0.0000000000
13808  33.873  -67.209  33.020 0.0000000000
13809  32.366  -66.541  32.552 0.0000000000
13810  31.846  -66.052  33.184 0.0000000000
13822  39.979  -67.158  31.729 0.0000000000
13823  39.015  -66.628  31.504 0.0000000000
13825  35.131  -66.285  30.793 0.0000000000
13827  32.580  -66.471  31.324 0.0000000000
13841  35.256  -66.670  30.049 0.0000000000
13842  34.745  -66.916  30.691 0.0000000000
13843  32.585  -66.341  30.176 0.0000000000
13860  35.757  -66.750  29.152 0.0000000000
13861  32.520  -66.529  29.143 0.0000000000
13878  35.764  -67.227  28.521 0.0000000000
13879  32.465  -66.508  28.465 0.0000000000
13895  32.377  -66.765  27.948 0.0000000000
13910  32.309  -66.945  27.424 0.0000000000
13911  32.238  -66.830  26.872 0.0000000000
13912  26.081  -66.303  26.731 0.0000000000
13913  25.500  -66.324  26.015 0.0000000000
13925  31.948  -66.762  26.138 0.0000000000
13926  25.017  -66.199  25.077 0.0000000000
13927  24.570  -66.687  24.709 0.0000000000
13950  31.491  -66.744  25.247 0.0000000000
13951  30.973  -66.415  24.384 0.0000000000
13952  24.903  -65.819  24.459 0.0000000000
13953  24.573  -66.183  24.217 0.0000000000
13966  30.401  -66.191  23.593 0.0000000000
13967  29.818  -66.033  22.878 0.0000000000
13968  24.050  -66.388  23.214 0.0000000000
13969  23.663  -66.919  23.156 0.0000000000
13984  29.160  -65.945  22.280 0.0000000000
13985  28.448  -66.286  21.790 0.0000000000
13986  23.977  -66.285  22.155 0.0000000000
13987  23.601  -66.827  22.573 0.0000000000
14005  27.723  -66.353  21.310 0.0000000000
14006  27.088  -66.327  20.823 0.0000000000
14007  24.260  -66.124  21.427 0.0000000000
14008  23.606  -66.697  21.460 0.0000000000
14022  26.542  -66.209  20.533 0.0000000000
14023  26.030  -66.393  20.247 0.0000000000
14024  25.289  -66.500  20.039 0.0000000000
14025  24.409  -66.398  20.458 0.0000000000
14026  23.574  -66.955  20.372 0.0000000000
14032  24.843  -66.786  19.637 0.0000000000
14033  24.192  -66.934  19.596 0.0000000000
14034  23.599  -67.275  19.699 0.0000000000
14658  38.660  -65.511  38.036 0.0000000000
14659  37.601  -66.054  37.634 0.0000000000
14666  38.282  -65.167  37.283 0.0000000000
14668  36.626  -65.834  36.816 0.0000000000
14669  35.853  -66.226  36.401 0.0000000000
14678  40.683  -64.895  35.345 0.0000000000
14679  36.365  -65.418  36.119 0.0000000000
14680  35.765  -65.701  35.816 0.0000000000
14691  40.441  -65.082  34.778 0.0000000000
14692  35.138  -65.540  34.565 0.0000000000
14693  34.660  -65.971  34.321 0.0000000000
14708  39.997  -65.357  33.693 0.0000000000
14709  39.394  -65.210  33.498 0.0000000000
14710  35.013  -65.135  33.358 0.0000000000
14711  34.522  -65.901  33.862 0.0000000000
14712  31.427  -65.579  33.221 0.0000000000
14727  40.436  -66.272  32.609 0.0000000000
14728  39.956  -65.960  32.790 0.0000000000
14729  38.916  -65.439  32.695 0.0000000000
14730  38.060  -65.009  32.423 0.0000000000
14732  34.378  -65.886  32.891 0.0000000000
14733  32.444  -65.634  31.888 0.0000000000
14734  31.939  -65.470  32.594 0.0000000000
14735  31.253  -64.873  32.769 0.0000000000
14749  38.535  -65.825  31.742 0.0000000000
14750  37.735  -65.380  31.662 0.0000000000
14754  32.584  -65.504  30.957 0.0000000000
14769  32.595  -65.337  30.137 0.0000000000
14786  32.599  -65.650  29.406 0.0000000000
14801  32.552  -65.841  28.614 0.0000000000
14816  32.475  -66.089  28.047 0.0000000000
14817  26.461  -65.351  26.906 0.0000000000
14831  32.424  -66.188  27.403 0.0000000000
14832  32.298  -65.990  26.663 0.0000000000
14833  26.109  -65.349  25.819 0.0000000000
14834  25.499  -65.813  25.568 0.0000000000
14846  31.913  -65.735  25.892 0.0000000000
14847  25.889  -64.879  24.841 0.0000000000
14848  25.548  -65.495  25.150 0.0000000000
14870  31.454  -65.474  24.975 0.0000000000
14871  30.898  -65.215  24.102 0.0000000000
14872  25.762  -64.758  24.300 0.0000000000
14873  25.294  -65.296  24.295 0.0000000000
14874  24.830  -65.659  24.132 0.0000000000
14893  30.261  -64.934  23.251 0.0000000000
14894  29.554  -65.036  22.604 0.0000000000
14895  25.300  -64.872  23.373 0.0000000000
14896  24.752  -65.492  23.423 0.0000000000
14911  28.941  -64.971  22.275 0.0000000000
14912  28.525  -65.274  21.867 0.0000000000
14913  25.220  -64.922  22.471 0.0000000000
14914  24.529  -65.598  22.111 0.0000000000
14933  27.912  -65.439  21.457 0.0000000000
14934  27.131  -65.447  21.103 0.0000000000
14935  26.347  -65.179  20.989 0.0000000000
14936  25.505  -65.192  21.290 0.0000000000
14937  24.800  -65.771  20.993 0.0000000000
14948  26.665  -65.728  20.750 0.0000000000
14949  26.102  -65.666  20.595 0.0000000000
14950  25.449  -65.875  20.548 0.0000000000
14951  24.978  -66.093  20.483 0.0000000000
15598  38.888  -64.823  37.066 0.0000000000
15600  37.239  -65.274  36.711 0.0000000000
15609  40.096  -64.761  35.551 0.0000000000
15612  36.895  -64.982  36.076 0.0000000000
15613  36.277  -65.248  35.791 0.0000000000
15624  38.113  -64.496  34.948 0.0000000000
15625  37.053  -64.418  35.063 0.0000000000
15626  36.145  -64.952  35.231 0.0000000000
15639  39.116  -64.900  33.768 0.0000000000
15640  38.384  -64.606  33.976 0.0000000000
15641  37.415  -64.376  33.991 0.0000000000
15642  36.086  -64.433  33.975 0.0000000000
15654  38.637  -64.819  33.351 0.0000000000
15655  38.032  -64.593  33.053 0.0000000000
15656  36.929  -64.347  32.935 0.0000000000
15657  35.799  -64.604  32.458 0.0000000000
15658  32.200  -65.122  32.086 0.0000000000
15659  31.774  -64.703  32.091 0.0000000000
15660  31.048  -64.068  32.031 0.0000000000
15672  37.526  -64.711  32.364 0.0000000000
15673  36.795  -64.620  31.967 0.0000000000
15674  36.120  -64.782  31.682 0.0000000000
15675  32.294  -64.870  31.523 0.0000000000
15676  31.742  -64.078  31.249 0.0000000000
15677  31.250  -63.708  31.511 0.0000000000
15688  32.367  -64.489  30.553 0.0000000000
15689  32.056  -63.979  30.654 0.0000000000
15704  32.570  -64.747  29.575 0.0000000000
15723  32.620  -65.123  28.824 0.0000000000
15743  32.502  -65.176  27.855 0.0000000000
15744  32.383  -64.553  27.434 0.0000000000
15758  32.405  -65.553  27.158 0.0000000000
15759  32.260  -64.902  26.786 0.0000000000
15760  26.886  -63.701  25.498 0.0000000000
15761  26.731  -64.265  26.126 0.0000000000
15774  31.751  -64.577  25.742 0.0000000000
15775  26.872  -63.632  25.160 0.0000000000
15776  26.530  -64.131  25.086 0.0000000000
15793  31.192  -64.173  24.834 0.0000000000
15794  30.562  -64.102  24.002 0.0000000000
15795  26.190  -64.344  24.234 0.0000000000
15796  25.750  -64.589  23.745 0.0000000000
15819  30.127  -63.905  23.406 0.0000000000
15820  29.690  -64.110  22.902 0.0000000000
15821  26.327  -64.043  23.335 0.0000000000
15837  29.065  -64.243  22.508 0.0000000000
15838  28.362  -64.329  22.153 0.0000000000
15839  27.561  -64.134  22.004 0.0000000000
15840  26.668  -64.093  22.209 0.0000000000
15841  25.916  -64.575  21.876 0.0000000000
15854  27.990  -64.717  21.694 0.0000000000
15855  27.339  -64.669  21.521 0.0000000000
15856  26.576  -64.701  21.422 0.0000000000
15857  26.060  -64.821  21.332 0.0000000000
16626  31.361  -63.399  31.103 0.0000000000
16627  30.973  -63.354  31.567 0.0000000000
16642  32.175  -63.913  30.360 0.0000000000
16643  31.835  -63.513  30.404 0.0000000000
16655  32.290  -63.762  29.786 0.0000000000
16656  32.016  -63.333  29.934 0.0000000000
16673  32.462  -64.264  28.727 0.0000000000
16693  32.378  -64.194  27.865 0.0000000000
16694  32.289  -63.999  27.288 0.0000000000
16707  31.963  -63.762  26.521 0.0000000000
16708  27.116  -63.292  25.802 0.0000000000
16724  31.492  -63.481  25.606 0.0000000000
16725  31.222  -62.982  25.246 0.0000000000
16726  27.174  -63.236  25.182 0.0000000000
16727  26.941  -63.507  24.802 0.0000000000
16742  31.184  -63.403  25.044 0.0000000000
16743  30.698  -63.000  24.591 0.0000000000
16744  30.012  -62.767  23.965 0.0000000000
16746  26.789  -63.583  24.053 0.0000000000
16768  30.220  -63.363  23.832 0.0000000000
16769  29.543  -63.178  23.415 0.0000000000
16770  28.666  -63.122  23.264 0.0000000000
16771  27.774  -63.190  23.456 0.0000000000
16772  27.012  -63.584  22.956 0.0000000000
16790  29.122  -63.602  22.880 0.0000000000
16791  28.473  -63.599  22.699 0.0000000000
16792  27.729  -63.664  22.541 0.0000000000
16793  27.221  -63.788  22.381 0.0000000000
17601  31.115  -63.014  31.176 0.0000000000
17613  31.313  -62.831  30.596 0.0000000000
17614  31.019  -62.222  30.425 0.0000000000
17627  32.313  -63.424  28.984 0.0000000000
17628  31.810  -62.817  29.574 0.0000000000
17629  31.336  -62.383  30.051 0.0000000000
17640  32.336  -63.564  28.222 0.0000000000
17641  32.215  -62.941  28.567 0.0000000000
17664  32.317  -63.677  27.713 0.0000000000
17665  32.189  -63.021  27.511 0.0000000000
17683  31.574  -62.679  26.320 0.0000000000
17684  31.281  -62.151  26.161 0.0000000000
17685  27.221  -62.738  26.139 0.0000000000
17699  31.377  -62.844  25.655 0.0000000000
17700  31.041  -62.307  25.548 0.0000000000
17701  28.361  -61.960  25.061 0.0000000000
17702  27.771  -62.347  25.261 0.0000000000
17714  30.446  -62.071  24.919 0.0000000000
17715  29.903  -62.148  24.436 0.0000000000
17716  28.803  -61.999  24.584 0.0000000000
17717  28.112  -62.611  24.165 0.0000000000
17734  29.419  -62.482  23.980 0.0000000000
17735  28.788  -62.610  23.771 0.0000000000
17736  28.314  -62.843  23.641 0.0000000000
18581  31.576  -62.264  29.219 0.0000000000
18582  31.201  -61.773  29.504 0.0000000000
18594  31.705  -62.267  28.538 0.0000000000
18595  31.217  -61.294  28.175 0.0000000000
18613  31.567  -61.933  27.201 0.0000000000
18614  31.111  -61.049  27.154 0.0000000000
18634  31.399  -62.069  26.490 0.0000000000
18635  31.055  -61.599  26.334 0.0000000000
18650  30.238  -61.400  25.456 0.0000000000
18651  29.282  -61.183  25.293 0.0000000000
18652  28.497  -61.526  25.329 0.0000000000
18653  27.856  -61.558  25.775 0.0000000000
18665  30.074  -61.738  24.851 0.0000000000
18666  29.559  -61.609  24.875 0.0000000000
18667  29.023  -61.551  24.994 0.0000000000
19614  30.321  -60.632  26.538 0.0000000000
19634  28.788  -60.688  25.733 0.0000000000
19635  27.994  -60.887  25.888 0.0000000000
19636  27.601  -61.202  26.131 0.0000000000
