#!ascii label  , from subject sub-CSI3 vox2ras=TkReg
739
23957  20.790  -56.440  2.625 0.0000000000
23958  20.099  -56.446  2.240 0.0000000000
24916  22.262  -55.160  4.151 0.0000000000
24937  23.045  -55.104  3.038 0.0000000000
24938  22.551  -55.262  3.507 0.0000000000
24939  21.774  -56.049  3.493 0.0000000000
24955  22.141  -56.058  2.575 0.0000000000
24956  21.400  -56.346  2.748 0.0000000000
24968  23.317  -55.616  1.029 0.0000000000
24969  22.244  -55.958  1.440 0.0000000000
24970  21.008  -56.253  1.763 0.0000000000
24971  19.826  -56.291  1.381 0.0000000000
24986  23.316  -55.538  -0.017 0.0000000000
24987  22.325  -55.864  0.396 0.0000000000
24988  21.245  -55.970  0.654 0.0000000000
24989  20.258  -56.143  0.752 0.0000000000
25960  22.333  -54.625  4.264 0.0000000000
25978  23.267  -54.564  3.132 0.0000000000
25979  22.764  -54.575  3.674 0.0000000000
26002  24.563  -54.136  0.862 0.0000000000
26003  23.960  -54.829  1.501 0.0000000000
26015  24.054  -54.937  0.437 0.0000000000
27040  22.320  -53.754  4.316 0.0000000000
27041  21.648  -53.959  4.820 0.0000000000
27064  23.374  -53.820  3.227 0.0000000000
27065  22.878  -53.825  3.751 0.0000000000
28131  22.490  -53.324  4.041 0.0000000000
28132  22.007  -53.078  4.382 0.0000000000
28133  20.787  -52.873  4.800 0.0000000000
28134  19.510  -52.584  4.779 0.0000000000
28135  18.541  -52.366  4.373 0.0000000000
28155  21.644  -52.206  3.944 0.0000000000
28156  20.785  -51.779  4.040 0.0000000000
28185  24.716  -52.470  1.090 0.0000000000
28214  25.976  -52.699  -0.957 0.0000000000
29198  20.063  -51.880  4.380 0.0000000000
29199  19.203  -51.726  4.115 0.0000000000
29200  18.459  -51.743  3.833 0.0000000000
29212  22.176  -51.761  3.306 0.0000000000
29213  21.327  -51.196  3.309 0.0000000000
29214  19.991  -51.070  3.431 0.0000000000
29215  18.815  -51.309  3.343 0.0000000000
29235  19.127  -50.832  2.845 0.0000000000
29262  25.614  -51.511  0.521 0.0000000000
30317  20.623  -50.645  2.831 0.0000000000
30318  20.152  -50.705  2.907 0.0000000000
30349  19.170  -49.861  1.910 0.0000000000
30350  18.148  -49.831  2.023 0.0000000000
30360  24.790  -50.548  0.624 0.0000000000
30362  23.043  -50.003  0.512 0.0000000000
30376  30.830  -50.841  -1.908 0.0000000000
31387  21.654  -49.055  1.055 0.0000000000
31388  20.746  -49.070  1.432 0.0000000000
31389  19.583  -49.037  1.745 0.0000000000
31390  18.404  -49.049  1.860 0.0000000000
31402  24.008  -49.647  0.875 0.0000000000
31403  23.247  -49.525  0.569 0.0000000000
31404  22.473  -49.419  0.685 0.0000000000
32439  22.736  -48.358  1.487 0.0000000000
32440  22.214  -48.482  1.113 0.0000000000
32455  22.828  -48.977  0.527 0.0000000000
32463  32.535  -48.419  -0.566 0.0000000000
32465  30.755  -48.681  -0.500 0.0000000000
32472  30.866  -49.323  -1.171 0.0000000000
33523  16.660  -46.752  3.317 0.0000000000
33549  22.135  -47.291  1.660 0.0000000000
33550  21.380  -47.302  1.318 0.0000000000
33576  29.638  -46.433  -0.198 0.0000000000
34712  17.469  -45.858  3.286 0.0000000000
34713  16.538  -45.820  2.834 0.0000000000
34723  22.176  -45.920  1.869 0.0000000000
34724  16.251  -45.535  2.181 0.0000000000
34763  29.461  -45.985  -0.281 0.0000000000
35825  22.033  -45.365  8.071 0.0000000000
35826  21.647  -45.622  8.097 0.0000000000
35841  22.123  -45.560  7.736 0.0000000000
35864  22.562  -45.418  7.021 0.0000000000
35865  15.108  -44.952  6.583 0.0000000000
35912  19.380  -45.114  3.474 0.0000000000
35913  18.477  -45.107  3.133 0.0000000000
35914  17.780  -45.298  2.569 0.0000000000
35915  16.743  -45.344  2.480 0.0000000000
35928  22.044  -45.013  1.850 0.0000000000
35930  17.025  -45.339  2.287 0.0000000000
35942  21.669  -45.248  1.595 0.0000000000
35956  28.852  -45.488  -0.125 0.0000000000
35971  28.686  -45.261  -0.225 0.0000000000
37001  22.202  -44.827  8.203 0.0000000000
37002  21.467  -44.710  8.548 0.0000000000
37003  20.515  -44.638  8.628 0.0000000000
37004  19.549  -44.579  8.483 0.0000000000
37005  18.678  -44.475  8.232 0.0000000000
37014  23.118  -43.908  7.315 0.0000000000
37015  22.737  -44.484  7.513 0.0000000000
37016  17.958  -44.429  7.814 0.0000000000
37017  17.175  -44.466  7.403 0.0000000000
37019  15.613  -44.633  6.694 0.0000000000
37033  23.074  -44.125  7.069 0.0000000000
37034  22.753  -44.437  6.605 0.0000000000
37035  15.851  -44.105  6.596 0.0000000000
37036  15.196  -44.184  6.390 0.0000000000
37051  22.310  -44.488  5.650 0.0000000000
37052  21.678  -44.449  4.876 0.0000000000
37064  20.906  -44.337  4.240 0.0000000000
37065  20.103  -44.229  3.666 0.0000000000
37082  19.326  -44.210  3.193 0.0000000000
37083  18.679  -44.273  2.645 0.0000000000
37084  18.340  -44.725  2.419 0.0000000000
37095  21.819  -44.189  2.102 0.0000000000
37096  21.427  -43.787  1.898 0.0000000000
37097  18.674  -43.784  2.309 0.0000000000
37098  18.403  -44.405  2.174 0.0000000000
37111  21.732  -44.704  1.778 0.0000000000
37141  30.293  -44.458  -0.764 0.0000000000
38096  22.998  -43.305  8.402 0.0000000000
38098  21.161  -43.703  8.882 0.0000000000
38099  20.119  -43.674  8.914 0.0000000000
38100  19.181  -43.627  8.565 0.0000000000
38101  18.417  -43.597  8.086 0.0000000000
38112  23.251  -43.495  7.761 0.0000000000
38113  22.679  -43.968  8.120 0.0000000000
38114  17.711  -43.576  7.576 0.0000000000
38115  16.897  -43.587  7.218 0.0000000000
38116  16.283  -43.557  6.736 0.0000000000
38131  23.146  -43.416  6.856 0.0000000000
38132  22.600  -43.521  6.027 0.0000000000
38133  15.765  -43.571  6.362 0.0000000000
38134  15.290  -43.282  5.823 0.0000000000
38150  22.045  -43.515  5.280 0.0000000000
38151  21.391  -43.445  4.620 0.0000000000
38152  15.111  -42.689  5.496 0.0000000000
38164  20.627  -43.303  4.046 0.0000000000
38165  19.881  -43.266  3.506 0.0000000000
38183  19.362  -43.376  2.948 0.0000000000
38184  19.140  -43.384  2.453 0.0000000000
38195  21.508  -43.266  2.059 0.0000000000
38214  21.169  -43.337  1.756 0.0000000000
38233  27.278  -43.374  0.082 0.0000000000
38243  29.761  -43.696  -0.982 0.0000000000
38253  29.807  -43.056  -1.352 0.0000000000
38254  29.076  -43.333  -1.294 0.0000000000
38255  28.265  -43.302  -1.092 0.0000000000
39135  24.058  -41.919  8.145 0.0000000000
39136  23.595  -42.421  8.257 0.0000000000
39137  22.770  -42.593  8.687 0.0000000000
39138  21.818  -42.690  9.016 0.0000000000
39139  20.746  -42.672  9.119 0.0000000000
39140  19.702  -42.643  8.795 0.0000000000
39141  18.829  -42.713  8.391 0.0000000000
39154  24.028  -42.110  7.880 0.0000000000
39155  23.646  -42.479  7.418 0.0000000000
39156  18.245  -42.720  7.826 0.0000000000
39157  17.405  -42.588  7.407 0.0000000000
39158  16.625  -42.898  7.053 0.0000000000
39172  23.370  -42.338  6.483 0.0000000000
39173  22.953  -42.826  6.145 0.0000000000
39174  16.849  -42.233  6.919 0.0000000000
39175  16.112  -42.618  6.397 0.0000000000
39176  15.524  -42.360  5.755 0.0000000000
39190  23.055  -42.280  5.917 0.0000000000
39191  22.437  -42.438  5.514 0.0000000000
39192  21.763  -42.746  4.959 0.0000000000
39211  21.861  -42.004  4.811 0.0000000000
39212  21.206  -42.337  4.364 0.0000000000
39213  20.462  -42.327  3.728 0.0000000000
39233  19.906  -42.387  3.019 0.0000000000
39234  19.465  -42.905  2.708 0.0000000000
39248  21.578  -42.277  2.033 0.0000000000
39249  21.283  -42.818  1.881 0.0000000000
40241  24.013  -41.468  8.395 0.0000000000
40242  23.327  -41.583  8.703 0.0000000000
40243  22.411  -41.643  8.945 0.0000000000
40244  21.392  -41.632  9.004 0.0000000000
40245  20.323  -41.608  8.836 0.0000000000
40246  19.208  -41.585  8.337 0.0000000000
40247  18.592  -42.144  8.135 0.0000000000
40261  24.271  -41.457  7.791 0.0000000000
40262  24.005  -41.916  7.536 0.0000000000
40263  18.904  -41.064  7.826 0.0000000000
40264  18.298  -41.615  7.714 0.0000000000
40265  17.414  -41.530  7.154 0.0000000000
40282  24.257  -41.051  7.289 0.0000000000
40283  23.898  -41.488  6.921 0.0000000000
40284  16.709  -41.518  6.551 0.0000000000
40285  16.011  -41.507  5.859 0.0000000000
40286  15.535  -41.836  5.683 0.0000000000
40306  23.135  -41.349  5.769 0.0000000000
40307  22.163  -41.234  5.054 0.0000000000
40308  16.022  -41.168  5.474 0.0000000000
40331  21.416  -41.214  4.509 0.0000000000
40332  20.793  -41.336  4.007 0.0000000000
40333  20.467  -41.407  3.386 0.0000000000
40350  20.305  -41.390  2.790 0.0000000000
40364  21.837  -41.125  2.289 0.0000000000
40365  21.298  -40.929  2.031 0.0000000000
40366  20.139  -41.609  2.232 0.0000000000
40384  21.361  -41.514  1.959 0.0000000000
40401  27.377  -41.716  -0.268 0.0000000000
41304  23.870  -39.898  9.179 0.0000000000
41305  23.424  -39.976  9.227 0.0000000000
41306  22.755  -40.006  9.276 0.0000000000
41323  24.485  -40.640  8.237 0.0000000000
41324  23.895  -40.473  8.839 0.0000000000
41325  22.983  -40.712  9.016 0.0000000000
41326  22.020  -40.525  9.150 0.0000000000
41327  20.960  -40.595  8.835 0.0000000000
41328  20.022  -40.586  8.480 0.0000000000
41343  24.493  -40.538  7.465 0.0000000000
41344  19.293  -40.501  7.997 0.0000000000
41345  18.692  -40.522  7.513 0.0000000000
41346  17.932  -40.809  7.402 0.0000000000
41368  24.250  -40.625  6.900 0.0000000000
41369  23.824  -40.424  6.211 0.0000000000
41370  18.165  -40.187  7.204 0.0000000000
41371  17.401  -40.463  6.756 0.0000000000
41372  16.633  -40.803  6.150 0.0000000000
41395  23.218  -40.119  5.509 0.0000000000
41396  22.473  -40.204  5.099 0.0000000000
41397  16.949  -40.100  6.072 0.0000000000
41398  16.300  -40.502  5.644 0.0000000000
41419  21.761  -40.227  4.510 0.0000000000
41420  21.180  -40.298  3.872 0.0000000000
41421  20.766  -40.677  3.565 0.0000000000
41434  22.131  -39.997  2.581 0.0000000000
41435  20.929  -40.012  3.336 0.0000000000
41436  20.641  -40.421  3.077 0.0000000000
41452  21.453  -40.207  2.388 0.0000000000
41454  20.674  -40.616  2.555 0.0000000000
41497  27.270  -40.833  -0.748 0.0000000000
41511  27.319  -41.158  -1.037 0.0000000000
42504  25.129  -38.927  9.025 0.0000000000
42505  24.571  -39.076  9.205 0.0000000000
42506  23.850  -39.277  9.274 0.0000000000
42507  23.066  -39.275  9.204 0.0000000000
42508  22.286  -39.408  9.140 0.0000000000
42523  25.399  -39.055  8.373 0.0000000000
42524  24.716  -39.720  8.728 0.0000000000
42525  24.211  -39.728  9.111 0.0000000000
42526  21.414  -39.551  8.962 0.0000000000
42527  20.579  -39.647  8.572 0.0000000000
42528  19.837  -39.642  8.174 0.0000000000
42546  25.293  -38.865  7.399 0.0000000000
42547  24.965  -39.806  7.814 0.0000000000
42548  19.197  -39.629  7.654 0.0000000000
42549  18.660  -39.732  7.269 0.0000000000
42570  24.959  -38.418  6.725 0.0000000000
42571  24.504  -39.457  6.651 0.0000000000
42572  23.614  -39.337  5.709 0.0000000000
42573  18.071  -39.471  7.057 0.0000000000
42574  17.492  -39.377  6.413 0.0000000000
42593  22.749  -39.186  5.142 0.0000000000
42594  21.991  -39.205  4.543 0.0000000000
42595  16.971  -39.361  5.783 0.0000000000
42612  21.432  -39.349  3.905 0.0000000000
42613  20.940  -39.353  3.457 0.0000000000
42630  20.663  -39.449  3.105 0.0000000000
42631  20.707  -39.628  2.867 0.0000000000
42672  27.526  -39.891  -0.436 0.0000000000
43612  25.567  -38.210  8.904 0.0000000000
43613  25.069  -38.257  9.440 0.0000000000
43614  24.254  -38.360  9.470 0.0000000000
43615  23.416  -38.450  9.419 0.0000000000
43616  22.625  -38.501  9.256 0.0000000000
43630  25.732  -38.138  7.963 0.0000000000
43631  21.836  -38.558  9.004 0.0000000000
43632  20.948  -38.586  8.688 0.0000000000
43633  20.287  -38.934  8.335 0.0000000000
43649  25.414  -37.868  7.092 0.0000000000
43650  20.428  -38.254  8.240 0.0000000000
43651  19.791  -38.631  7.844 0.0000000000
43652  18.944  -38.763  7.221 0.0000000000
43666  24.859  -37.627  6.530 0.0000000000
43667  24.268  -38.012  6.205 0.0000000000
43668  23.845  -38.563  5.900 0.0000000000
43669  18.135  -38.502  6.779 0.0000000000
43670  17.541  -38.389  6.143 0.0000000000
43687  23.605  -37.810  5.747 0.0000000000
43688  23.076  -38.188  5.374 0.0000000000
43689  22.245  -38.220  4.729 0.0000000000
43690  17.052  -38.364  5.593 0.0000000000
43705  21.628  -38.446  3.790 0.0000000000
43706  21.063  -38.866  3.563 0.0000000000
43721  22.481  -38.137  3.153 0.0000000000
43722  21.508  -38.448  2.860 0.0000000000
43723  20.737  -38.769  3.121 0.0000000000
43724  20.534  -39.123  2.946 0.0000000000
43736  20.662  -39.092  2.748 0.0000000000
43778  27.331  -38.921  -0.546 0.0000000000
44663  25.405  -36.863  9.820 0.0000000000
44664  25.189  -36.925  9.932 0.0000000000
44679  26.248  -36.628  9.326 0.0000000000
44680  25.681  -37.088  9.527 0.0000000000
44681  24.710  -37.413  9.795 0.0000000000
44682  23.779  -37.594  9.685 0.0000000000
44683  22.941  -37.659  9.632 0.0000000000
44684  22.208  -37.670  9.301 0.0000000000
44694  26.401  -36.767  8.911 0.0000000000
44695  26.099  -37.418  8.535 0.0000000000
44696  21.483  -37.652  8.917 0.0000000000
44697  20.802  -37.577  8.511 0.0000000000
44708  26.380  -36.692  8.177 0.0000000000
44709  25.942  -37.008  7.506 0.0000000000
44710  20.177  -37.578  8.047 0.0000000000
44711  19.541  -37.665  7.470 0.0000000000
44712  18.871  -37.670  6.920 0.0000000000
44727  25.152  -36.837  6.702 0.0000000000
44728  24.255  -36.851  6.165 0.0000000000
44729  23.578  -36.618  5.771 0.0000000000
44730  18.187  -37.506  6.486 0.0000000000
44731  17.600  -37.249  5.911 0.0000000000
44749  23.764  -37.258  5.836 0.0000000000
44750  23.164  -37.097  5.453 0.0000000000
44751  22.594  -37.341  4.904 0.0000000000
44752  17.054  -37.363  5.429 0.0000000000
44765  23.346  -36.734  3.902 0.0000000000
44766  22.607  -36.933  3.980 0.0000000000
44767  22.241  -37.496  4.243 0.0000000000
44777  23.287  -37.385  3.575 0.0000000000
44778  22.818  -37.423  3.576 0.0000000000
44779  22.202  -37.779  3.606 0.0000000000
44832  26.391  -37.247  -0.552 0.0000000000
44849  26.549  -37.429  -1.025 0.0000000000
45662  25.355  -36.557  9.996 0.0000000000
45663  24.671  -36.512  10.148 0.0000000000
45664  23.864  -36.306  10.125 0.0000000000
45677  26.187  -36.331  9.561 0.0000000000
45678  25.819  -36.141  9.908 0.0000000000
45679  24.070  -36.907  9.896 0.0000000000
45680  23.288  -36.764  9.891 0.0000000000
45681  22.554  -36.842  9.620 0.0000000000
45682  21.894  -36.798  9.224 0.0000000000
45693  26.591  -36.180  9.196 0.0000000000
45694  21.231  -36.761  8.800 0.0000000000
45695  20.597  -36.696  8.349 0.0000000000
45707  26.686  -36.062  8.462 0.0000000000
45708  26.361  -35.940  7.664 0.0000000000
45709  19.907  -36.686  7.902 0.0000000000
45710  19.285  -36.643  7.268 0.0000000000
45711  18.713  -36.880  6.779 0.0000000000
45725  25.506  -35.725  6.982 0.0000000000
45726  24.497  -35.828  6.437 0.0000000000
45727  23.718  -35.940  6.006 0.0000000000
45728  18.913  -36.201  6.842 0.0000000000
45729  18.303  -36.381  6.328 0.0000000000
45730  17.832  -36.465  5.908 0.0000000000
45746  23.304  -36.178  5.319 0.0000000000
45747  22.842  -36.657  4.957 0.0000000000
45748  17.989  -35.943  5.871 0.0000000000
45749  17.547  -36.304  5.510 0.0000000000
45761  23.044  -36.248  4.559 0.0000000000
45762  22.584  -36.835  4.504 0.0000000000
45808  25.827  -36.375  -0.259 0.0000000000
45822  26.049  -36.522  -0.941 0.0000000000
45823  25.633  -36.078  -0.614 0.0000000000
46645  25.989  -35.273  10.447 0.0000000000
46646  25.268  -35.669  10.401 0.0000000000
46647  24.158  -35.649  10.500 0.0000000000
46648  23.125  -35.722  10.169 0.0000000000
46649  22.514  -35.324  10.076 0.0000000000
46656  27.150  -34.987  9.509 0.0000000000
46657  26.519  -35.508  9.842 0.0000000000
46658  25.923  -35.681  10.188 0.0000000000
46659  22.809  -36.290  9.832 0.0000000000
46660  22.270  -35.860  9.642 0.0000000000
46661  21.605  -36.053  9.096 0.0000000000
46670  27.400  -34.815  9.089 0.0000000000
46671  27.093  -35.441  8.948 0.0000000000
46672  21.066  -35.860  8.657 0.0000000000
46673  20.389  -35.795  8.194 0.0000000000
46686  27.308  -34.764  8.587 0.0000000000
46687  26.858  -35.032  8.049 0.0000000000
46689  25.373  -34.301  7.031 0.0000000000
46690  19.783  -35.774  7.690 0.0000000000
46691  19.324  -35.635  7.175 0.0000000000
46704  25.401  -34.857  6.992 0.0000000000
46705  24.870  -34.743  6.554 0.0000000000
46706  24.128  -35.272  6.079 0.0000000000
46707  18.837  -35.468  6.702 0.0000000000
46708  18.346  -35.329  6.167 0.0000000000
46723  24.524  -34.785  5.688 0.0000000000
46724  23.785  -35.523  5.529 0.0000000000
46725  18.043  -35.254  5.443 0.0000000000
46726  17.492  -35.468  5.008 0.0000000000
46736  23.867  -35.457  5.238 0.0000000000
46737  23.434  -35.650  5.018 0.0000000000
46738  17.959  -34.831  4.880 0.0000000000
46739  17.484  -34.723  4.667 0.0000000000
46773  26.374  -35.239  0.636 0.0000000000
46789  25.889  -35.623  0.336 0.0000000000
46790  25.264  -35.348  -0.194 0.0000000000
47661  26.411  -34.593  10.497 0.0000000000
47662  25.542  -34.624  10.729 0.0000000000
47663  24.558  -34.706  10.752 0.0000000000
47664  23.516  -34.755  10.649 0.0000000000
47665  22.689  -34.793  10.347 0.0000000000
47672  27.443  -34.380  9.545 0.0000000000
47673  27.063  -34.577  10.043 0.0000000000
47674  22.100  -34.882  9.973 0.0000000000
47675  21.524  -35.056  9.256 0.0000000000
47684  27.608  -34.215  8.875 0.0000000000
47685  20.728  -34.912  8.660 0.0000000000
47686  20.025  -34.902  8.137 0.0000000000
47699  27.371  -34.129  8.096 0.0000000000
47700  26.728  -33.895  7.414 0.0000000000
47701  25.754  -33.546  7.177 0.0000000000
47702  25.206  -33.900  6.803 0.0000000000
47703  19.618  -35.004  7.580 0.0000000000
47704  19.300  -34.734  7.104 0.0000000000
47718  25.384  -33.403  6.734 0.0000000000
47719  24.947  -33.798  6.325 0.0000000000
47720  18.815  -34.556  6.550 0.0000000000
47721  18.441  -34.445  5.898 0.0000000000
47738  25.299  -33.809  5.680 0.0000000000
47739  25.011  -33.717  5.896 0.0000000000
47740  18.236  -34.308  5.221 0.0000000000
47752  17.952  -34.144  4.743 0.0000000000
47788  25.652  -34.330  0.720 0.0000000000
47807  25.941  -34.826  0.503 0.0000000000
47808  25.300  -34.662  0.392 0.0000000000
48779  27.516  -33.095  10.328 0.0000000000
48780  27.068  -33.644  10.521 0.0000000000
48781  25.981  -33.688  10.947 0.0000000000
48782  24.928  -33.699  10.975 0.0000000000
48783  23.912  -33.730  10.725 0.0000000000
48784  22.868  -33.792  10.491 0.0000000000
48785  22.176  -33.586  10.243 0.0000000000
48790  28.306  -32.905  9.289 0.0000000000
48791  27.827  -33.449  9.613 0.0000000000
48792  27.422  -34.057  9.998 0.0000000000
48793  22.270  -34.204  10.232 0.0000000000
48794  21.709  -33.964  9.871 0.0000000000
48803  28.243  -33.046  8.720 0.0000000000
48804  27.843  -33.539  8.437 0.0000000000
48805  21.062  -33.933  9.149 0.0000000000
48806  20.461  -33.936  8.398 0.0000000000
48819  28.011  -33.061  8.040 0.0000000000
48820  27.501  -33.220  7.539 0.0000000000
48822  25.758  -32.883  6.799 0.0000000000
48823  19.851  -34.019  7.632 0.0000000000
48824  19.213  -33.766  7.014 0.0000000000
48835  25.428  -33.183  6.364 0.0000000000
48836  25.160  -33.475  6.127 0.0000000000
48837  18.779  -33.647  6.340 0.0000000000
48838  18.472  -33.587  5.670 0.0000000000
48856  25.382  -33.299  5.942 0.0000000000
48857  25.166  -33.512  5.885 0.0000000000
48858  18.269  -33.485  5.042 0.0000000000
48873  17.895  -33.373  4.685 0.0000000000
48958  24.727  -33.718  -0.077 0.0000000000
50029  27.242  -32.600  10.686 0.0000000000
50030  26.397  -32.687  11.022 0.0000000000
50031  25.340  -32.693  11.090 0.0000000000
50032  24.260  -32.694  10.974 0.0000000000
50033  23.301  -32.778  10.611 0.0000000000
50034  22.362  -32.748  10.258 0.0000000000
50035  21.870  -33.260  10.086 0.0000000000
50039  28.329  -32.561  9.784 0.0000000000
50040  27.855  -32.622  10.308 0.0000000000
50041  22.075  -32.198  9.866 0.0000000000
50042  21.550  -32.806  9.623 0.0000000000
50055  20.810  -32.939  8.796 0.0000000000
50056  20.214  -32.982  8.107 0.0000000000
50079  19.631  -32.895  7.439 0.0000000000
50080  19.023  -32.797  6.808 0.0000000000
50101  25.915  -32.731  6.035 0.0000000000
50102  25.795  -32.739  6.408 0.0000000000
50103  18.632  -32.781  6.098 0.0000000000
50104  18.416  -32.878  5.484 0.0000000000
50124  25.673  -32.940  5.910 0.0000000000
50125  25.609  -32.896  6.134 0.0000000000
50126  18.232  -32.629  4.961 0.0000000000
50198  23.723  -32.156  0.934 0.0000000000
50214  24.254  -32.602  0.396 0.0000000000
50215  23.656  -32.027  0.654 0.0000000000
51176  28.382  -31.559  10.467 0.0000000000
51177  27.768  -31.787  10.717 0.0000000000
51178  26.802  -31.725  10.993 0.0000000000
51179  25.776  -31.711  11.125 0.0000000000
51180  24.731  -31.718  10.951 0.0000000000
51181  23.588  -31.635  10.557 0.0000000000
51182  22.916  -32.163  10.443 0.0000000000
51192  23.148  -31.051  10.047 0.0000000000
51193  22.578  -31.612  10.020 0.0000000000
51194  21.860  -31.697  9.535 0.0000000000
51207  21.137  -31.877  9.013 0.0000000000
51208  20.491  -32.165  8.496 0.0000000000
51236  19.895  -31.992  7.988 0.0000000000
51237  19.358  -31.880  7.205 0.0000000000
51259  18.902  -31.901  6.436 0.0000000000
51260  18.501  -31.957  5.676 0.0000000000
51276  17.997  -31.637  4.985 0.0000000000
51340  24.587  -31.835  1.520 0.0000000000
51341  23.795  -31.653  1.358 0.0000000000
51359  23.463  -31.489  0.943 0.0000000000
52457  27.264  -30.799  10.708 0.0000000000
52458  26.215  -30.813  10.844 0.0000000000
52459  25.219  -30.849  10.779 0.0000000000
52460  24.372  -30.932  10.581 0.0000000000
52473  25.666  -30.092  10.326 0.0000000000
52474  24.746  -30.263  10.153 0.0000000000
52475  23.733  -30.495  10.067 0.0000000000
52476  22.712  -30.510  9.566 0.0000000000
52477  22.173  -31.099  9.595 0.0000000000
52495  22.240  -30.040  9.116 0.0000000000
52496  21.638  -30.680  9.114 0.0000000000
52497  20.500  -31.077  8.472 0.0000000000
52519  19.569  -30.970  7.823 0.0000000000
52520  18.973  -30.822  6.810 0.0000000000
52521  18.587  -30.247  6.519 0.0000000000
52533  18.775  -31.312  6.127 0.0000000000
52534  18.441  -30.720  5.863 0.0000000000
52548  17.614  -30.622  5.459 0.0000000000
52596  24.639  -30.311  2.136 0.0000000000
52597  23.652  -30.248  2.155 0.0000000000
52598  23.153  -30.076  2.026 0.0000000000
52611  25.107  -31.079  1.786 0.0000000000
52612  24.118  -30.943  1.754 0.0000000000
52613  23.340  -30.538  1.527 0.0000000000
52630  23.343  -30.616  0.873 0.0000000000
53798  24.308  -29.700  9.571 0.0000000000
53799  23.468  -29.814  9.473 0.0000000000
53811  30.724  -29.331  8.083 0.0000000000
53816  22.801  -29.457  8.974 0.0000000000
53817  21.845  -29.592  8.737 0.0000000000
53818  20.821  -29.762  8.497 0.0000000000
53819  19.974  -29.434  8.228 0.0000000000
53835  31.331  -29.190  6.928 0.0000000000
53836  31.143  -29.448  7.134 0.0000000000
53837  20.086  -30.206  8.107 0.0000000000
53838  19.437  -29.866  7.579 0.0000000000
53854  31.125  -29.490  6.203 0.0000000000
53855  18.251  -29.679  6.459 0.0000000000
53856  17.746  -29.383  6.316 0.0000000000
53867  30.965  -29.461  5.260 0.0000000000
53868  17.859  -30.013  6.027 0.0000000000
53869  17.170  -29.584  6.074 0.0000000000
53870  16.251  -29.599  5.877 0.0000000000
53909  26.650  -29.687  2.546 0.0000000000
53910  25.333  -29.558  2.340 0.0000000000
53911  24.147  -29.577  2.301 0.0000000000
53912  23.328  -29.657  2.141 0.0000000000
53919  23.008  -29.676  1.759 0.0000000000
53931  22.899  -29.694  1.206 0.0000000000
54983  23.322  -28.671  8.274 0.0000000000
54984  22.299  -28.855  8.244 0.0000000000
54985  21.318  -28.837  8.358 0.0000000000
55003  31.105  -28.577  7.514 0.0000000000
55004  23.748  -28.025  7.609 0.0000000000
55005  22.764  -28.211  7.565 0.0000000000
55006  21.772  -28.245  7.728 0.0000000000
55010  18.316  -28.642  7.230 0.0000000000
55011  17.660  -28.070  7.015 0.0000000000
55023  31.303  -28.675  6.583 0.0000000000
55024  17.965  -29.046  6.554 0.0000000000
55025  17.398  -28.569  6.503 0.0000000000
55026  16.908  -28.207  6.434 0.0000000000
55037  31.160  -28.700  5.583 0.0000000000
55038  17.116  -28.918  6.194 0.0000000000
55039  16.664  -28.666  6.221 0.0000000000
55040  15.727  -28.785  6.347 0.0000000000
55049  30.706  -28.833  4.680 0.0000000000
55063  30.475  -28.173  4.464 0.0000000000
55064  29.924  -28.714  3.994 0.0000000000
55078  29.065  -28.767  3.058 0.0000000000
55080  26.178  -28.697  2.321 0.0000000000
55082  23.621  -29.004  2.047 0.0000000000
55083  23.106  -29.266  1.933 0.0000000000
55092  23.911  -28.213  1.884 0.0000000000
55093  23.028  -28.824  1.528 0.0000000000
56118  19.816  -28.240  8.298 0.0000000000
56119  19.373  -27.954  8.274 0.0000000000
56120  18.954  -27.687  8.137 0.0000000000
56132  30.768  -27.526  7.892 0.0000000000
56133  26.772  -27.347  7.783 0.0000000000
56134  25.938  -26.980  7.644 0.0000000000
56135  24.902  -27.195  7.442 0.0000000000
56138  22.186  -27.596  7.190 0.0000000000
56139  21.260  -27.466  7.470 0.0000000000
56140  20.227  -27.658  8.001 0.0000000000
56141  19.343  -27.255  7.964 0.0000000000
56142  18.571  -27.437  7.772 0.0000000000
56143  17.854  -27.447  7.310 0.0000000000
56155  31.222  -27.718  6.955 0.0000000000
56157  22.392  -26.988  6.768 0.0000000000
56158  21.756  -27.084  6.949 0.0000000000
56160  16.929  -27.714  6.544 0.0000000000
56178  31.278  -27.853  6.011 0.0000000000
56179  16.556  -27.887  6.484 0.0000000000
56180  15.983  -27.979  6.495 0.0000000000
56194  31.010  -27.858  4.979 0.0000000000
56218  30.407  -27.098  3.239 0.0000000000
56219  29.801  -27.593  3.064 0.0000000000
56220  28.542  -27.705  2.558 0.0000000000
56221  27.140  -27.670  2.040 0.0000000000
56222  25.670  -27.955  2.003 0.0000000000
56232  26.996  -27.094  1.663 0.0000000000
56233  26.235  -27.195  1.743 0.0000000000
56236  22.865  -28.425  1.133 0.0000000000
57373  27.725  -27.097  8.032 0.0000000000
57374  27.208  -27.273  7.808 0.0000000000
57387  28.199  -26.413  7.720 0.0000000000
57388  27.097  -26.649  7.466 0.0000000000
57389  26.082  -26.102  7.030 0.0000000000
57390  25.188  -26.522  7.069 0.0000000000
57393  21.295  -26.730  7.099 0.0000000000
57394  20.676  -26.699  7.437 0.0000000000
57395  19.863  -26.475  7.605 0.0000000000
57396  19.003  -26.485  7.689 0.0000000000
57397  18.224  -26.492  7.415 0.0000000000
57403  31.072  -26.584  7.194 0.0000000000
57404  25.786  -25.626  6.699 0.0000000000
57405  25.291  -25.846  6.720 0.0000000000
57408  22.607  -26.386  6.537 0.0000000000
57409  21.727  -26.419  6.604 0.0000000000
57410  20.886  -26.095  6.872 0.0000000000
57411  20.331  -25.973  7.230 0.0000000000
57412  17.434  -26.515  7.055 0.0000000000
57413  16.631  -26.767  6.667 0.0000000000
57414  15.707  -26.581  6.711 0.0000000000
57429  16.584  -27.416  6.555 0.0000000000
57430  16.176  -27.314  6.548 0.0000000000
57431  15.580  -27.311  6.641 0.0000000000
57449  31.557  -26.245  4.421 0.0000000000
57470  31.277  -26.392  3.660 0.0000000000
57471  30.765  -26.752  3.292 0.0000000000
57491  30.999  -26.220  2.996 0.0000000000
57492  30.380  -26.624  2.747 0.0000000000
57493  29.400  -26.686  2.361 0.0000000000
57494  28.247  -26.896  2.079 0.0000000000
57495  27.500  -26.884  1.781 0.0000000000
57514  28.893  -26.272  1.781 0.0000000000
57515  28.027  -26.271  1.705 0.0000000000
57516  27.010  -26.491  1.470 0.0000000000
57517  25.768  -26.519  1.423 0.0000000000
57520  23.549  -25.950  0.352 0.0000000000
58719  19.931  -25.772  7.261 0.0000000000
58720  19.395  -25.725  7.347 0.0000000000
58721  18.655  -25.784  7.394 0.0000000000
58727  31.420  -25.708  5.983 0.0000000000
58732  26.290  -25.280  6.601 0.0000000000
58733  25.459  -25.255  6.435 0.0000000000
58738  21.150  -25.633  6.235 0.0000000000
58739  19.947  -25.314  6.405 0.0000000000
58740  18.832  -25.080  6.946 0.0000000000
58741  17.854  -25.421  7.068 0.0000000000
58742  16.849  -25.569  6.724 0.0000000000
58743  15.956  -25.634  6.700 0.0000000000
58748  31.347  -25.226  5.551 0.0000000000
58749  31.041  -24.806  5.921 0.0000000000
58761  31.590  -25.538  4.798 0.0000000000
58776  31.529  -25.495  4.037 0.0000000000
58795  31.292  -25.511  3.235 0.0000000000
58797  30.104  -26.142  2.324 0.0000000000
58819  26.629  -25.661  1.313 0.0000000000
58820  25.434  -25.650  1.191 0.0000000000
60032  27.774  -24.311  6.122 0.0000000000
60033  26.697  -24.505  6.151 0.0000000000
60034  25.765  -24.621  6.097 0.0000000000
60038  18.958  -24.501  6.239 0.0000000000
60039  18.066  -24.379  6.440 0.0000000000
60040  17.150  -24.605  6.495 0.0000000000
60041  16.220  -24.524  6.214 0.0000000000
60046  31.110  -24.568  5.456 0.0000000000
60050  26.082  -23.958  5.603 0.0000000000
60051  25.163  -24.082  5.621 0.0000000000
60057  19.281  -24.209  5.341 0.0000000000
60058  18.466  -23.988  5.722 0.0000000000
60063  31.334  -24.608  4.651 0.0000000000
60064  30.844  -24.084  5.173 0.0000000000
60065  18.785  -23.635  4.967 0.0000000000
60066  18.587  -23.693  5.185 0.0000000000
60096  26.346  -24.858  1.131 0.0000000000
60108  29.058  -24.331  0.952 0.0000000000
60109  28.308  -24.264  0.759 0.0000000000
60110  27.244  -24.226  0.616 0.0000000000
61224  28.422  -24.033  6.099 0.0000000000
61225  17.880  -23.695  5.932 0.0000000000
61226  17.294  -23.849  6.130 0.0000000000
61227  16.777  -24.080  6.147 0.0000000000
61236  26.429  -23.249  5.108 0.0000000000
61237  25.450  -23.299  5.194 0.0000000000
61244  18.029  -23.445  5.354 0.0000000000
61245  17.391  -23.295  5.616 0.0000000000
61246  16.509  -23.398  5.784 0.0000000000
61251  26.162  -22.805  4.764 0.0000000000
61252  25.822  -22.936  4.860 0.0000000000
61255  17.591  -22.811  5.062 0.0000000000
61256  17.060  -22.695  5.427 0.0000000000
61286  30.183  -23.704  1.333 0.0000000000
61287  29.548  -24.078  1.077 0.0000000000
61297  30.012  -23.184  0.944 0.0000000000
61298  29.319  -23.549  0.815 0.0000000000
61299  28.163  -23.395  0.586 0.0000000000
61300  27.026  -23.341  0.415 0.0000000000
62459  26.707  -22.475  4.695 0.0000000000
62465  17.118  -22.029  4.912 0.0000000000
62474  31.108  -22.618  3.147 0.0000000000
62495  30.332  -22.666  1.181 0.0000000000
62503  29.056  -22.576  0.618 0.0000000000
62504  27.939  -22.424  0.404 0.0000000000
63544  30.392  -22.080  3.886 0.0000000000
63545  30.159  -21.873  4.131 0.0000000000
63547  28.312  -21.570  4.272 0.0000000000
63548  27.143  -21.447  4.260 0.0000000000
63559  15.983  -20.903  5.078 0.0000000000
63567  30.457  -21.796  3.587 0.0000000000
63568  29.909  -21.149  4.000 0.0000000000
63569  28.911  -20.936  3.984 0.0000000000
63570  27.909  -20.734  4.142 0.0000000000
63574  16.939  -21.400  4.076 0.0000000000
63584  30.594  -21.511  2.603 0.0000000000
63592  30.461  -21.712  1.596 0.0000000000
63600  29.954  -21.842  0.766 0.0000000000
63601  28.922  -21.560  0.330 0.0000000000
63602  27.635  -21.318  -0.067 0.0000000000
63617  27.388  -20.627  -0.271 0.0000000000
64672  15.871  -20.277  4.904 0.0000000000
64678  30.285  -20.773  3.377 0.0000000000
64679  29.543  -20.285  3.697 0.0000000000
64680  28.508  -20.051  3.795 0.0000000000
64681  27.536  -19.973  3.802 0.0000000000
64696  30.457  -20.339  2.709 0.0000000000
64704  30.472  -20.476  1.834 0.0000000000
64705  30.207  -20.273  1.169 0.0000000000
64716  30.264  -20.981  1.180 0.0000000000
64717  29.742  -20.648  0.661 0.0000000000
64718  28.819  -20.472  0.055 0.0000000000
64731  27.929  -20.245  -0.299 0.0000000000
65771  16.115  -19.564  4.528 0.0000000000
65772  15.848  -19.790  5.207 0.0000000000
65779  30.070  -19.773  3.207 0.0000000000
65780  29.177  -19.148  3.500 0.0000000000
65781  28.020  -19.168  3.746 0.0000000000
65796  30.353  -19.219  2.406 0.0000000000
65797  29.850  -19.107  3.028 0.0000000000
65811  30.249  -19.356  1.265 0.0000000000
65812  29.970  -19.936  0.914 0.0000000000
65824  29.606  -19.485  0.463 0.0000000000
65825  28.621  -19.449  -0.098 0.0000000000
