#!ascii label  , from subject sub-CSI3 vox2ras=TkReg
580
16634  15.361  -63.705  31.084 0.0000000000
17549  17.923  -62.491  36.475 0.0000000000
17560  19.204  -62.409  35.297 0.0000000000
17561  18.381  -62.273  35.859 0.0000000000
17574  20.552  -62.390  34.053 0.0000000000
17575  19.941  -62.426  34.711 0.0000000000
17587  20.961  -62.446  33.311 0.0000000000
17597  21.479  -61.891  31.971 0.0000000000
17598  21.329  -62.498  32.424 0.0000000000
17605  21.441  -63.064  31.826 0.0000000000
18505  17.916  -61.514  36.443 0.0000000000
18517  18.885  -61.573  35.506 0.0000000000
18518  18.441  -61.162  35.941 0.0000000000
18530  20.303  -61.657  34.427 0.0000000000
18531  19.608  -61.409  35.010 0.0000000000
18539  21.186  -61.079  33.162 0.0000000000
18540  20.883  -61.380  33.587 0.0000000000
18551  21.385  -61.251  32.594 0.0000000000
18552  21.234  -61.898  33.028 0.0000000000
18572  16.910  -61.977  29.817 0.0000000000
18573  16.652  -61.970  29.849 0.0000000000
19492  18.159  -60.578  36.390 0.0000000000
19509  19.043  -60.633  35.531 0.0000000000
19510  18.535  -60.402  36.000 0.0000000000
19523  20.273  -60.723  34.454 0.0000000000
19524  19.702  -60.484  35.065 0.0000000000
19533  21.243  -60.571  33.267 0.0000000000
19534  20.786  -60.463  33.857 0.0000000000
19543  21.559  -60.251  32.610 0.0000000000
19551  21.898  -60.319  31.742 0.0000000000
20485  18.400  -59.881  36.318 0.0000000000
20499  20.247  -59.184  34.986 0.0000000000
20500  19.551  -59.681  35.409 0.0000000000
20501  18.829  -59.750  35.897 0.0000000000
20515  20.051  -59.963  34.834 0.0000000000
20526  21.502  -59.558  33.122 0.0000000000
20527  21.098  -59.914  33.718 0.0000000000
20538  21.780  -59.537  32.311 0.0000000000
20547  22.017  -59.524  31.847 0.0000000000
21438  18.567  -58.889  36.437 0.0000000000
21453  20.327  -58.198  34.959 0.0000000000
21454  19.801  -58.646  35.526 0.0000000000
21455  19.203  -59.027  35.889 0.0000000000
21470  21.203  -58.289  33.960 0.0000000000
21472  13.129  -58.079  33.697 0.0000000000
21485  21.520  -58.559  33.269 0.0000000000
21486  21.178  -59.149  33.856 0.0000000000
21498  21.734  -58.829  32.607 0.0000000000
21508  22.254  -58.678  31.391 0.0000000000
21509  21.992  -58.723  31.912 0.0000000000
21521  22.444  -58.605  30.784 0.0000000000
21532  22.680  -58.565  29.777 0.0000000000
22372  18.635  -57.560  36.489 0.0000000000
22383  20.408  -57.274  34.877 0.0000000000
22384  19.926  -57.596  35.475 0.0000000000
22385  19.284  -58.086  36.046 0.0000000000
22406  21.209  -57.771  34.011 0.0000000000
22426  21.437  -57.736  33.529 0.0000000000
22427  14.250  -57.131  32.878 0.0000000000
22428  13.778  -57.347  33.171 0.0000000000
22446  22.164  -57.584  31.932 0.0000000000
22447  21.896  -57.761  32.436 0.0000000000
22465  22.255  -57.893  31.520 0.0000000000
22466  21.971  -58.116  31.927 0.0000000000
22485  22.497  -57.522  30.326 0.0000000000
23352  20.443  -56.845  34.814 0.0000000000
23353  20.179  -56.658  35.135 0.0000000000
23354  19.265  -56.728  35.919 0.0000000000
23375  21.216  -57.314  34.012 0.0000000000
23376  20.746  -56.632  34.411 0.0000000000
23377  20.311  -55.959  34.786 0.0000000000
23399  21.486  -56.741  33.406 0.0000000000
23400  21.060  -55.898  33.741 0.0000000000
23401  15.181  -56.388  32.578 0.0000000000
23427  22.304  -57.121  31.834 0.0000000000
23428  21.858  -56.367  32.307 0.0000000000
23458  22.361  -56.942  31.024 0.0000000000
23459  22.033  -56.349  31.378 0.0000000000
23478  22.330  -56.670  30.343 0.0000000000
23479  22.063  -56.272  30.601 0.0000000000
23495  22.137  -56.256  30.113 0.0000000000
23526  17.418  -57.572  25.967 0.0000000000
24328  15.402  -55.094  38.825 0.0000000000
24329  14.517  -54.989  38.762 0.0000000000
24330  13.628  -55.219  38.523 0.0000000000
24342  13.165  -55.386  37.653 0.0000000000
24363  19.740  -55.728  35.159 0.0000000000
24364  18.942  -55.517  35.687 0.0000000000
24418  21.386  -55.721  32.986 0.0000000000
24420  16.296  -55.259  32.463 0.0000000000
24421  15.478  -55.909  32.771 0.0000000000
24442  21.390  -55.576  32.226 0.0000000000
24473  21.551  -55.719  31.563 0.0000000000
24474  21.017  -55.250  31.753 0.0000000000
24494  21.668  -55.852  30.854 0.0000000000
24519  22.281  -55.713  28.993 0.0000000000
24520  21.857  -54.994  29.166 0.0000000000
25382  14.100  -54.648  37.946 0.0000000000
25383  13.581  -54.935  37.865 0.0000000000
25399  13.588  -54.779  37.179 0.0000000000
25430  19.261  -54.994  35.083 0.0000000000
25431  18.580  -54.669  35.369 0.0000000000
25458  18.977  -54.396  34.490 0.0000000000
25488  19.647  -54.508  33.656 0.0000000000
25489  18.705  -54.248  33.468 0.0000000000
25490  17.887  -54.229  33.078 0.0000000000
25491  16.916  -54.497  32.906 0.0000000000
25492  15.787  -54.652  33.383 0.0000000000
25590  21.855  -54.490  29.069 0.0000000000
26560  17.974  -53.868  33.785 0.0000000000
26561  17.235  -53.925  33.719 0.0000000000
26563  15.914  -54.138  33.676 0.0000000000
26626  21.047  -53.152  30.363 0.0000000000
26645  22.031  -53.038  29.218 0.0000000000
26646  21.633  -53.222  29.587 0.0000000000
26663  22.230  -53.286  28.803 0.0000000000
26664  21.819  -53.988  29.047 0.0000000000
26674  23.243  -52.939  27.178 0.0000000000
26675  22.856  -53.272  27.566 0.0000000000
26683  23.348  -53.089  26.751 0.0000000000
26691  23.369  -53.404  25.760 0.0000000000
27738  21.289  -52.489  30.234 0.0000000000
27739  20.550  -52.461  30.900 0.0000000000
27754  22.171  -52.602  29.218 0.0000000000
27755  21.788  -52.135  29.780 0.0000000000
27770  23.239  -51.856  27.907 0.0000000000
27771  22.707  -52.358  28.447 0.0000000000
27782  23.380  -52.395  27.160 0.0000000000
27783  23.064  -52.478  27.782 0.0000000000
27792  23.556  -52.474  26.143 0.0000000000
27802  23.436  -52.578  25.159 0.0000000000
27813  23.114  -52.521  24.143 0.0000000000
27814  22.763  -52.073  23.825 0.0000000000
28823  22.117  -50.901  30.114 0.0000000000
28824  21.326  -51.484  30.460 0.0000000000
28825  20.553  -51.411  31.032 0.0000000000
28846  22.472  -51.530  29.330 0.0000000000
28847  21.958  -51.530  29.963 0.0000000000
28862  23.372  -50.987  28.041 0.0000000000
28863  23.000  -51.497  28.523 0.0000000000
28875  23.491  -51.316  27.283 0.0000000000
28886  23.575  -51.557  26.429 0.0000000000
28899  23.544  -51.711  25.538 0.0000000000
28910  23.295  -51.765  24.740 0.0000000000
28911  22.840  -51.689  24.150 0.0000000000
28912  17.208  -52.157  24.121 0.0000000000
28922  22.563  -51.725  23.690 0.0000000000
28923  22.185  -51.542  23.336 0.0000000000
28943  16.927  -51.596  22.790 0.0000000000
29877  20.187  -50.887  31.296 0.0000000000
29880  17.137  -50.216  31.476 0.0000000000
29881  16.135  -50.825  31.217 0.0000000000
29891  22.185  -49.956  30.153 0.0000000000
29892  21.498  -50.342  30.539 0.0000000000
29893  20.720  -50.568  30.980 0.0000000000
29894  20.151  -50.407  31.250 0.0000000000
29896  16.097  -49.958  30.842 0.0000000000
29917  22.648  -50.377  29.509 0.0000000000
29937  23.311  -50.078  28.091 0.0000000000
29938  23.072  -50.713  28.778 0.0000000000
29957  23.397  -50.400  27.363 0.0000000000
29972  23.461  -50.672  26.634 0.0000000000
29985  23.368  -50.786  25.754 0.0000000000
29986  23.027  -50.584  25.055 0.0000000000
29995  23.303  -51.154  25.106 0.0000000000
29996  22.955  -51.032  24.544 0.0000000000
30005  22.437  -51.020  23.888 0.0000000000
30129  14.971  -50.458  13.764 0.0000000000
30130  14.366  -50.669  14.131 0.0000000000
30954  17.942  -49.707  31.903 0.0000000000
30968  17.661  -49.425  31.498 0.0000000000
30973  22.147  -49.254  30.107 0.0000000000
30974  21.620  -49.423  30.501 0.0000000000
30975  20.956  -49.658  30.887 0.0000000000
30976  20.224  -49.772  31.197 0.0000000000
30990  22.576  -49.343  29.514 0.0000000000
31007  23.189  -49.259  28.064 0.0000000000
31008  23.073  -49.729  28.814 0.0000000000
31023  23.127  -49.425  27.291 0.0000000000
31024  22.717  -48.964  26.804 0.0000000000
31037  23.266  -49.977  26.756 0.0000000000
31038  22.813  -49.432  26.318 0.0000000000
31053  23.243  -50.106  26.165 0.0000000000
31054  22.833  -49.942  25.452 0.0000000000
31067  22.499  -50.132  24.478 0.0000000000
31078  22.206  -50.281  23.673 0.0000000000
31108  20.962  -49.891  20.882 0.0000000000
31183  15.021  -50.014  13.767 0.0000000000
31184  14.576  -50.132  13.876 0.0000000000
31185  14.128  -50.303  14.099 0.0000000000
31201  15.583  -49.944  13.542 0.0000000000
31202  14.887  -49.590  13.674 0.0000000000
31203  14.018  -49.802  13.717 0.0000000000
31997  20.595  -48.509  31.152 0.0000000000
31998  20.199  -48.735  31.278 0.0000000000
32009  22.298  -48.825  29.839 0.0000000000
32010  21.901  -48.667  30.285 0.0000000000
32011  21.042  -48.586  30.904 0.0000000000
32012  20.617  -49.201  31.104 0.0000000000
32024  22.520  -48.556  29.391 0.0000000000
32037  23.032  -48.826  27.902 0.0000000000
32038  22.832  -48.671  28.541 0.0000000000
32049  23.064  -48.991  27.649 0.0000000000
32050  22.659  -48.530  27.358 0.0000000000
32055  22.241  -48.501  26.261 0.0000000000
32056  21.724  -48.070  25.814 0.0000000000
32065  22.359  -49.145  25.459 0.0000000000
32066  21.871  -48.430  25.299 0.0000000000
32078  22.417  -49.560  24.963 0.0000000000
32079  22.045  -49.031  24.425 0.0000000000
32218  15.487  -48.942  13.470 0.0000000000
32219  14.555  -48.861  13.336 0.0000000000
32220  13.774  -49.010  13.067 0.0000000000
32244  15.624  -48.294  12.946 0.0000000000
32245  14.149  -48.426  12.861 0.0000000000
32246  13.513  -48.208  12.706 0.0000000000
33099  20.517  -48.146  31.171 0.0000000000
33117  22.283  -48.255  29.835 0.0000000000
33118  21.772  -47.630  30.180 0.0000000000
33119  20.749  -47.272  30.785 0.0000000000
33134  22.366  -47.704  29.142 0.0000000000
33135  21.732  -46.906  29.375 0.0000000000
33150  22.345  -47.717  27.964 0.0000000000
33151  21.679  -46.850  28.350 0.0000000000
33167  22.069  -47.810  27.152 0.0000000000
33168  21.625  -47.271  27.364 0.0000000000
33176  22.131  -48.077  26.767 0.0000000000
33177  21.462  -47.547  26.343 0.0000000000
33178  20.784  -47.078  25.957 0.0000000000
33185  21.415  -47.773  25.320 0.0000000000
33186  20.881  -47.243  25.410 0.0000000000
33246  21.112  -47.950  21.620 0.0000000000
33270  21.247  -48.182  20.710 0.0000000000
33362  14.944  -48.278  12.987 0.0000000000
33363  14.508  -48.323  12.888 0.0000000000
33380  16.001  -47.806  12.564 0.0000000000
33381  15.144  -47.669  12.546 0.0000000000
33382  14.249  -47.672  12.594 0.0000000000
33384  12.293  -47.273  12.186 0.0000000000
34275  21.290  -46.493  30.018 0.0000000000
34291  21.233  -46.018  29.077 0.0000000000
34292  20.889  -45.944  29.697 0.0000000000
34306  20.867  -46.105  28.164 0.0000000000
34307  20.372  -45.916  27.930 0.0000000000
34323  21.076  -46.616  27.428 0.0000000000
34336  21.193  -47.014  26.904 0.0000000000
34337  20.589  -46.668  26.494 0.0000000000
34384  20.209  -46.585  23.272 0.0000000000
34403  20.598  -47.207  22.091 0.0000000000
34404  15.263  -46.702  20.448 0.0000000000
34431  21.361  -47.618  20.106 0.0000000000
34432  20.900  -47.103  20.992 0.0000000000
34433  15.288  -46.866  20.235 0.0000000000
34450  21.704  -47.147  19.336 0.0000000000
34451  15.008  -46.924  19.685 0.0000000000
34470  22.046  -46.695  18.413 0.0000000000
34471  13.415  -46.498  18.800 0.0000000000
34544  14.234  -46.488  12.136 0.0000000000
34545  14.048  -46.369  12.125 0.0000000000
34559  16.280  -47.264  11.975 0.0000000000
34560  15.440  -47.202  12.118 0.0000000000
34561  14.664  -46.818  12.209 0.0000000000
34562  13.815  -46.542  12.293 0.0000000000
34563  12.625  -46.317  11.955 0.0000000000
34564  11.994  -46.749  11.844 0.0000000000
34575  16.551  -46.620  11.526 0.0000000000
34576  15.653  -46.866  11.611 0.0000000000
34577  15.118  -46.793  11.890 0.0000000000
34578  12.094  -45.681  11.580 0.0000000000
35489  20.756  -45.733  28.839 0.0000000000
35505  20.829  -45.862  28.625 0.0000000000
35506  20.313  -45.684  28.340 0.0000000000
35584  19.000  -45.244  23.510 0.0000000000
35593  20.311  -46.561  22.618 0.0000000000
35594  19.680  -45.806  22.892 0.0000000000
35595  19.080  -44.951  22.818 0.0000000000
35609  20.385  -46.145  21.774 0.0000000000
35610  19.867  -45.342  21.859 0.0000000000
35611  15.416  -45.441  20.615 0.0000000000
35612  15.134  -46.060  20.525 0.0000000000
35637  21.273  -46.726  20.108 0.0000000000
35638  20.816  -45.896  20.562 0.0000000000
35639  15.634  -45.573  20.339 0.0000000000
35640  15.362  -46.076  19.885 0.0000000000
35661  21.446  -45.995  19.418 0.0000000000
35662  20.837  -45.291  19.815 0.0000000000
35663  14.626  -46.319  19.395 0.0000000000
35664  13.762  -46.151  18.880 0.0000000000
35683  21.610  -45.492  18.255 0.0000000000
35684  21.056  -45.108  19.090 0.0000000000
35685  13.028  -45.817  18.464 0.0000000000
35759  14.068  -46.364  12.080 0.0000000000
35776  14.385  -46.431  11.974 0.0000000000
35778  13.334  -46.064  11.858 0.0000000000
35784  16.797  -45.788  11.118 0.0000000000
35785  15.949  -46.420  11.052 0.0000000000
35788  12.501  -45.361  11.311 0.0000000000
35789  11.625  -45.100  11.283 0.0000000000
36747  19.435  -44.965  22.191 0.0000000000
36748  18.946  -44.278  22.125 0.0000000000
36766  20.294  -45.301  21.216 0.0000000000
36767  19.669  -44.466  21.228 0.0000000000
36768  19.154  -43.949  21.473 0.0000000000
36769  16.370  -43.819  21.157 0.0000000000
36770  15.592  -44.578  21.099 0.0000000000
36787  20.415  -44.912  20.457 0.0000000000
36788  19.984  -44.298  20.180 0.0000000000
36789  17.443  -43.807  19.958 0.0000000000
36790  16.863  -43.967  20.273 0.0000000000
36791  16.171  -45.073  19.764 0.0000000000
36792  15.694  -45.268  19.562 0.0000000000
36813  20.466  -44.626  19.534 0.0000000000
36814  19.706  -44.006  19.281 0.0000000000
36815  18.712  -43.798  18.970 0.0000000000
36817  16.940  -44.622  19.046 0.0000000000
36818  16.496  -44.603  19.196 0.0000000000
36819  14.937  -45.463  19.701 0.0000000000
36820  13.994  -45.302  19.310 0.0000000000
36842  20.562  -44.471  18.398 0.0000000000
36844  18.289  -44.473  18.190 0.0000000000
36845  17.584  -44.378  18.276 0.0000000000
36846  17.135  -44.413  18.510 0.0000000000
36847  13.234  -45.243  18.504 0.0000000000
36848  12.351  -44.968  17.832 0.0000000000
36874  18.665  -44.318  17.599 0.0000000000
36875  17.997  -44.456  17.699 0.0000000000
36876  11.992  -44.540  17.337 0.0000000000
37875  19.193  -43.756  21.004 0.0000000000
37876  18.593  -43.611  21.364 0.0000000000
37877  17.721  -43.478  21.484 0.0000000000
37878  16.903  -43.466  21.480 0.0000000000
37879  16.213  -43.583  21.760 0.0000000000
37896  19.436  -43.836  20.323 0.0000000000
37897  18.750  -43.555  20.433 0.0000000000
37898  17.830  -43.568  20.350 0.0000000000
37899  17.311  -43.521  20.891 0.0000000000
37900  15.984  -44.455  19.471 0.0000000000
37921  19.019  -43.583  19.733 0.0000000000
37922  18.321  -43.613  19.753 0.0000000000
37924  16.765  -44.158  18.748 0.0000000000
37926  14.521  -44.738  19.687 0.0000000000
37927  13.908  -44.185  19.602 0.0000000000
37949  17.746  -44.274  17.778 0.0000000000
37950  17.330  -43.858  18.120 0.0000000000
37951  13.402  -44.588  18.956 0.0000000000
37952  12.639  -44.225  18.419 0.0000000000
37953  12.128  -43.844  17.755 0.0000000000
37980  17.987  -43.806  17.495 0.0000000000
37981  17.478  -43.310  17.811 0.0000000000
37982  12.178  -44.375  17.571 0.0000000000
37984  10.974  -44.069  16.827 0.0000000000
37985  10.292  -43.681  16.768 0.0000000000
38045  11.081  -43.712  11.092 0.0000000000
38061  10.828  -43.354  10.479 0.0000000000
38955  11.928  -42.605  19.019 0.0000000000
38956  11.029  -42.272  18.967 0.0000000000
38975  16.693  -43.255  18.516 0.0000000000
38977  11.403  -43.276  17.941 0.0000000000
38978  10.171  -42.557  18.170 0.0000000000
38979  9.015  -42.109  17.941 0.0000000000
38980  8.632  -41.616  17.603 0.0000000000
39010  16.994  -42.823  18.017 0.0000000000
39011  11.250  -43.715  17.153 0.0000000000
39012  10.651  -43.387  17.203 0.0000000000
39014  8.529  -42.035  17.216 0.0000000000
39031  9.134  -43.298  16.892 0.0000000000
39032  8.436  -42.625  16.706 0.0000000000
40073  13.660  -42.059  19.952 0.0000000000
40074  12.644  -41.786  19.633 0.0000000000
40075  11.742  -41.498  19.491 0.0000000000
40076  10.902  -41.213  19.345 0.0000000000
40077  10.150  -41.040  19.253 0.0000000000
40089  16.443  -42.249  18.521 0.0000000000
40090  15.915  -41.246  18.335 0.0000000000
40091  10.320  -41.775  18.984 0.0000000000
40092  9.489  -41.456  18.712 0.0000000000
40093  8.724  -41.211  18.050 0.0000000000
40116  8.404  -41.095  17.241 0.0000000000
40139  8.199  -41.402  16.586 0.0000000000
40210  10.585  -41.263  9.967 0.0000000000
41152  14.447  -41.052  19.480 0.0000000000
41153  13.454  -40.869  19.643 0.0000000000
41154  12.525  -40.597  19.589 0.0000000000
41155  11.566  -40.359  19.485 0.0000000000
41156  10.587  -40.248  19.439 0.0000000000
41157  9.565  -40.355  19.169 0.0000000000
41158  8.856  -40.036  18.776 0.0000000000
41169  15.257  -40.928  18.921 0.0000000000
41170  14.620  -40.257  18.746 0.0000000000
41171  8.926  -40.668  18.615 0.0000000000
41172  8.501  -40.135  17.847 0.0000000000
41183  15.303  -40.072  17.968 0.0000000000
41184  14.538  -39.786  18.128 0.0000000000
41185  8.079  -40.425  16.778 0.0000000000
41205  14.866  -39.587  17.310 0.0000000000
41206  14.633  -39.607  17.583 0.0000000000
41290  12.050  -40.338  9.785 0.0000000000
41313  11.248  -39.958  9.382 0.0000000000
42344  14.014  -40.253  19.270 0.0000000000
42345  13.303  -39.856  19.320 0.0000000000
42346  12.331  -39.590  19.198 0.0000000000
42347  11.213  -39.236  19.184 0.0000000000
42348  10.130  -39.427  19.166 0.0000000000
42349  9.341  -39.546  18.887 0.0000000000
42350  8.798  -39.533  18.450 0.0000000000
42364  13.995  -39.682  18.658 0.0000000000
42365  13.121  -39.060  18.342 0.0000000000
42366  12.064  -38.865  18.687 0.0000000000
42368  9.719  -39.049  18.806 0.0000000000
42369  9.133  -38.953  18.473 0.0000000000
42370  8.527  -39.117  17.922 0.0000000000
42385  14.040  -39.383  17.786 0.0000000000
42386  13.597  -38.848  17.214 0.0000000000
42395  14.353  -39.109  17.038 0.0000000000
42396  13.804  -38.739  16.699 0.0000000000
42514  11.667  -39.377  9.317 0.0000000000
43464  10.047  -38.928  18.890 0.0000000000
43476  12.356  -38.530  18.041 0.0000000000
43479  9.811  -38.380  18.539 0.0000000000
43480  8.756  -38.280  17.875 0.0000000000
43497  12.808  -38.498  17.302 0.0000000000
43500  10.366  -37.907  18.204 0.0000000000
43501  8.441  -37.841  17.437 0.0000000000
43515  13.239  -38.449  16.211 0.0000000000
43524  12.919  -38.166  15.573 0.0000000000
43525  12.627  -38.105  15.886 0.0000000000
43622  12.038  -38.453  9.039 0.0000000000
44563  9.749  -37.673  18.035 0.0000000000
44564  9.339  -37.921  17.942 0.0000000000
44580  10.247  -37.196  17.652 0.0000000000
44581  9.024  -37.447  17.230 0.0000000000
44600  12.092  -37.611  16.113 0.0000000000
44601  11.296  -37.034  16.458 0.0000000000
44618  12.552  -37.585  15.445 0.0000000000
44619  11.704  -37.033  15.662 0.0000000000
45567  10.011  -36.709  17.018 0.0000000000
45568  9.629  -36.933  17.167 0.0000000000
45588  9.133  -36.548  16.632 0.0000000000
45689  12.555  -36.380  9.229 0.0000000000
46606  11.350  -35.579  14.804 0.0000000000
46607  10.782  -35.426  15.058 0.0000000000
46653  12.573  -35.805  9.347 0.0000000000
46674  18.392  -35.059  8.789 0.0000000000
47602  9.959  -34.726  15.380 0.0000000000
47624  11.395  -34.761  14.678 0.0000000000
47625  10.471  -34.746  15.046 0.0000000000
47669  12.463  -35.238  9.355 0.0000000000
47676  19.274  -34.424  9.769 0.0000000000
47677  18.715  -34.371  9.131 0.0000000000
47680  13.315  -34.766  9.240 0.0000000000
48735  13.598  -33.884  14.468 0.0000000000
48738  10.536  -33.952  14.572 0.0000000000
48756  14.485  -33.170  13.821 0.0000000000
48757  13.606  -33.180  14.173 0.0000000000
48763  18.565  -32.939  12.591 0.0000000000
48764  17.612  -33.080  12.841 0.0000000000
48795  19.038  -33.538  9.574 0.0000000000
48796  18.492  -33.507  8.926 0.0000000000
48797  13.817  -33.715  8.874 0.0000000000
48798  13.149  -34.046  8.853 0.0000000000
49989  10.755  -33.162  14.316 0.0000000000
50002  15.216  -32.817  12.984 0.0000000000
50003  14.645  -32.385  13.286 0.0000000000
50007  10.024  -32.537  13.970 0.0000000000
50013  19.123  -32.441  11.719 0.0000000000
50014  18.643  -32.144  11.966 0.0000000000
50015  17.724  -32.283  12.407 0.0000000000
50018  15.105  -32.441  12.861 0.0000000000
50023  19.261  -32.432  11.283 0.0000000000
50024  18.952  -32.150  11.565 0.0000000000
50036  19.375  -32.638  10.575 0.0000000000
50043  19.228  -32.747  9.935 0.0000000000
50044  18.847  -32.693  9.360 0.0000000000
50045  14.939  -32.234  8.269 0.0000000000
50047  13.453  -32.841  8.690 0.0000000000
50057  18.302  -32.573  8.700 0.0000000000
50058  17.588  -32.532  7.993 0.0000000000
50059  16.633  -32.518  7.617 0.0000000000
50060  15.582  -32.527  7.907 0.0000000000
50061  14.896  -32.866  8.312 0.0000000000
50062  13.239  -32.369  8.265 0.0000000000
51146  14.332  -31.711  13.063 0.0000000000
51148  12.650  -31.512  13.411 0.0000000000
51149  11.383  -31.570  13.650 0.0000000000
51155  18.255  -31.618  11.651 0.0000000000
51156  17.754  -31.635  11.920 0.0000000000
51161  13.239  -31.078  13.058 0.0000000000
51166  19.090  -31.957  10.704 0.0000000000
51167  18.691  -31.658  11.236 0.0000000000
51168  17.817  -31.276  11.293 0.0000000000
51169  17.029  -31.265  11.571 0.0000000000
51170  16.390  -31.380  11.738 0.0000000000
51183  19.153  -32.010  10.092 0.0000000000
51184  18.640  -31.248  10.303 0.0000000000
51185  18.187  -31.118  10.786 0.0000000000
51195  19.041  -32.241  9.701 0.0000000000
51196  18.688  -31.662  9.383 0.0000000000
51197  14.609  -31.549  8.292 0.0000000000
51199  13.564  -31.846  8.405 0.0000000000
51209  18.068  -31.597  8.413 0.0000000000
51210  17.244  -31.532  7.681 0.0000000000
51211  16.148  -31.532  7.535 0.0000000000
51212  15.330  -31.665  8.007 0.0000000000
51213  13.622  -30.681  8.044 0.0000000000
52429  12.648  -30.711  13.089 0.0000000000
52430  11.809  -30.620  13.336 0.0000000000
52440  15.933  -31.240  11.728 0.0000000000
52443  13.322  -30.389  12.730 0.0000000000
52447  17.721  -30.830  10.835 0.0000000000
52448  17.190  -30.724  11.148 0.0000000000
52449  16.229  -30.666  11.414 0.0000000000
52461  18.379  -30.774  10.119 0.0000000000
52462  18.074  -30.554  10.356 0.0000000000
52478  18.329  -30.586  9.696 0.0000000000
52479  18.027  -30.070  9.959 0.0000000000
52480  14.514  -30.831  8.221 0.0000000000
52482  13.784  -31.479  8.440 0.0000000000
52498  18.301  -30.753  8.889 0.0000000000
52499  17.725  -30.628  8.193 0.0000000000
52500  16.804  -30.446  7.579 0.0000000000
52501  15.372  -30.558  7.829 0.0000000000
52503  13.711  -31.119  8.285 0.0000000000
53739  12.486  -30.072  13.120 0.0000000000
53740  11.862  -29.508  13.466 0.0000000000
53757  12.899  -29.346  12.680 0.0000000000
53766  17.477  -30.346  10.748 0.0000000000
53767  16.910  -29.949  11.036 0.0000000000
53768  15.934  -29.442  11.109 0.0000000000
53781  17.477  -29.707  10.318 0.0000000000
53782  16.683  -29.324  10.597 0.0000000000
53783  16.269  -29.005  10.666 0.0000000000
53800  18.205  -30.242  9.156 0.0000000000
53801  17.844  -29.720  9.372 0.0000000000
53803  13.784  -28.132  8.051 0.0000000000
53820  18.018  -30.108  8.731 0.0000000000
53821  17.378  -29.591  8.369 0.0000000000
53822  16.345  -29.336  7.849 0.0000000000
53825  13.590  -28.337  7.643 0.0000000000
54908  12.172  -28.393  12.989 0.0000000000
54927  13.462  -28.944  12.057 0.0000000000
54928  12.937  -28.501  12.154 0.0000000000
54929  12.525  -28.006  12.219 0.0000000000
54945  14.537  -28.490  11.502 0.0000000000
54946  13.658  -28.283  11.606 0.0000000000
54947  12.949  -27.857  11.677 0.0000000000
54948  12.659  -27.596  11.829 0.0000000000
54956  16.985  -29.192  10.229 0.0000000000
54957  16.556  -28.690  10.246 0.0000000000
54965  17.207  -29.087  9.800 0.0000000000
54989  17.262  -29.032  9.102 0.0000000000
54990  16.676  -28.610  8.692 0.0000000000
54993  13.709  -27.856  7.895 0.0000000000
56039  12.196  -27.728  12.809 0.0000000000
56061  12.351  -27.438  12.341 0.0000000000
56077  15.011  -28.060  11.337 0.0000000000
56078  14.472  -27.789  11.283 0.0000000000
56079  13.633  -27.335  11.252 0.0000000000
56080  12.906  -27.272  11.563 0.0000000000
56081  12.514  -27.321  11.907 0.0000000000
56090  15.457  -27.719  10.613 0.0000000000
56098  16.286  -27.890  9.950 0.0000000000
56101  14.617  -27.153  8.042 0.0000000000
56122  16.253  -27.762  8.788 0.0000000000
56123  15.741  -27.472  8.524 0.0000000000
56124  14.323  -27.379  7.798 0.0000000000
57327  13.132  -26.882  11.191 0.0000000000
57328  12.844  -26.734  11.522 0.0000000000
57344  13.021  -26.502  10.931 0.0000000000
57360  15.570  -26.652  8.913 0.0000000000
57361  14.973  -26.414  8.518 0.0000000000
57375  16.294  -27.654  9.553 0.0000000000
57376  16.227  -27.433  9.304 0.0000000000
57377  16.053  -27.140  8.962 0.0000000000
57378  14.543  -26.504  8.093 0.0000000000
58632  12.887  -25.958  11.167 0.0000000000
58633  12.889  -26.181  11.288 0.0000000000
58700  15.344  -26.424  9.607 0.0000000000
58701  15.007  -26.013  9.372 0.0000000000
58702  14.555  -25.629  8.843 0.0000000000
58710  14.240  -25.792  8.114 0.0000000000
