#!ascii label  , from subject sub-CSI1 vox2ras=TkReg
1320
163  -6.304  -102.628  10.450 0.0000000000
164  -6.972  -102.648  10.141 0.0000000000
165  -7.956  -102.798  9.758 0.0000000000
166  -9.071  -102.983  9.192 0.0000000000
176  -11.288  -102.045  7.831 0.0000000000
192  -7.939  -102.694  5.019 0.0000000000
207  -16.600  -102.676  4.580 0.0000000000
208  -17.257  -102.413  5.090 0.0000000000
337  -6.109  -101.939  9.813 0.0000000000
338  -7.257  -101.891  9.578 0.0000000000
340  -9.167  -102.131  8.973 0.0000000000
346  -5.341  -101.498  8.818 0.0000000000
347  -6.469  -101.195  8.685 0.0000000000
349  -8.755  -101.368  8.801 0.0000000000
350  -9.825  -101.618  8.572 0.0000000000
351  -10.603  -101.436  8.101 0.0000000000
353  -14.585  -102.083  8.366 0.0000000000
354  -15.257  -102.430  8.610 0.0000000000
356  -5.701  -101.242  7.714 0.0000000000
357  -6.274  -101.043  7.722 0.0000000000
358  -11.058  -101.659  7.815 0.0000000000
359  -11.557  -101.492  7.512 0.0000000000
360  -12.316  -101.512  7.441 0.0000000000
369  -6.367  -101.380  6.650 0.0000000000
370  -7.007  -101.700  5.865 0.0000000000
371  -11.930  -100.965  7.195 0.0000000000
372  -12.198  -100.969  7.198 0.0000000000
380  -6.703  -102.121  5.579 0.0000000000
381  -7.434  -102.341  5.292 0.0000000000
383  -17.765  -102.015  5.574 0.0000000000
394  -8.634  -101.868  4.662 0.0000000000
395  -9.107  -102.387  4.173 0.0000000000
396  -16.694  -101.899  4.391 0.0000000000
397  -17.192  -101.713  4.715 0.0000000000
410  -15.511  -102.025  3.489 0.0000000000
411  -16.399  -101.645  3.755 0.0000000000
412  -16.851  -101.552  4.202 0.0000000000
429  -14.202  -101.981  2.810 0.0000000000
430  -15.062  -101.642  2.926 0.0000000000
431  -15.795  -101.441  3.035 0.0000000000
448  -14.085  -101.368  2.172 0.0000000000
584  -4.034  -100.932  10.245 0.0000000000
600  -17.064  -100.895  10.157 0.0000000000
603  -6.621  -100.916  8.040 0.0000000000
604  -7.175  -100.853  8.132 0.0000000000
606  -9.257  -100.732  8.254 0.0000000000
607  -10.171  -100.817  8.142 0.0000000000
608  -14.551  -101.268  8.161 0.0000000000
609  -15.219  -101.400  8.563 0.0000000000
610  -15.688  -100.769  8.965 0.0000000000
613  -6.750  -100.882  7.469 0.0000000000
614  -7.523  -100.603  7.274 0.0000000000
616  -9.802  -100.203  7.551 0.0000000000
617  -10.947  -100.667  7.432 0.0000000000
618  -11.552  -100.885  7.267 0.0000000000
621  -14.214  -100.768  7.811 0.0000000000
628  -6.879  -100.888  6.920 0.0000000000
629  -7.205  -101.031  6.389 0.0000000000
632  -11.195  -100.321  6.937 0.0000000000
633  -11.535  -100.455  6.789 0.0000000000
636  -19.012  -101.031  6.722 0.0000000000
637  -19.733  -100.996  7.210 0.0000000000
638  -20.638  -100.760  7.332 0.0000000000
640  -22.573  -101.215  6.498 0.0000000000
645  -8.508  -100.972  5.087 0.0000000000
646  -9.036  -100.554  4.782 0.0000000000
649  -17.761  -101.083  5.185 0.0000000000
650  -18.345  -101.073  5.989 0.0000000000
653  -22.911  -100.718  5.910 0.0000000000
654  -23.409  -100.976  5.569 0.0000000000
658  -8.722  -101.338  4.696 0.0000000000
659  -9.046  -101.129  4.255 0.0000000000
661  -17.502  -100.976  4.617 0.0000000000
671  -5.609  -99.761  2.216 0.0000000000
672  -5.995  -99.918  2.581 0.0000000000
673  -6.573  -99.996  2.921 0.0000000000
676  -16.771  -100.985  3.351 0.0000000000
677  -17.182  -100.872  3.877 0.0000000000
691  -5.586  -99.759  1.966 0.0000000000
692  -5.847  -99.825  1.859 0.0000000000
693  -6.636  -99.959  2.123 0.0000000000
694  -7.466  -100.043  1.931 0.0000000000
697  -14.637  -101.186  2.276 0.0000000000
698  -15.478  -100.981  2.410 0.0000000000
699  -16.479  -100.697  2.678 0.0000000000
700  -16.957  -100.649  3.141 0.0000000000
711  -6.284  -99.868  1.531 0.0000000000
712  -6.871  -99.934  1.109 0.0000000000
713  -7.935  -100.147  1.264 0.0000000000
719  -14.019  -100.691  1.625 0.0000000000
720  -15.009  -100.446  1.773 0.0000000000
721  -15.877  -100.393  1.874 0.0000000000
730  -6.867  -99.855  0.167 0.0000000000
731  -7.554  -100.078  0.433 0.0000000000
742  -7.331  -99.982  -0.181 0.0000000000
743  -7.813  -100.119  -0.051 0.0000000000
768  -8.834  -100.745  -2.468 0.0000000000
771  -11.466  -99.983  -3.532 0.0000000000
907  -18.561  -99.940  12.088 0.0000000000
908  -19.421  -99.297  12.453 0.0000000000
916  -4.106  -100.434  10.209 0.0000000000
927  -17.768  -99.676  10.859 0.0000000000
928  -18.080  -100.036  11.348 0.0000000000
935  -3.781  -100.280  9.517 0.0000000000
942  -16.582  -99.916  9.668 0.0000000000
943  -17.240  -99.654  10.245 0.0000000000
946  -3.253  -99.149  7.891 0.0000000000
948  -14.638  -100.609  8.097 0.0000000000
949  -15.132  -99.902  8.392 0.0000000000
950  -15.898  -99.926  9.141 0.0000000000
953  -9.799  -99.850  6.982 0.0000000000
954  -10.330  -99.925  7.045 0.0000000000
955  -13.496  -100.015  7.197 0.0000000000
956  -14.135  -99.688  7.494 0.0000000000
957  -14.762  -99.214  7.888 0.0000000000
960  -9.007  -99.934  6.059 0.0000000000
961  -9.848  -99.730  6.337 0.0000000000
962  -10.933  -99.916  6.551 0.0000000000
963  -11.447  -99.996  6.298 0.0000000000
965  -13.418  -99.431  6.642 0.0000000000
966  -13.800  -99.199  6.956 0.0000000000
967  -18.867  -100.379  6.276 0.0000000000
968  -19.369  -100.398  6.683 0.0000000000
969  -20.013  -100.098  6.875 0.0000000000
974  -8.714  -100.280  5.644 0.0000000000
975  -9.336  -99.997  5.297 0.0000000000
976  -10.333  -99.679  5.660 0.0000000000
979  -12.922  -99.154  5.602 0.0000000000
980  -18.067  -100.561  5.381 0.0000000000
981  -18.453  -99.959  5.581 0.0000000000
982  -19.276  -99.563  6.215 0.0000000000
983  -20.295  -99.243  6.327 0.0000000000
985  -22.628  -99.864  5.524 0.0000000000
992  -4.927  -99.265  3.281 0.0000000000
993  -5.461  -99.396  3.554 0.0000000000
994  -6.231  -99.396  3.928 0.0000000000
995  -7.315  -99.212  4.208 0.0000000000
996  -8.024  -99.256  3.952 0.0000000000
997  -9.426  -100.277  4.545 0.0000000000
1000  -12.539  -98.905  4.488 0.0000000000
1001  -12.970  -98.714  4.942 0.0000000000
1002  -17.777  -100.209  4.699 0.0000000000
1003  -18.269  -99.189  4.784 0.0000000000
1004  -22.941  -99.453  4.813 0.0000000000
1005  -23.419  -99.829  4.707 0.0000000000
1012  -4.657  -99.309  2.900 0.0000000000
1013  -5.259  -99.597  2.763 0.0000000000
1014  -6.044  -99.838  3.313 0.0000000000
1015  -6.878  -99.775  3.528 0.0000000000
1016  -7.775  -99.573  3.424 0.0000000000
1020  -17.527  -99.927  3.801 0.0000000000
1021  -17.873  -99.425  4.121 0.0000000000
1025  -23.896  -99.863  4.186 0.0000000000
1026  -24.698  -100.142  3.816 0.0000000000
1036  -5.287  -99.700  1.819 0.0000000000
1037  -5.619  -99.762  1.553 0.0000000000
1038  -7.320  -99.949  2.757 0.0000000000
1039  -8.402  -99.649  2.317 0.0000000000
1040  -9.111  -99.237  1.978 0.0000000000
1043  -12.386  -99.003  2.314 0.0000000000
1044  -16.811  -100.143  2.398 0.0000000000
1045  -17.259  -99.962  2.796 0.0000000000
1050  -24.867  -99.315  3.026 0.0000000000
1051  -25.454  -99.680  3.065 0.0000000000
1052  -26.288  -99.590  2.821 0.0000000000
1053  -27.110  -99.424  2.897 0.0000000000
1060  -5.742  -99.769  1.019 0.0000000000
1061  -6.362  -99.792  0.415 0.0000000000
1062  -8.507  -99.930  1.335 0.0000000000
1063  -9.034  -99.551  1.341 0.0000000000
1067  -13.440  -99.746  1.393 0.0000000000
1068  -14.481  -99.686  1.445 0.0000000000
1069  -15.479  -99.652  1.518 0.0000000000
1070  -16.571  -99.717  1.884 0.0000000000
1071  -17.234  -99.109  2.110 0.0000000000
1079  -5.989  -99.760  0.017 0.0000000000
1080  -6.447  -99.778  -0.035 0.0000000000
1081  -8.495  -100.069  0.397 0.0000000000
1082  -9.687  -99.461  0.460 0.0000000000
1083  -10.306  -99.306  0.138 0.0000000000
1095  -7.880  -100.094  -0.670 0.0000000000
1096  -9.032  -99.884  -0.717 0.0000000000
1097  -10.116  -99.532  -0.692 0.0000000000
1098  -10.953  -99.346  -0.933 0.0000000000
1110  -7.604  -100.404  -1.343 0.0000000000
1111  -8.502  -100.103  -1.633 0.0000000000
1112  -9.527  -99.918  -1.744 0.0000000000
1113  -10.529  -99.696  -1.793 0.0000000000
1114  -11.580  -99.404  -1.694 0.0000000000
1115  -12.618  -99.206  -2.026 0.0000000000
1116  -13.090  -99.066  -2.438 0.0000000000
1130  -10.068  -100.029  -2.720 0.0000000000
1131  -11.046  -99.883  -2.731 0.0000000000
1132  -11.971  -99.669  -2.826 0.0000000000
1133  -12.902  -99.359  -3.138 0.0000000000
1134  -13.359  -99.470  -3.761 0.0000000000
1145  -12.134  -99.861  -3.682 0.0000000000
1146  -12.788  -99.915  -4.220 0.0000000000
1161  -15.859  -99.213  -5.541 0.0000000000
1162  -16.335  -99.077  -6.017 0.0000000000
1177  -16.127  -99.298  -6.479 0.0000000000
1382  -18.918  -98.625  11.764 0.0000000000
1383  -20.000  -98.603  12.155 0.0000000000
1384  -20.968  -98.499  12.057 0.0000000000
1385  -21.840  -98.564  11.530 0.0000000000
1386  -22.323  -98.812  11.318 0.0000000000
1392  -17.624  -98.707  10.470 0.0000000000
1393  -18.121  -99.133  11.273 0.0000000000
1394  -22.012  -98.161  10.924 0.0000000000
1395  -22.584  -98.619  10.777 0.0000000000
1396  -23.314  -98.936  10.491 0.0000000000
1409  -16.683  -98.887  9.615 0.0000000000
1410  -17.137  -98.652  9.968 0.0000000000
1413  -24.199  -98.383  9.306 0.0000000000
1422  -15.720  -98.942  8.662 0.0000000000
1423  -16.205  -99.080  9.209 0.0000000000
1424  -23.739  -97.897  8.841 0.0000000000
1431  -14.655  -98.596  7.485 0.0000000000
1432  -15.185  -98.724  8.103 0.0000000000
1435  -13.439  -98.776  5.887 0.0000000000
1436  -13.991  -98.552  6.585 0.0000000000
1443  -8.237  -98.086  4.994 0.0000000000
1445  -13.250  -98.612  5.236 0.0000000000
1446  -13.727  -98.161  5.327 0.0000000000
1447  -18.785  -98.978  5.490 0.0000000000
1448  -19.569  -98.372  5.642 0.0000000000
1451  -22.216  -99.012  5.019 0.0000000000
1457  -5.012  -99.155  3.602 0.0000000000
1458  -5.408  -99.048  3.976 0.0000000000
1459  -6.437  -98.657  4.263 0.0000000000
1460  -7.476  -98.286  4.613 0.0000000000
1461  -8.319  -98.705  4.383 0.0000000000
1464  -12.884  -98.555  4.054 0.0000000000
1465  -13.300  -98.323  4.366 0.0000000000
1466  -13.825  -97.911  4.602 0.0000000000
1467  -18.759  -98.178  4.787 0.0000000000
1468  -19.307  -97.697  5.064 0.0000000000
1470  -22.589  -98.813  4.573 0.0000000000
1471  -23.139  -99.263  4.495 0.0000000000
1478  -4.478  -98.821  3.130 0.0000000000
1480  -6.317  -98.078  4.113 0.0000000000
1481  -8.533  -99.204  3.378 0.0000000000
1484  -12.888  -98.545  3.314 0.0000000000
1485  -13.892  -98.065  3.302 0.0000000000
1486  -14.390  -97.940  2.983 0.0000000000
1487  -17.761  -99.331  3.422 0.0000000000
1488  -18.207  -98.616  3.809 0.0000000000
1489  -22.756  -98.261  3.999 0.0000000000
1490  -23.571  -98.974  3.900 0.0000000000
1491  -24.320  -99.157  3.359 0.0000000000
1499  -8.730  -99.267  2.815 0.0000000000
1500  -9.184  -98.947  2.724 0.0000000000
1501  -10.134  -98.308  2.537 0.0000000000
1502  -12.945  -98.683  2.391 0.0000000000
1503  -13.533  -98.483  2.400 0.0000000000
1504  -14.498  -98.223  2.370 0.0000000000
1505  -15.288  -98.279  1.931 0.0000000000
1506  -15.926  -98.079  1.893 0.0000000000
1507  -17.729  -98.675  2.705 0.0000000000
1508  -18.224  -97.931  3.108 0.0000000000
1513  -24.007  -98.699  3.239 0.0000000000
1514  -24.465  -98.625  2.780 0.0000000000
1515  -25.511  -98.706  2.347 0.0000000000
1516  -26.693  -98.586  2.431 0.0000000000
1517  -27.527  -98.580  3.082 0.0000000000
1521  -9.814  -98.925  1.540 0.0000000000
1524  -13.056  -98.986  1.753 0.0000000000
1525  -13.982  -98.906  1.637 0.0000000000
1526  -14.928  -98.873  1.621 0.0000000000
1527  -15.843  -98.808  1.559 0.0000000000
1528  -16.721  -98.514  1.776 0.0000000000
1529  -17.313  -98.504  2.121 0.0000000000
1534  -25.828  -98.005  1.893 0.0000000000
1535  -26.154  -98.281  2.082 0.0000000000
1539  -10.007  -99.116  0.934 0.0000000000
1540  -10.409  -98.889  0.762 0.0000000000
1542  -12.009  -98.185  0.243 0.0000000000
1548  -10.822  -99.082  -0.076 0.0000000000
1549  -11.627  -98.788  -0.493 0.0000000000
1550  -12.504  -98.341  -0.441 0.0000000000
1551  -13.197  -98.345  -0.820 0.0000000000
1552  -13.881  -98.270  -1.002 0.0000000000
1557  -12.241  -98.921  -1.152 0.0000000000
1558  -12.813  -98.731  -1.248 0.0000000000
1559  -13.471  -98.809  -1.870 0.0000000000
1560  -14.610  -98.415  -1.777 0.0000000000
1561  -15.749  -98.271  -1.874 0.0000000000
1562  -16.495  -98.011  -1.706 0.0000000000
1568  -13.366  -99.044  -2.663 0.0000000000
1571  -16.639  -98.355  -2.789 0.0000000000
1572  -17.311  -98.147  -3.308 0.0000000000
1583  -17.006  -98.497  -4.033 0.0000000000
1590  -16.223  -99.094  -5.008 0.0000000000
1591  -16.692  -98.943  -5.229 0.0000000000
1592  -17.424  -98.596  -5.694 0.0000000000
1603  -16.869  -99.040  -6.378 0.0000000000
1604  -17.739  -98.658  -6.589 0.0000000000
1616  -17.510  -99.134  -7.000 0.0000000000
1617  -18.245  -98.723  -7.690 0.0000000000
1835  -2.155  -97.114  13.313 0.0000000000
1836  -3.003  -97.313  13.410 0.0000000000
1888  -18.933  -97.901  11.358 0.0000000000
1889  -19.622  -97.894  11.586 0.0000000000
1890  -20.587  -97.899  11.700 0.0000000000
1891  -21.232  -98.088  11.640 0.0000000000
1897  -17.713  -98.145  10.338 0.0000000000
1898  -18.220  -97.926  10.755 0.0000000000
1899  -19.141  -97.289  11.078 0.0000000000
1900  -20.190  -97.198  11.126 0.0000000000
1901  -21.364  -97.555  10.962 0.0000000000
1902  -22.158  -97.857  10.397 0.0000000000
1903  -26.090  -98.085  10.152 0.0000000000
1909  -16.847  -98.273  9.570 0.0000000000
1910  -17.366  -97.824  9.800 0.0000000000
1911  -17.914  -97.090  10.049 0.0000000000
1912  -21.752  -97.268  10.133 0.0000000000
1913  -22.416  -97.435  9.482 0.0000000000
1915  -24.498  -97.694  9.035 0.0000000000
1916  -25.311  -97.666  9.660 0.0000000000
1921  -15.606  -98.241  8.345 0.0000000000
1922  -16.282  -97.847  8.783 0.0000000000
1923  -16.938  -97.085  9.033 0.0000000000
1925  -23.457  -97.088  8.317 0.0000000000
1926  -24.041  -97.555  8.565 0.0000000000
1933  -14.632  -97.926  7.008 0.0000000000
1934  -15.433  -97.602  7.639 0.0000000000
1935  -15.943  -97.306  8.073 0.0000000000
1947  -14.513  -97.764  6.366 0.0000000000
1948  -14.957  -97.415  6.696 0.0000000000
1958  -7.798  -97.550  4.819 0.0000000000
1960  -9.062  -97.697  5.244 0.0000000000
1963  -14.259  -97.811  5.752 0.0000000000
1964  -14.890  -97.250  5.741 0.0000000000
1965  -19.683  -97.754  5.245 0.0000000000
1966  -20.180  -97.794  5.329 0.0000000000
1968  -28.016  -97.312  5.108 0.0000000000
1969  -28.401  -97.717  5.488 0.0000000000
1975  -6.782  -97.944  4.398 0.0000000000
1976  -7.480  -97.421  4.438 0.0000000000
1981  -13.979  -97.828  3.992 0.0000000000
1982  -14.429  -97.563  4.678 0.0000000000
1983  -15.198  -96.950  4.714 0.0000000000
1984  -18.987  -97.165  4.472 0.0000000000
1985  -19.695  -97.220  4.893 0.0000000000
1988  -22.322  -98.109  4.210 0.0000000000
1989  -28.031  -97.764  4.736 0.0000000000
1995  -5.033  -97.874  3.081 0.0000000000
1996  -6.511  -97.466  3.602 0.0000000000
1997  -7.133  -97.186  3.909 0.0000000000
2000  -14.147  -97.875  3.591 0.0000000000
2001  -14.519  -97.743  3.475 0.0000000000
2002  -15.199  -97.235  3.763 0.0000000000
2003  -18.536  -97.563  3.848 0.0000000000
2005  -22.248  -97.598  3.818 0.0000000000
2006  -23.018  -97.859  3.492 0.0000000000
2007  -27.371  -97.284  3.401 0.0000000000
2008  -27.667  -97.795  3.692 0.0000000000
2015  -5.667  -97.352  2.599 0.0000000000
2016  -10.835  -97.678  2.536 0.0000000000
2017  -11.502  -97.249  2.510 0.0000000000
2018  -14.681  -97.877  2.856 0.0000000000
2019  -15.318  -97.697  2.666 0.0000000000
2020  -16.516  -97.532  2.268 0.0000000000
2021  -17.632  -97.552  2.507 0.0000000000
2022  -18.293  -97.128  3.140 0.0000000000
2024  -24.577  -97.637  2.077 0.0000000000
2025  -25.360  -97.921  1.941 0.0000000000
2027  -27.514  -97.966  3.164 0.0000000000
2033  -4.604  -97.094  1.343 0.0000000000
2034  -11.183  -97.497  2.018 0.0000000000
2036  -12.427  -97.095  1.303 0.0000000000
2037  -17.193  -98.016  2.039 0.0000000000
2038  -17.497  -98.187  2.302 0.0000000000
2043  -24.812  -96.804  1.619 0.0000000000
2044  -25.558  -97.275  1.707 0.0000000000
2052  -12.667  -97.459  0.510 0.0000000000
2053  -13.773  -97.140  0.215 0.0000000000
2054  -14.363  -96.990  0.059 0.0000000000
2063  -12.942  -97.943  -0.277 0.0000000000
2064  -13.471  -97.766  -0.332 0.0000000000
2065  -14.470  -97.612  -0.545 0.0000000000
2066  -15.399  -97.291  -0.639 0.0000000000
2067  -16.119  -97.064  -0.746 0.0000000000
2076  -15.263  -97.938  -1.123 0.0000000000
2077  -15.996  -97.716  -1.136 0.0000000000
2078  -16.713  -97.305  -1.258 0.0000000000
2079  -17.313  -97.287  -1.687 0.0000000000
2087  -17.068  -97.817  -1.926 0.0000000000
2088  -17.648  -97.517  -2.655 0.0000000000
2095  -17.687  -97.938  -3.937 0.0000000000
2101  -8.021  -97.054  -5.367 0.0000000000
2103  -9.512  -97.643  -4.971 0.0000000000
2104  -10.444  -97.685  -5.008 0.0000000000
2105  -11.356  -97.539  -5.210 0.0000000000
2106  -11.953  -97.439  -5.319 0.0000000000
2116  -7.984  -97.176  -5.846 0.0000000000
2119  -9.937  -98.330  -5.497 0.0000000000
2121  -11.895  -97.982  -5.893 0.0000000000
2131  -7.791  -96.916  -6.107 0.0000000000
2133  -8.656  -97.611  -6.789 0.0000000000
2137  -18.663  -98.118  -7.621 0.0000000000
2138  -19.179  -97.583  -7.291 0.0000000000
2147  -8.586  -98.153  -6.892 0.0000000000
2148  -9.283  -97.960  -7.218 0.0000000000
2522  -18.609  -96.810  10.423 0.0000000000
2523  -19.575  -96.476  10.545 0.0000000000
2524  -20.720  -96.479  10.348 0.0000000000
2525  -21.339  -96.939  10.270 0.0000000000
2531  -17.570  -96.781  9.317 0.0000000000
2532  -18.224  -96.374  9.682 0.0000000000
2533  -18.950  -96.084  10.009 0.0000000000
2534  -20.974  -96.122  9.925 0.0000000000
2535  -21.494  -96.434  9.648 0.0000000000
2536  -22.163  -96.596  8.920 0.0000000000
2537  -24.776  -96.980  9.202 0.0000000000
2541  -16.613  -96.936  8.502 0.0000000000
2542  -17.096  -96.320  8.461 0.0000000000
2543  -17.794  -95.975  9.028 0.0000000000
2544  -21.796  -96.037  8.817 0.0000000000
2545  -22.238  -96.171  8.286 0.0000000000
2546  -23.506  -96.374  8.067 0.0000000000
2547  -24.148  -96.701  8.539 0.0000000000
2553  -15.715  -96.981  7.305 0.0000000000
2554  -16.234  -96.622  7.667 0.0000000000
2555  -16.756  -96.032  7.928 0.0000000000
2557  -23.116  -96.426  7.804 0.0000000000
2567  -15.547  -96.805  6.595 0.0000000000
2568  -16.108  -96.092  6.493 0.0000000000
2569  -28.169  -96.582  5.759 0.0000000000
2584  -15.478  -96.609  5.382 0.0000000000
2585  -15.869  -96.208  5.768 0.0000000000
2586  -28.049  -96.930  5.364 0.0000000000
2587  -28.329  -97.054  5.707 0.0000000000
2600  -15.957  -96.056  4.793 0.0000000000
2601  -18.951  -96.719  4.214 0.0000000000
2602  -19.258  -96.586  4.369 0.0000000000
2603  -20.073  -96.540  4.509 0.0000000000
2605  -27.376  -96.219  4.445 0.0000000000
2606  -27.652  -96.784  4.764 0.0000000000
2614  -6.950  -97.070  3.173 0.0000000000
2615  -7.449  -96.782  3.559 0.0000000000
2616  -8.177  -95.878  3.318 0.0000000000
2623  -19.144  -96.147  4.136 0.0000000000
2626  -22.598  -97.062  3.196 0.0000000000
2627  -23.159  -97.396  2.999 0.0000000000
2629  -27.659  -97.224  4.247 0.0000000000
2636  -5.495  -97.014  1.690 0.0000000000
2637  -6.747  -96.829  2.432 0.0000000000
2638  -7.760  -95.920  2.640 0.0000000000
2639  -8.036  -95.820  2.953 0.0000000000
2640  -12.125  -96.886  2.302 0.0000000000
2645  -17.992  -96.637  2.900 0.0000000000
2646  -18.313  -96.718  3.221 0.0000000000
2649  -23.330  -96.712  2.365 0.0000000000
2650  -24.165  -96.696  1.774 0.0000000000
2658  -4.992  -96.688  0.805 0.0000000000
2659  -6.115  -96.211  1.097 0.0000000000
2661  -12.163  -97.056  1.916 0.0000000000
2665  -23.762  -96.144  1.702 0.0000000000
2666  -24.444  -96.073  1.526 0.0000000000
2667  -25.295  -96.256  1.600 0.0000000000
2668  -26.281  -96.529  2.051 0.0000000000
2675  -5.274  -96.114  -0.063 0.0000000000
2677  -12.799  -96.841  1.259 0.0000000000
2678  -13.403  -96.688  0.951 0.0000000000
2679  -14.335  -96.405  0.644 0.0000000000
2680  -15.124  -96.220  0.287 0.0000000000
2681  -15.838  -96.073  0.139 0.0000000000
2692  -14.881  -96.828  -0.100 0.0000000000
2693  -15.683  -96.641  -0.255 0.0000000000
2694  -16.782  -96.348  -0.536 0.0000000000
2695  -17.929  -95.998  -0.758 0.0000000000
2696  -18.405  -95.662  -0.913 0.0000000000
2706  -17.146  -96.915  -1.254 0.0000000000
2707  -17.798  -96.718  -1.580 0.0000000000
2708  -18.452  -95.968  -1.419 0.0000000000
2723  -8.448  -96.241  -4.390 0.0000000000
2724  -8.762  -96.332  -4.217 0.0000000000
2725  -9.500  -96.455  -3.957 0.0000000000
2726  -10.409  -96.449  -3.901 0.0000000000
2727  -11.383  -96.423  -3.950 0.0000000000
2728  -12.277  -96.346  -4.065 0.0000000000
2738  -7.681  -96.529  -5.087 0.0000000000
2739  -8.291  -96.598  -4.661 0.0000000000
2741  -9.960  -97.079  -4.391 0.0000000000
2742  -10.930  -97.027  -4.498 0.0000000000
2743  -11.956  -96.969  -4.712 0.0000000000
2746  -14.777  -96.331  -5.581 0.0000000000
2761  -7.387  -96.586  -5.769 0.0000000000
2762  -8.611  -96.583  -6.417 0.0000000000
2763  -9.363  -96.554  -6.221 0.0000000000
2764  -9.840  -96.494  -6.120 0.0000000000
2768  -15.010  -96.416  -6.262 0.0000000000
2781  -8.327  -96.968  -6.490 0.0000000000
2782  -9.079  -97.167  -6.704 0.0000000000
2783  -9.895  -96.838  -6.656 0.0000000000
2784  -10.341  -96.939  -7.058 0.0000000000
2787  -14.695  -96.783  -7.018 0.0000000000
2788  -19.466  -97.199  -7.187 0.0000000000
2789  -19.759  -96.821  -7.169 0.0000000000
2801  -9.537  -97.318  -7.028 0.0000000000
2802  -10.013  -97.410  -7.237 0.0000000000
2803  -10.721  -97.291  -7.516 0.0000000000
2804  -11.273  -97.105  -7.874 0.0000000000
2806  -14.012  -97.284  -7.861 0.0000000000
2807  -14.807  -96.774  -8.014 0.0000000000
2808  -19.464  -97.417  -7.694 0.0000000000
2809  -19.929  -97.227  -8.164 0.0000000000
2820  -11.138  -97.546  -8.101 0.0000000000
2821  -11.940  -97.320  -8.594 0.0000000000
2822  -12.582  -96.911  -9.115 0.0000000000
2824  -14.895  -96.724  -8.948 0.0000000000
2832  -12.869  -97.417  -9.667 0.0000000000
2842  -13.976  -96.707  -11.423 0.0000000000
3248  -30.081  -95.729  12.101 0.0000000000
3259  -19.487  -96.018  10.095 0.0000000000
3260  -19.978  -95.946  10.151 0.0000000000
3269  -18.552  -95.552  9.316 0.0000000000
3270  -19.450  -95.544  9.731 0.0000000000
3271  -20.580  -95.597  9.613 0.0000000000
3272  -21.346  -95.655  9.065 0.0000000000
3278  -17.587  -95.664  8.448 0.0000000000
3279  -18.052  -95.381  8.723 0.0000000000
3280  -20.988  -95.070  8.865 0.0000000000
3281  -21.620  -95.364  8.162 0.0000000000
3283  -23.729  -95.866  8.122 0.0000000000
3285  -32.463  -95.756  8.511 0.0000000000
3292  -16.685  -95.851  7.579 0.0000000000
3293  -17.202  -95.491  7.807 0.0000000000
3294  -22.030  -95.154  6.996 0.0000000000
3296  -23.323  -95.709  7.477 0.0000000000
3308  -16.662  -95.363  6.851 0.0000000000
3309  -17.196  -94.972  7.299 0.0000000000
3312  -23.074  -95.277  6.786 0.0000000000
3327  -16.285  -95.493  5.620 0.0000000000
3328  -27.375  -95.499  5.062 0.0000000000
3329  -27.709  -96.121  5.393 0.0000000000
3340  -16.474  -95.348  4.518 0.0000000000
3341  -16.909  -94.908  4.298 0.0000000000
3342  -19.536  -96.122  4.261 0.0000000000
3343  -19.964  -95.913  4.151 0.0000000000
3344  -27.120  -95.514  4.407 0.0000000000
3345  -27.433  -96.032  4.840 0.0000000000
3356  -17.335  -95.111  3.753 0.0000000000
3357  -18.260  -95.341  3.575 0.0000000000
3361  -26.585  -95.223  3.596 0.0000000000
3370  -8.069  -95.550  2.990 0.0000000000
3377  -23.320  -95.875  1.851 0.0000000000
3378  -25.868  -95.096  2.279 0.0000000000
3379  -26.462  -95.763  2.763 0.0000000000
3389  -14.520  -95.368  1.537 0.0000000000
3390  -15.567  -94.947  1.068 0.0000000000
3391  -16.140  -94.837  0.832 0.0000000000
3394  -24.837  -95.319  1.453 0.0000000000
3395  -25.616  -95.577  1.825 0.0000000000
3396  -26.084  -95.730  2.178 0.0000000000
3404  -14.823  -95.916  0.798 0.0000000000
3405  -15.336  -95.640  0.693 0.0000000000
3406  -16.277  -95.426  0.410 0.0000000000
3407  -17.032  -95.115  0.247 0.0000000000
3408  -17.639  -94.924  0.039 0.0000000000
3415  -16.891  -95.623  -0.009 0.0000000000
3416  -17.440  -95.543  -0.228 0.0000000000
3417  -18.289  -95.155  -0.484 0.0000000000
3418  -19.021  -94.866  -0.820 0.0000000000
3427  -18.834  -95.409  -1.125 0.0000000000
3428  -19.451  -94.940  -1.549 0.0000000000
3439  -9.487  -95.327  -3.416 0.0000000000
3441  -11.227  -95.146  -2.904 0.0000000000
3442  -12.318  -95.209  -2.954 0.0000000000
3443  -13.296  -95.138  -3.048 0.0000000000
3444  -13.853  -95.032  -2.954 0.0000000000
3445  -19.048  -95.644  -1.817 0.0000000000
3446  -19.584  -95.459  -2.757 0.0000000000
3447  -20.099  -94.871  -3.138 0.0000000000
3458  -8.376  -95.856  -4.265 0.0000000000
3459  -9.106  -95.858  -3.761 0.0000000000
3460  -9.893  -95.890  -3.471 0.0000000000
3461  -10.821  -95.858  -3.361 0.0000000000
3462  -11.854  -95.860  -3.403 0.0000000000
3463  -13.027  -95.841  -3.756 0.0000000000
3464  -14.187  -95.297  -3.562 0.0000000000
3465  -15.254  -95.294  -3.954 0.0000000000
3466  -15.874  -95.207  -4.058 0.0000000000
3468  -20.054  -95.223  -3.710 0.0000000000
3481  -7.390  -96.004  -5.129 0.0000000000
3488  -15.897  -95.545  -4.724 0.0000000000
3490  -19.916  -95.695  -4.460 0.0000000000
3504  -8.406  -96.180  -6.421 0.0000000000
3505  -8.871  -96.034  -6.050 0.0000000000
3506  -9.898  -95.936  -5.644 0.0000000000
3509  -15.476  -96.080  -5.640 0.0000000000
3518  -7.291  -96.251  -7.563 0.0000000000
3519  -7.848  -96.119  -6.800 0.0000000000
3520  -10.149  -96.524  -6.159 0.0000000000
3521  -10.831  -96.556  -6.553 0.0000000000
3522  -12.051  -95.635  -6.471 0.0000000000
3523  -12.685  -95.417  -7.033 0.0000000000
3524  -15.550  -96.094  -6.993 0.0000000000
3527  -20.344  -96.011  -7.168 0.0000000000
3536  -11.116  -96.869  -7.373 0.0000000000
3537  -11.662  -96.552  -7.519 0.0000000000
3538  -12.367  -95.901  -7.578 0.0000000000
3539  -15.459  -96.312  -8.271 0.0000000000
3541  -17.188  -95.284  -7.654 0.0000000000
3542  -20.274  -96.365  -8.365 0.0000000000
3554  -12.122  -96.470  -8.102 0.0000000000
3555  -12.760  -96.283  -8.463 0.0000000000
3557  -15.382  -96.412  -8.896 0.0000000000
3560  -20.369  -96.035  -9.021 0.0000000000
3572  -13.123  -96.560  -9.340 0.0000000000
3574  -15.300  -96.523  -9.485 0.0000000000
3577  -20.551  -96.202  -10.095 0.0000000000
3578  -20.766  -95.600  -10.717 0.0000000000
3588  -13.422  -96.672  -10.149 0.0000000000
3589  -14.218  -96.172  -10.874 0.0000000000
3602  -14.406  -96.198  -12.037 0.0000000000
3968  -31.167  -95.236  13.987 0.0000000000
3987  -30.413  -94.728  12.566 0.0000000000
3988  -30.992  -95.096  13.338 0.0000000000
4002  -28.974  -94.182  11.384 0.0000000000
4003  -29.604  -94.329  11.919 0.0000000000
4012  -26.810  -94.567  10.280 0.0000000000
4013  -27.676  -94.520  10.627 0.0000000000
4014  -28.430  -94.429  11.019 0.0000000000
4023  -19.030  -95.092  9.272 0.0000000000
4024  -19.634  -94.881  9.243 0.0000000000
4025  -20.375  -94.754  8.982 0.0000000000
4026  -24.684  -94.927  9.068 0.0000000000
4027  -25.399  -94.599  9.557 0.0000000000
4028  -26.048  -94.519  9.889 0.0000000000
4035  -17.790  -95.120  8.283 0.0000000000
4036  -18.586  -94.597  8.559 0.0000000000
4037  -19.783  -94.220  8.683 0.0000000000
4038  -20.789  -94.255  8.215 0.0000000000
4039  -21.462  -94.642  7.529 0.0000000000
4040  -23.660  -94.851  7.949 0.0000000000
4041  -24.148  -94.838  8.583 0.0000000000
4055  -17.717  -94.544  7.726 0.0000000000
4056  -18.165  -94.225  7.990 0.0000000000
4057  -21.191  -94.040  7.442 0.0000000000
4058  -21.554  -94.353  6.847 0.0000000000
4059  -23.341  -94.950  6.977 0.0000000000
4060  -30.087  -94.879  7.317 0.0000000000
4061  -30.921  -94.806  7.738 0.0000000000
4062  -31.629  -94.606  8.235 0.0000000000
4076  -16.854  -94.678  6.333 0.0000000000
4077  -17.185  -94.448  6.840 0.0000000000
4078  -21.953  -94.575  6.277 0.0000000000
4080  -23.073  -94.525  6.153 0.0000000000
4096  -16.660  -94.858  5.910 0.0000000000
4097  -17.093  -94.145  5.717 0.0000000000
4101  -27.097  -94.732  4.964 0.0000000000
4102  -27.591  -95.064  5.604 0.0000000000
4114  -16.709  -94.764  5.053 0.0000000000
4115  -17.416  -94.279  4.473 0.0000000000
4116  -18.301  -94.062  4.046 0.0000000000
4117  -18.977  -94.144  3.904 0.0000000000
4118  -26.606  -94.390  4.211 0.0000000000
4126  -17.984  -94.622  3.756 0.0000000000
4127  -18.719  -94.720  3.784 0.0000000000
4128  -19.471  -94.672  3.708 0.0000000000
4144  -26.120  -94.759  2.888 0.0000000000
4152  -15.221  -94.360  1.961 0.0000000000
4153  -16.142  -94.264  1.162 0.0000000000
4154  -16.738  -94.218  0.838 0.0000000000
4166  -5.868  -94.306  -0.243 0.0000000000
4168  -16.600  -94.709  0.665 0.0000000000
4169  -17.284  -94.399  0.525 0.0000000000
4181  -18.770  -94.353  -0.384 0.0000000000
4182  -19.318  -94.284  -0.895 0.0000000000
4195  -11.272  -93.734  -1.982 0.0000000000
4196  -12.310  -93.892  -2.095 0.0000000000
4197  -13.473  -94.115  -2.306 0.0000000000
4198  -14.180  -94.130  -2.346 0.0000000000
4199  -19.765  -94.104  -1.714 0.0000000000
4200  -20.039  -93.972  -2.264 0.0000000000
4215  -8.690  -94.617  -3.503 0.0000000000
4218  -11.711  -94.509  -2.406 0.0000000000
4219  -12.768  -94.577  -2.596 0.0000000000
4220  -13.541  -94.709  -2.738 0.0000000000
4221  -14.279  -94.683  -2.821 0.0000000000
4222  -15.157  -94.473  -2.883 0.0000000000
4223  -16.000  -94.322  -2.820 0.0000000000
4224  -16.550  -94.113  -2.752 0.0000000000
4225  -19.776  -94.707  -2.129 0.0000000000
4226  -20.041  -94.419  -2.598 0.0000000000
4241  -8.826  -95.232  -3.617 0.0000000000
4242  -14.472  -95.026  -3.173 0.0000000000
4243  -14.885  -94.995  -3.257 0.0000000000
4244  -15.823  -94.907  -3.441 0.0000000000
4247  -20.264  -94.449  -3.627 0.0000000000
4264  -16.465  -95.049  -4.172 0.0000000000
4268  -20.436  -94.350  -4.776 0.0000000000
4276  -8.398  -95.749  -6.445 0.0000000000
4277  -8.973  -94.962  -5.899 0.0000000000
4285  -20.530  -94.397  -5.760 0.0000000000
4292  -8.082  -95.328  -7.139 0.0000000000
4293  -8.561  -94.667  -7.088 0.0000000000
4297  -18.038  -94.892  -7.013 0.0000000000
4300  -20.591  -94.785  -6.785 0.0000000000
4307  -8.316  -94.923  -7.860 0.0000000000
4308  -13.131  -95.394  -7.684 0.0000000000
4309  -13.670  -94.776  -7.383 0.0000000000
4310  -17.931  -94.851  -7.892 0.0000000000
4311  -18.619  -94.422  -7.672 0.0000000000
4312  -19.412  -93.967  -7.325 0.0000000000
4313  -20.562  -95.345  -8.034 0.0000000000
4322  -8.350  -94.901  -8.912 0.0000000000
4326  -17.492  -95.028  -8.532 0.0000000000
4327  -18.223  -94.542  -8.694 0.0000000000
4328  -19.278  -94.005  -8.541 0.0000000000
4341  -17.438  -95.011  -9.644 0.0000000000
4344  -20.789  -94.995  -10.193 0.0000000000
4345  -20.809  -95.167  -10.807 0.0000000000
4355  -17.544  -94.785  -10.923 0.0000000000
4357  -20.696  -94.649  -10.981 0.0000000000
4358  -20.898  -95.301  -11.182 0.0000000000
4366  -14.747  -95.459  -11.973 0.0000000000
4369  -17.467  -94.761  -12.195 0.0000000000
4378  -14.703  -95.518  -12.830 0.0000000000
4747  -30.771  -94.314  14.004 0.0000000000
4764  -30.010  -93.628  12.360 0.0000000000
4765  -30.597  -93.950  13.037 0.0000000000
4780  -29.131  -93.283  11.480 0.0000000000
4781  -29.576  -93.453  11.936 0.0000000000
4783  -27.155  -93.549  10.397 0.0000000000
4784  -27.962  -93.536  10.748 0.0000000000
4785  -28.576  -93.598  11.114 0.0000000000
4791  -24.842  -93.845  9.319 0.0000000000
4792  -25.601  -93.657  9.666 0.0000000000
4793  -26.357  -93.578  10.022 0.0000000000
4801  -19.226  -93.775  8.214 0.0000000000
4802  -20.071  -93.674  8.132 0.0000000000
4803  -20.471  -93.763  7.963 0.0000000000
4804  -23.604  -93.735  7.975 0.0000000000
4805  -24.122  -94.008  8.680 0.0000000000
4806  -32.616  -94.095  8.692 0.0000000000
4807  -33.012  -94.016  8.867 0.0000000000
4821  -17.622  -94.004  7.229 0.0000000000
4822  -18.352  -93.649  7.547 0.0000000000
4823  -19.500  -93.234  7.636 0.0000000000
4824  -20.566  -93.434  7.462 0.0000000000
4825  -21.235  -93.734  6.937 0.0000000000
4826  -23.399  -93.967  6.997 0.0000000000
4827  -30.320  -94.162  7.353 0.0000000000
4828  -31.045  -93.908  7.681 0.0000000000
4829  -31.985  -93.807  8.320 0.0000000000
4842  -17.658  -93.704  6.548 0.0000000000
4843  -18.394  -92.971  6.240 0.0000000000
4844  -21.067  -93.250  6.693 0.0000000000
4845  -21.556  -93.723  6.113 0.0000000000
4846  -23.226  -93.363  5.967 0.0000000000
4847  -27.690  -94.082  6.095 0.0000000000
4848  -28.602  -94.064  6.595 0.0000000000
4849  -29.554  -94.068  6.933 0.0000000000
4865  -17.804  -93.493  5.588 0.0000000000
4866  -18.332  -93.085  5.298 0.0000000000
4870  -26.698  -93.739  4.943 0.0000000000
4871  -27.207  -94.196  5.470 0.0000000000
4885  -17.518  -93.779  5.080 0.0000000000
4886  -18.086  -93.563  4.745 0.0000000000
4887  -18.834  -93.537  4.248 0.0000000000
4905  -19.513  -93.736  3.722 0.0000000000
4931  -15.988  -93.414  1.885 0.0000000000
4932  -16.983  -93.562  1.112 0.0000000000
4933  -17.858  -93.187  0.832 0.0000000000
4957  -19.058  -93.912  -0.448 0.0000000000
4958  -19.220  -93.550  -0.758 0.0000000000
4976  -14.298  -93.516  -1.903 0.0000000000
4977  -15.514  -93.279  -1.825 0.0000000000
4978  -16.528  -93.271  -1.845 0.0000000000
4979  -17.497  -93.246  -1.890 0.0000000000
4980  -18.450  -93.228  -1.892 0.0000000000
4981  -19.357  -93.463  -1.727 0.0000000000
4982  -19.868  -93.824  -2.112 0.0000000000
4992  -8.930  -94.121  -3.121 0.0000000000
4995  -14.642  -94.126  -2.482 0.0000000000
4996  -15.299  -93.915  -2.375 0.0000000000
4997  -16.168  -93.801  -2.338 0.0000000000
4998  -17.083  -93.784  -2.565 0.0000000000
4999  -18.118  -93.609  -2.616 0.0000000000
5000  -19.098  -93.569  -2.690 0.0000000000
5001  -19.966  -93.812  -2.791 0.0000000000
5048  -7.151  -94.246  -5.860 0.0000000000
5049  -7.756  -93.508  -5.679 0.0000000000
5067  -7.301  -93.977  -6.667 0.0000000000
5068  -9.177  -94.123  -6.831 0.0000000000
5072  -15.083  -93.649  -6.644 0.0000000000
5073  -15.566  -93.518  -7.304 0.0000000000
5085  -6.770  -94.525  -7.474 0.0000000000
5087  -8.823  -94.371  -7.961 0.0000000000
5088  -9.657  -93.758  -7.928 0.0000000000
5090  -15.212  -93.910  -7.717 0.0000000000
5091  -15.853  -93.488  -7.960 0.0000000000
5092  -19.987  -93.660  -7.845 0.0000000000
5093  -20.498  -94.144  -7.862 0.0000000000
5103  -6.943  -94.394  -8.603 0.0000000000
5105  -9.316  -94.237  -9.094 0.0000000000
5106  -10.280  -93.523  -9.066 0.0000000000
5112  -20.115  -93.754  -8.832 0.0000000000
5113  -20.485  -94.236  -9.357 0.0000000000
5123  -9.829  -93.814  -10.130 0.0000000000
5124  -10.674  -93.352  -10.147 0.0000000000
5130  -20.156  -93.759  -9.981 0.0000000000
5131  -20.535  -94.259  -10.250 0.0000000000
5140  -10.465  -93.517  -10.940 0.0000000000
5141  -11.199  -93.210  -10.972 0.0000000000
5143  -16.416  -93.717  -10.819 0.0000000000
5147  -20.368  -94.004  -10.740 0.0000000000
5155  -10.922  -93.193  -11.353 0.0000000000
5158  -16.765  -93.483  -11.597 0.0000000000
5160  -19.692  -93.787  -11.934 0.0000000000
5161  -20.353  -94.087  -11.511 0.0000000000
5169  -16.578  -93.500  -12.832 0.0000000000
5172  -20.256  -94.139  -12.362 0.0000000000
5599  -30.074  -92.776  12.788 0.0000000000
5616  -29.036  -92.278  11.322 0.0000000000
5617  -29.583  -92.624  11.912 0.0000000000
5621  -26.649  -92.571  10.174 0.0000000000
5622  -27.484  -92.554  10.527 0.0000000000
5623  -28.389  -92.600  10.949 0.0000000000
5626  -24.414  -93.106  9.076 0.0000000000
5627  -25.039  -92.822  9.488 0.0000000000
5634  -23.464  -93.060  7.589 0.0000000000
5635  -23.900  -92.789  8.390 0.0000000000
5636  -32.640  -93.551  8.640 0.0000000000
5637  -33.096  -92.949  8.737 0.0000000000
5638  -33.919  -92.644  8.713 0.0000000000
5649  -19.013  -92.800  7.011 0.0000000000
5650  -19.881  -92.707  6.935 0.0000000000
5651  -20.603  -92.853  6.690 0.0000000000
5652  -23.328  -92.784  6.826 0.0000000000
5653  -30.059  -93.145  7.158 0.0000000000
5654  -31.151  -92.851  7.649 0.0000000000
5655  -32.169  -92.671  8.229 0.0000000000
5656  -32.661  -92.131  8.444 0.0000000000
5665  -19.351  -92.491  6.171 0.0000000000
5666  -20.277  -92.423  6.104 0.0000000000
5667  -21.138  -92.778  6.054 0.0000000000
5669  -23.447  -92.477  6.145 0.0000000000
5670  -26.644  -92.624  5.709 0.0000000000
5671  -27.197  -92.811  6.059 0.0000000000
5672  -28.032  -93.039  6.400 0.0000000000
5673  -28.972  -93.093  6.686 0.0000000000
5686  -18.946  -92.640  5.306 0.0000000000
5687  -19.853  -92.304  5.234 0.0000000000
5690  -23.452  -92.403  5.399 0.0000000000
5691  -25.945  -92.490  4.824 0.0000000000
5692  -26.458  -92.920  5.222 0.0000000000
5693  -26.962  -93.397  5.629 0.0000000000
5702  -18.693  -93.065  4.747 0.0000000000
5703  -19.499  -92.793  4.279 0.0000000000
5709  -26.315  -93.048  4.676 0.0000000000
5736  -16.843  -92.138  1.961 0.0000000000
5751  -16.660  -92.776  1.752 0.0000000000
5752  -17.435  -92.505  1.385 0.0000000000
5753  -18.189  -92.486  0.697 0.0000000000
5783  -13.957  -91.799  -0.833 0.0000000000
5784  -14.622  -91.825  -0.895 0.0000000000
5785  -16.372  -92.062  -0.887 0.0000000000
5808  -13.511  -92.568  -1.273 0.0000000000
5809  -14.812  -92.433  -1.267 0.0000000000
5810  -15.959  -92.633  -1.361 0.0000000000
5811  -16.916  -92.704  -1.312 0.0000000000
5848  -16.839  -92.520  -4.607 0.0000000000
5868  -8.241  -93.146  -6.855 0.0000000000
5874  -17.310  -92.826  -6.571 0.0000000000
5884  -10.578  -93.043  -7.880 0.0000000000
5885  -11.322  -92.298  -7.353 0.0000000000
5898  -10.793  -93.021  -8.816 0.0000000000
5899  -11.502  -92.595  -8.886 0.0000000000
5947  -17.657  -92.810  -11.839 0.0000000000
5948  -18.819  -91.985  -11.906 0.0000000000
5958  -17.238  -92.701  -13.485 0.0000000000
5959  -18.228  -92.197  -13.218 0.0000000000
5967  -17.461  -92.007  -14.071 0.0000000000
6428  -29.229  -91.473  11.501 0.0000000000
6429  -29.591  -91.630  12.285 0.0000000000
6433  -26.964  -91.569  10.235 0.0000000000
6434  -27.795  -91.539  10.606 0.0000000000
6435  -28.602  -91.484  10.973 0.0000000000
6441  -26.200  -91.599  9.825 0.0000000000
6450  -23.683  -92.140  7.535 0.0000000000
6453  -32.361  -91.023  8.390 0.0000000000
6454  -33.218  -91.698  8.563 0.0000000000
6455  -34.217  -91.718  8.443 0.0000000000
6456  -34.920  -91.631  8.138 0.0000000000
6466  -23.644  -91.916  6.649 0.0000000000
6467  -24.448  -91.341  7.164 0.0000000000
6469  -30.159  -91.869  7.265 0.0000000000
6470  -31.245  -91.683  7.724 0.0000000000
6471  -32.090  -91.606  8.186 0.0000000000
6472  -32.591  -91.628  8.415 0.0000000000
6482  -23.690  -91.959  5.973 0.0000000000
6483  -24.232  -91.574  6.179 0.0000000000
6484  -25.235  -91.335  6.345 0.0000000000
6485  -26.402  -91.839  6.104 0.0000000000
6487  -28.372  -92.176  6.625 0.0000000000
6488  -29.206  -92.097  6.826 0.0000000000
6502  -23.950  -91.749  5.522 0.0000000000
6503  -24.620  -91.621  5.405 0.0000000000
6504  -25.503  -91.866  5.239 0.0000000000
6505  -26.166  -92.321  5.437 0.0000000000
6548  -16.676  -91.509  2.361 0.0000000000
6549  -17.214  -91.620  1.778 0.0000000000
6561  -17.836  -91.679  1.047 0.0000000000
6562  -18.160  -92.007  0.734 0.0000000000
6576  -17.687  -91.507  0.459 0.0000000000
6577  -18.189  -91.965  0.377 0.0000000000
6594  -14.676  -91.330  -0.463 0.0000000000
6595  -15.720  -91.494  -0.533 0.0000000000
6596  -16.716  -91.414  -0.268 0.0000000000
6597  -17.699  -91.751  -0.168 0.0000000000
6612  -15.083  -91.803  -0.876 0.0000000000
6613  -15.592  -92.072  -1.004 0.0000000000
6681  -11.742  -91.856  -7.433 0.0000000000
6683  -12.968  -91.176  -7.895 0.0000000000
6715  -13.214  -91.231  -11.300 0.0000000000
6731  -13.252  -90.926  -11.536 0.0000000000
6732  -19.210  -90.982  -11.744 0.0000000000
6733  -19.267  -90.131  -11.639 0.0000000000
6744  -18.734  -91.075  -12.959 0.0000000000
6745  -19.077  -90.394  -12.323 0.0000000000
6755  -17.884  -91.288  -14.218 0.0000000000
7246  -35.235  -90.514  14.106 0.0000000000
7275  -28.716  -90.393  11.109 0.0000000000
7276  -29.283  -90.531  11.844 0.0000000000
7282  -26.584  -90.845  9.842 0.0000000000
7289  -26.078  -90.516  9.207 0.0000000000
7290  -26.619  -90.287  9.650 0.0000000000
7301  -25.669  -90.423  8.233 0.0000000000
7302  -32.066  -90.179  8.336 0.0000000000
7303  -32.878  -90.474  8.473 0.0000000000
7317  -26.720  -90.287  7.168 0.0000000000
7318  -27.718  -90.380  7.012 0.0000000000
7319  -28.990  -90.841  6.933 0.0000000000
7320  -30.280  -90.681  7.527 0.0000000000
7321  -31.379  -90.493  8.021 0.0000000000
7338  -28.030  -91.306  6.701 0.0000000000
7339  -28.639  -91.580  6.733 0.0000000000
7393  -17.001  -91.116  2.126 0.0000000000
7452  -20.356  -89.969  -1.671 0.0000000000
7453  -20.714  -89.875  -1.926 0.0000000000
7480  -15.376  -90.661  -3.007 0.0000000000
7482  -21.030  -90.198  -3.454 0.0000000000
7529  -13.569  -90.641  -7.496 0.0000000000
7566  -13.629  -90.511  -10.880 0.0000000000
7567  -14.076  -89.767  -10.642 0.0000000000
7579  -13.780  -89.842  -11.149 0.0000000000
7580  -19.281  -89.507  -11.726 0.0000000000
7584  -18.959  -90.006  -13.055 0.0000000000
7585  -19.121  -89.713  -12.273 0.0000000000
7593  -18.435  -90.300  -14.022 0.0000000000
8137  -33.848  -89.368  13.587 0.0000000000
8138  -34.524  -89.963  13.736 0.0000000000
8139  -35.687  -90.152  13.614 0.0000000000
8156  -29.138  -89.574  12.214 0.0000000000
8157  -33.797  -89.182  13.342 0.0000000000
8158  -34.058  -89.345  13.254 0.0000000000
8159  -34.830  -89.466  13.216 0.0000000000
8169  -28.548  -89.410  10.990 0.0000000000
8170  -28.910  -89.588  11.502 0.0000000000
8190  -26.339  -89.929  9.036 0.0000000000
8200  -26.313  -89.882  8.629 0.0000000000
8201  -26.866  -89.399  8.311 0.0000000000
8202  -30.729  -89.046  8.120 0.0000000000
8203  -31.348  -89.425  8.216 0.0000000000
8204  -32.431  -89.451  8.380 0.0000000000
8208  -36.357  -89.635  7.808 0.0000000000
8219  -26.402  -89.882  7.841 0.0000000000
8220  -27.328  -89.515  7.647 0.0000000000
8221  -28.290  -89.677  7.368 0.0000000000
8222  -29.376  -89.716  7.481 0.0000000000
8223  -30.515  -89.584  7.869 0.0000000000
8224  -31.076  -89.829  8.038 0.0000000000
8322  -20.728  -89.004  -0.945 0.0000000000
8323  -21.063  -88.957  -1.097 0.0000000000
8330  -19.087  -89.445  -1.138 0.0000000000
8331  -20.088  -89.422  -1.027 0.0000000000
8332  -21.037  -89.375  -1.537 0.0000000000
8333  -21.552  -89.143  -1.901 0.0000000000
8341  -20.951  -89.842  -2.287 0.0000000000
8342  -21.394  -89.468  -2.341 0.0000000000
8354  -15.327  -89.631  -3.569 0.0000000000
8356  -20.838  -90.104  -2.676 0.0000000000
8357  -21.192  -89.867  -3.086 0.0000000000
8372  -21.257  -90.085  -3.907 0.0000000000
8386  -15.032  -88.977  -5.661 0.0000000000
8388  -21.279  -89.955  -4.974 0.0000000000
8437  -7.655  -90.028  -9.908 0.0000000000
8458  -14.165  -89.126  -10.931 0.0000000000
8484  -18.918  -89.158  -12.791 0.0000000000
8485  -19.154  -89.110  -12.156 0.0000000000
8486  -21.226  -88.739  -13.211 0.0000000000
8491  -18.673  -89.320  -13.655 0.0000000000
8492  -21.664  -88.835  -13.734 0.0000000000
8493  -22.459  -88.881  -13.800 0.0000000000
8494  -23.419  -88.856  -13.853 0.0000000000
9067  -29.157  -88.549  12.568 0.0000000000
9068  -33.075  -88.193  13.180 0.0000000000
9069  -33.522  -88.678  13.217 0.0000000000
9073  -37.406  -88.481  13.082 0.0000000000
9085  -28.712  -88.880  11.203 0.0000000000
9086  -28.997  -88.736  11.726 0.0000000000
9109  -27.476  -88.672  9.538 0.0000000000
9110  -39.374  -88.458  9.514 0.0000000000
9124  -27.749  -88.574  8.454 0.0000000000
9125  -28.886  -88.179  8.101 0.0000000000
9126  -29.830  -88.194  8.214 0.0000000000
9127  -30.770  -88.399  8.351 0.0000000000
9128  -31.884  -88.403  8.480 0.0000000000
9129  -33.018  -88.530  8.458 0.0000000000
9133  -37.277  -89.018  7.947 0.0000000000
9134  -38.391  -88.965  8.227 0.0000000000
9145  -27.927  -89.057  7.703 0.0000000000
9146  -28.591  -88.904  7.711 0.0000000000
9147  -29.583  -88.849  7.831 0.0000000000
9148  -30.286  -88.798  8.054 0.0000000000
9149  -37.634  -89.538  7.646 0.0000000000
9249  -20.136  -88.467  -0.649 0.0000000000
9250  -21.138  -88.453  -0.822 0.0000000000
9251  -21.625  -88.141  -0.948 0.0000000000
9263  -18.437  -88.444  -1.299 0.0000000000
9264  -19.348  -88.767  -0.845 0.0000000000
9265  -21.267  -88.848  -1.220 0.0000000000
9266  -21.771  -88.519  -1.517 0.0000000000
9281  -21.835  -89.010  -2.389 0.0000000000
9282  -22.284  -88.456  -2.468 0.0000000000
9295  -21.654  -89.350  -2.999 0.0000000000
9296  -22.083  -88.878  -3.259 0.0000000000
9308  -21.638  -89.401  -3.944 0.0000000000
9309  -22.133  -88.652  -4.247 0.0000000000
9320  -6.455  -88.800  -5.730 0.0000000000
9326  -21.604  -88.900  -5.107 0.0000000000
9327  -22.065  -88.302  -5.006 0.0000000000
9339  -5.805  -88.781  -6.778 0.0000000000
9360  -6.354  -88.672  -7.872 0.0000000000
9403  -14.599  -88.367  -10.373 0.0000000000
9419  -14.307  -88.481  -11.007 0.0000000000
9444  -18.796  -88.653  -13.225 0.0000000000
9445  -19.042  -88.312  -12.395 0.0000000000
9456  -20.894  -88.677  -14.128 0.0000000000
9457  -22.047  -88.706  -14.617 0.0000000000
9458  -23.072  -88.502  -14.711 0.0000000000
9459  -23.889  -88.503  -14.689 0.0000000000
10097  -29.776  -87.502  12.728 0.0000000000
10098  -30.718  -87.089  12.991 0.0000000000
10100  -32.645  -87.578  12.821 0.0000000000
10106  -38.841  -88.327  12.150 0.0000000000
10115  -28.695  -88.119  11.219 0.0000000000
10116  -29.182  -87.723  11.770 0.0000000000
10117  -32.848  -87.102  12.038 0.0000000000
10118  -33.377  -87.345  12.135 0.0000000000
10120  -38.440  -87.541  10.961 0.0000000000
10128  -27.824  -88.014  10.045 0.0000000000
10129  -28.539  -87.497  10.567 0.0000000000
10130  -28.858  -87.497  11.141 0.0000000000
10131  -38.355  -87.565  10.064 0.0000000000
10145  -27.817  -88.011  9.295 0.0000000000
10146  -28.438  -87.391  9.552 0.0000000000
10147  -29.006  -87.137  9.005 0.0000000000
10148  -33.214  -86.818  9.336 0.0000000000
10154  -38.589  -87.983  9.427 0.0000000000
10169  -28.091  -87.866  8.979 0.0000000000
10170  -28.533  -87.720  8.737 0.0000000000
10171  -29.313  -87.556  8.516 0.0000000000
10172  -30.178  -87.488  8.518 0.0000000000
10173  -31.214  -87.420  8.649 0.0000000000
10174  -32.581  -87.204  8.863 0.0000000000
10179  -37.921  -88.225  8.644 0.0000000000
10180  -38.763  -88.492  8.885 0.0000000000
10317  -19.905  -87.784  -0.605 0.0000000000
10318  -20.528  -87.658  -0.548 0.0000000000
10319  -21.562  -87.494  -0.622 0.0000000000
10320  -22.174  -86.943  -0.566 0.0000000000
10332  -18.620  -87.538  -1.506 0.0000000000
10333  -19.231  -87.834  -0.843 0.0000000000
10334  -21.912  -87.947  -1.029 0.0000000000
10335  -22.521  -87.460  -1.280 0.0000000000
10336  -23.197  -86.977  -1.521 0.0000000000
10348  -17.539  -87.574  -2.666 0.0000000000
10349  -18.050  -87.532  -2.190 0.0000000000
10350  -22.737  -87.821  -2.401 0.0000000000
10351  -23.277  -87.258  -2.139 0.0000000000
10363  -17.304  -87.280  -3.333 0.0000000000
10364  -17.693  -87.192  -2.794 0.0000000000
10365  -22.577  -88.116  -3.519 0.0000000000
10366  -23.209  -87.344  -3.273 0.0000000000
10380  -22.439  -88.052  -4.542 0.0000000000
10381  -22.918  -87.456  -4.407 0.0000000000
10396  -22.418  -87.684  -5.492 0.0000000000
10397  -23.044  -86.987  -5.227 0.0000000000
10469  -14.701  -87.725  -10.610 0.0000000000
10490  -14.464  -87.844  -11.047 0.0000000000
10491  -14.840  -87.240  -10.898 0.0000000000
10504  -14.671  -87.225  -11.241 0.0000000000
10505  -19.312  -87.281  -11.943 0.0000000000
10514  -19.051  -87.487  -12.907 0.0000000000
11174  -29.873  -87.129  12.385 0.0000000000
11175  -30.172  -86.889  12.408 0.0000000000
11176  -30.936  -86.616  12.390 0.0000000000
11177  -31.749  -86.742  12.348 0.0000000000
11194  -29.673  -87.003  12.015 0.0000000000
11195  -30.243  -86.383  11.631 0.0000000000
11196  -31.289  -86.237  11.647 0.0000000000
11197  -32.308  -86.586  11.776 0.0000000000
11198  -33.140  -86.747  11.552 0.0000000000
11212  -28.796  -87.043  10.579 0.0000000000
11213  -29.156  -86.816  10.946 0.0000000000
11214  -30.110  -86.102  10.570 0.0000000000
11215  -31.729  -85.969  10.955 0.0000000000
11216  -32.594  -86.228  10.807 0.0000000000
11235  -28.754  -86.922  10.253 0.0000000000
11236  -29.422  -86.569  9.656 0.0000000000
11237  -30.722  -86.101  9.737 0.0000000000
11238  -31.801  -86.032  9.962 0.0000000000
11239  -32.851  -86.427  9.761 0.0000000000
11240  -33.885  -86.638  9.735 0.0000000000
11241  -34.991  -86.709  9.754 0.0000000000
11262  -29.612  -86.961  8.829 0.0000000000
11263  -30.406  -86.698  8.944 0.0000000000
11264  -31.488  -86.597  9.171 0.0000000000
11265  -32.182  -86.538  9.398 0.0000000000
11414  -19.798  -87.149  -0.687 0.0000000000
11415  -20.631  -86.514  -0.513 0.0000000000
11416  -21.690  -86.435  -0.390 0.0000000000
11417  -22.295  -86.373  -0.423 0.0000000000
11418  -22.757  -86.154  -0.440 0.0000000000
11429  -18.553  -87.171  -1.850 0.0000000000
11430  -19.089  -86.769  -1.480 0.0000000000
11432  -22.610  -86.687  -0.711 0.0000000000
11433  -23.256  -86.451  -1.001 0.0000000000
11434  -23.895  -86.108  -1.471 0.0000000000
11449  -18.506  -86.832  -2.222 0.0000000000
11450  -18.851  -86.185  -2.467 0.0000000000
11451  -23.689  -86.679  -1.805 0.0000000000
11452  -24.288  -86.186  -2.208 0.0000000000
11465  -17.589  -86.719  -3.558 0.0000000000
11466  -18.080  -86.545  -3.125 0.0000000000
11467  -18.718  -85.909  -3.046 0.0000000000
11468  -23.830  -86.744  -2.837 0.0000000000
11487  -18.154  -85.948  -3.863 0.0000000000
11488  -23.717  -86.480  -4.372 0.0000000000
11614  -19.851  -86.289  -11.506 0.0000000000
11616  -21.806  -85.942  -12.222 0.0000000000
11629  -19.509  -86.585  -12.647 0.0000000000
11631  -21.205  -85.981  -12.808 0.0000000000
12334  -30.798  -85.947  11.062 0.0000000000
12335  -31.258  -85.940  11.131 0.0000000000
12346  -30.873  -85.861  10.428 0.0000000000
12347  -31.207  -85.852  10.796 0.0000000000
12357  -31.191  -85.874  10.095 0.0000000000
12358  -31.373  -85.869  10.429 0.0000000000
12516  -20.665  -85.702  -0.650 0.0000000000
12517  -21.271  -85.644  -0.448 0.0000000000
12518  -22.216  -85.601  -0.265 0.0000000000
12519  -23.241  -85.477  -0.400 0.0000000000
12520  -24.128  -85.141  -0.623 0.0000000000
12521  -24.822  -84.954  -0.883 0.0000000000
12535  -20.086  -85.640  -1.175 0.0000000000
12536  -23.811  -85.750  -0.951 0.0000000000
12537  -24.513  -85.566  -1.420 0.0000000000
12538  -25.376  -85.013  -1.551 0.0000000000
12554  -19.933  -85.090  -2.187 0.0000000000
12555  -25.110  -85.599  -2.538 0.0000000000
12570  -18.623  -85.655  -3.567 0.0000000000
12571  -19.369  -85.337  -3.041 0.0000000000
12572  -19.896  -84.760  -2.805 0.0000000000
12594  -19.007  -85.065  -3.828 0.0000000000
12699  -15.536  -85.788  -10.704 0.0000000000
12700  -16.024  -84.804  -10.907 0.0000000000
12716  -16.104  -84.491  -11.367 0.0000000000
12717  -20.199  -85.502  -11.930 0.0000000000
12718  -20.661  -85.053  -11.669 0.0000000000
12719  -21.711  -85.345  -12.526 0.0000000000
12720  -22.344  -85.304  -12.237 0.0000000000
12721  -23.165  -84.899  -11.945 0.0000000000
12722  -24.304  -84.776  -11.692 0.0000000000
12723  -25.495  -84.794  -12.497 0.0000000000
12733  -19.955  -85.844  -12.469 0.0000000000
12734  -20.595  -85.155  -12.401 0.0000000000
12737  -22.635  -84.731  -12.320 0.0000000000
12748  -20.498  -85.524  -12.894 0.0000000000
13704  -20.826  -85.071  -0.874 0.0000000000
13705  -21.667  -84.558  -0.556 0.0000000000
13706  -22.658  -84.569  -0.301 0.0000000000
13707  -23.614  -84.460  -0.330 0.0000000000
13708  -24.462  -84.385  -0.538 0.0000000000
13709  -25.227  -84.334  -0.957 0.0000000000
13723  -20.494  -84.770  -1.666 0.0000000000
13724  -21.023  -84.292  -1.359 0.0000000000
13725  -26.081  -84.224  -1.662 0.0000000000
13738  -20.428  -84.326  -2.517 0.0000000000
13739  -20.705  -84.241  -1.936 0.0000000000
13759  -19.369  -84.767  -3.668 0.0000000000
13760  -19.890  -84.339  -3.457 0.0000000000
13785  -27.747  -84.278  -4.324 0.0000000000
13803  -24.983  -84.767  -6.058 0.0000000000
13805  -26.601  -84.818  -5.153 0.0000000000
13808  -29.642  -83.954  -6.007 0.0000000000
13823  -24.864  -84.626  -6.759 0.0000000000
13827  -29.386  -84.287  -6.561 0.0000000000
13828  -30.170  -84.041  -6.605 0.0000000000
13829  -30.623  -83.855  -6.843 0.0000000000
13848  -25.382  -84.014  -8.052 0.0000000000
13849  -26.674  -84.224  -7.830 0.0000000000
13850  -27.902  -84.366  -7.610 0.0000000000
13851  -28.985  -84.474  -7.488 0.0000000000
13852  -29.960  -84.520  -7.394 0.0000000000
13853  -30.839  -84.244  -7.433 0.0000000000
13869  -25.247  -83.759  -8.979 0.0000000000
13870  -26.062  -83.803  -9.305 0.0000000000
13871  -27.435  -84.263  -8.864 0.0000000000
13872  -28.551  -84.525  -8.534 0.0000000000
13881  -16.705  -84.462  -10.503 0.0000000000
13887  -26.122  -83.739  -10.737 0.0000000000
13888  -27.068  -84.172  -10.251 0.0000000000
13897  -16.555  -84.235  -11.246 0.0000000000
13898  -17.226  -83.804  -10.971 0.0000000000
13916  -23.309  -84.432  -12.274 0.0000000000
13917  -23.714  -84.356  -12.268 0.0000000000
13918  -24.541  -84.287  -12.443 0.0000000000
13926  -20.938  -84.473  -11.916 0.0000000000
14945  -23.089  -83.532  -0.556 0.0000000000
14946  -24.002  -83.677  -0.399 0.0000000000
14947  -24.778  -83.658  -0.610 0.0000000000
14955  -22.404  -83.332  -0.998 0.0000000000
14956  -22.830  -82.991  -0.978 0.0000000000
14957  -25.501  -83.560  -1.052 0.0000000000
14972  -20.657  -83.887  -2.604 0.0000000000
15000  -27.976  -83.272  -3.589 0.0000000000
15046  -30.090  -83.322  -5.917 0.0000000000
15047  -30.645  -83.002  -6.347 0.0000000000
15064  -30.416  -83.664  -6.512 0.0000000000
15065  -30.811  -83.385  -6.744 0.0000000000
15066  -31.196  -83.290  -7.147 0.0000000000
15083  -30.876  -83.819  -7.065 0.0000000000
15084  -31.206  -83.689  -7.387 0.0000000000
15098  -25.187  -83.611  -9.621 0.0000000000
15113  -25.352  -83.542  -10.405 0.0000000000
15120  -18.016  -83.414  -10.715 0.0000000000
15121  -18.354  -82.839  -11.136 0.0000000000
15124  -23.914  -83.348  -11.009 0.0000000000
15125  -24.727  -83.369  -11.217 0.0000000000
15139  -24.156  -83.288  -11.896 0.0000000000
15146  -22.031  -83.999  -12.067 0.0000000000
15147  -22.686  -83.799  -12.150 0.0000000000
16175  -23.697  -83.164  -0.638 0.0000000000
16176  -24.258  -83.036  -0.681 0.0000000000
16177  -24.982  -83.015  -0.767 0.0000000000
16189  -22.128  -83.177  -1.432 0.0000000000
16190  -22.536  -82.852  -1.449 0.0000000000
16191  -23.437  -82.554  -1.258 0.0000000000
16192  -24.570  -82.519  -1.156 0.0000000000
16218  -26.797  -82.445  -2.165 0.0000000000
16219  -27.469  -82.141  -2.797 0.0000000000
16246  -28.112  -82.127  -3.507 0.0000000000
16264  -20.406  -82.600  -4.297 0.0000000000
16281  -30.062  -82.367  -5.607 0.0000000000
16282  -30.576  -82.480  -6.238 0.0000000000
16297  -30.964  -82.702  -6.718 0.0000000000
16298  -31.226  -83.007  -7.007 0.0000000000
16350  -17.375  -82.698  -11.334 0.0000000000
16351  -18.099  -82.579  -11.303 0.0000000000
17455  -26.498  -81.547  -2.482 0.0000000000
17456  -27.060  -81.374  -2.869 0.0000000000
17474  -20.545  -81.976  -3.768 0.0000000000
17475  -21.306  -81.904  -3.063 0.0000000000
17480  -26.527  -80.920  -3.163 0.0000000000
17481  -27.437  -81.239  -3.444 0.0000000000
17514  -30.383  -81.631  -6.133 0.0000000000
17524  -30.923  -81.799  -7.128 0.0000000000
17535  -31.004  -81.534  -8.424 0.0000000000
18579  -24.199  -80.760  -3.483 0.0000000000
18592  -24.356  -80.383  -4.207 0.0000000000
18615  -24.451  -79.984  -4.899 0.0000000000
18621  -30.044  -80.914  -5.988 0.0000000000
18640  -29.743  -80.310  -6.440 0.0000000000
18641  -30.340  -80.874  -6.813 0.0000000000
18655  -29.833  -80.162  -7.515 0.0000000000
18656  -30.472  -80.862  -7.951 0.0000000000
18666  -29.636  -80.339  -8.924 0.0000000000
18667  -30.428  -81.034  -8.956 0.0000000000
18672  -29.389  -80.314  -10.102 0.0000000000
18673  -30.155  -80.947  -9.893 0.0000000000
19747  -25.151  -79.393  -5.850 0.0000000000
19748  -26.027  -79.334  -5.487 0.0000000000
19749  -27.015  -79.334  -5.456 0.0000000000
19751  -28.876  -79.811  -5.861 0.0000000000
19752  -29.344  -80.022  -6.135 0.0000000000
19770  -24.875  -78.943  -6.656 0.0000000000
19771  -25.701  -78.823  -6.427 0.0000000000
19772  -26.618  -78.781  -6.235 0.0000000000
19773  -27.546  -78.903  -6.175 0.0000000000
19774  -28.372  -79.203  -6.419 0.0000000000
19775  -29.195  -79.602  -6.839 0.0000000000
19792  -28.422  -79.077  -7.532 0.0000000000
19793  -29.025  -79.625  -8.152 0.0000000000
19808  -27.608  -79.228  -9.143 0.0000000000
19809  -28.057  -79.121  -8.805 0.0000000000
19810  -28.850  -79.739  -9.089 0.0000000000
19821  -27.792  -79.029  -9.466 0.0000000000
19822  -28.605  -79.585  -9.768 0.0000000000
19823  -29.107  -79.969  -9.524 0.0000000000
20966  -25.489  -78.531  -7.391 0.0000000000
20967  -26.345  -78.507  -7.228 0.0000000000
20968  -27.205  -78.528  -7.057 0.0000000000
20969  -27.925  -78.686  -6.974 0.0000000000
20978  -24.544  -78.247  -8.181 0.0000000000
20979  -25.400  -78.326  -8.267 0.0000000000
20980  -26.249  -78.427  -8.228 0.0000000000
20981  -27.023  -78.524  -8.010 0.0000000000
20982  -27.700  -78.700  -7.840 0.0000000000
20992  -25.489  -78.037  -8.857 0.0000000000
20993  -26.310  -78.294  -8.938 0.0000000000
20994  -27.281  -78.572  -8.941 0.0000000000
20995  -27.513  -78.675  -8.470 0.0000000000
21001  -25.761  -77.897  -9.167 0.0000000000
22197  -25.629  -77.995  -9.208 0.0000000000
