#!ascii label  , from subject sub-CSI1 vox2ras=TkReg
748
5083  -32.256  -94.207  -6.546 0.0000000000
7371  -29.821  -90.679  4.866 0.0000000000
7536  -33.147  -90.115  -7.203 0.0000000000
7547  -33.218  -89.943  -7.801 0.0000000000
8252  -28.713  -89.052  5.028 0.0000000000
8253  -29.692  -89.523  5.330 0.0000000000
8269  -28.975  -89.952  4.799 0.0000000000
8301  -30.875  -88.881  1.313 0.0000000000
8381  -34.334  -89.902  -4.919 0.0000000000
8382  -34.471  -89.643  -4.511 0.0000000000
8395  -34.036  -89.667  -5.304 0.0000000000
8396  -34.323  -89.364  -4.929 0.0000000000
8408  -33.661  -89.764  -6.244 0.0000000000
8420  -33.555  -89.585  -7.154 0.0000000000
8435  -34.221  -89.184  -9.207 0.0000000000
9160  -31.090  -87.900  6.196 0.0000000000
9161  -32.060  -88.152  6.227 0.0000000000
9183  -28.579  -88.342  5.141 0.0000000000
9184  -29.131  -88.401  5.504 0.0000000000
9185  -30.250  -88.491  5.858 0.0000000000
9186  -31.401  -88.857  5.948 0.0000000000
9187  -32.417  -89.084  6.049 0.0000000000
9199  -28.172  -88.428  4.638 0.0000000000
9207  -27.616  -88.814  3.701 0.0000000000
9217  -27.800  -88.408  2.463 0.0000000000
9218  -29.465  -87.911  2.004 0.0000000000
9219  -29.772  -87.907  1.978 0.0000000000
9227  -28.188  -88.534  1.735 0.0000000000
9228  -29.346  -88.209  1.734 0.0000000000
9229  -30.555  -88.359  1.532 0.0000000000
9239  -30.274  -88.733  1.246 0.0000000000
9240  -32.264  -88.391  -0.064 0.0000000000
9252  -32.315  -88.237  -0.685 0.0000000000
9253  -33.086  -88.502  -0.891 0.0000000000
9268  -33.307  -88.358  -1.545 0.0000000000
9269  -34.041  -88.586  -1.794 0.0000000000
9283  -34.085  -88.510  -2.854 0.0000000000
9298  -34.485  -88.752  -3.567 0.0000000000
9316  -34.536  -88.975  -4.373 0.0000000000
9335  -33.980  -88.938  -5.173 0.0000000000
9336  -34.412  -89.214  -4.759 0.0000000000
9356  -33.047  -88.248  -6.274 0.0000000000
9357  -33.650  -89.246  -6.320 0.0000000000
9375  -33.085  -88.059  -7.254 0.0000000000
9376  -33.552  -88.718  -7.641 0.0000000000
9395  -34.120  -88.804  -8.896 0.0000000000
9396  -34.656  -88.907  -9.499 0.0000000000
9412  -34.952  -89.032  -9.826 0.0000000000
10209  -30.080  -86.973  6.265 0.0000000000
10210  -30.797  -87.045  6.358 0.0000000000
10211  -31.727  -87.187  6.446 0.0000000000
10212  -32.709  -87.451  6.476 0.0000000000
10234  -28.498  -87.492  5.232 0.0000000000
10235  -29.475  -87.424  5.914 0.0000000000
10236  -30.324  -87.578  6.153 0.0000000000
10249  -27.778  -88.235  3.989 0.0000000000
10250  -28.136  -87.543  4.313 0.0000000000
10263  -27.719  -88.328  3.416 0.0000000000
10264  -28.076  -87.683  3.403 0.0000000000
10277  -27.795  -88.164  2.940 0.0000000000
10278  -28.302  -87.895  2.506 0.0000000000
10279  -29.196  -87.674  2.213 0.0000000000
10280  -30.058  -87.490  2.094 0.0000000000
10293  -28.620  -88.037  2.098 0.0000000000
10294  -28.824  -88.086  1.939 0.0000000000
10295  -30.477  -87.510  1.687 0.0000000000
10321  -30.751  -87.390  0.185 0.0000000000
10322  -31.609  -87.720  -0.748 0.0000000000
10323  -32.398  -88.163  -1.005 0.0000000000
10338  -32.695  -88.009  -1.617 0.0000000000
10435  -32.852  -87.350  -7.027 0.0000000000
10436  -33.361  -87.595  -7.880 0.0000000000
10437  -37.405  -87.481  -8.000 0.0000000000
10457  -33.923  -87.934  -8.764 0.0000000000
10458  -34.925  -88.169  -9.331 0.0000000000
10459  -36.103  -87.792  -9.057 0.0000000000
10480  -35.147  -88.739  -9.691 0.0000000000
10481  -35.703  -88.413  -9.626 0.0000000000
11301  -29.603  -86.430  6.141 0.0000000000
11302  -30.340  -86.336  6.441 0.0000000000
11303  -31.233  -86.282  6.652 0.0000000000
11304  -32.463  -86.263  6.842 0.0000000000
11320  -28.523  -86.501  5.086 0.0000000000
11321  -28.910  -86.539  5.656 0.0000000000
11333  -28.361  -86.811  4.602 0.0000000000
11345  -28.459  -86.755  3.795 0.0000000000
11346  -28.907  -86.389  3.254 0.0000000000
11364  -28.736  -87.141  2.933 0.0000000000
11365  -29.513  -86.607  2.414 0.0000000000
11366  -30.219  -87.074  2.107 0.0000000000
11370  -39.960  -86.911  1.903 0.0000000000
11371  -41.344  -87.024  2.008 0.0000000000
11384  -29.410  -86.148  1.321 0.0000000000
11401  -29.519  -86.114  0.234 0.0000000000
11402  -30.105  -86.816  0.668 0.0000000000
11419  -29.596  -85.858  -0.503 0.0000000000
11420  -30.314  -86.652  -0.561 0.0000000000
11421  -31.000  -86.915  -1.416 0.0000000000
11435  -29.852  -85.885  -1.106 0.0000000000
11436  -30.409  -86.191  -1.697 0.0000000000
11472  -39.932  -86.195  -4.083 0.0000000000
11473  -40.263  -86.139  -4.018 0.0000000000
11522  -37.377  -86.906  -7.320 0.0000000000
11540  -33.343  -86.576  -7.483 0.0000000000
11541  -34.324  -86.830  -8.366 0.0000000000
11542  -35.561  -86.667  -8.359 0.0000000000
11543  -36.439  -86.916  -8.167 0.0000000000
11544  -37.184  -87.344  -7.900 0.0000000000
11545  -37.619  -87.310  -7.536 0.0000000000
11565  -34.598  -87.577  -8.870 0.0000000000
11566  -35.265  -87.353  -8.850 0.0000000000
11567  -36.039  -87.230  -8.637 0.0000000000
11568  -36.644  -87.493  -8.456 0.0000000000
12384  -33.017  -85.390  6.900 0.0000000000
12400  -29.875  -85.741  6.332 0.0000000000
12401  -30.579  -85.510  6.588 0.0000000000
12402  -31.587  -85.293  6.767 0.0000000000
12403  -32.742  -85.060  6.828 0.0000000000
12418  -28.773  -85.921  5.217 0.0000000000
12419  -29.262  -85.578  5.783 0.0000000000
12432  -28.720  -85.914  4.403 0.0000000000
12433  -28.867  -85.290  4.140 0.0000000000
12450  -28.803  -86.124  3.730 0.0000000000
12451  -28.953  -85.458  3.374 0.0000000000
12452  -35.015  -84.825  2.270 0.0000000000
12473  -29.043  -85.461  2.180 0.0000000000
12474  -35.043  -84.601  2.187 0.0000000000
12477  -37.776  -85.834  1.782 0.0000000000
12478  -38.597  -85.945  1.575 0.0000000000
12479  -39.447  -86.292  1.704 0.0000000000
12480  -40.674  -86.421  1.942 0.0000000000
12481  -41.987  -86.140  2.099 0.0000000000
12482  -43.036  -86.117  2.067 0.0000000000
12497  -37.460  -86.062  1.711 0.0000000000
12498  -38.081  -86.161  1.626 0.0000000000
12523  -29.125  -85.289  -0.072 0.0000000000
12539  -29.447  -85.171  -0.892 0.0000000000
12540  -29.950  -85.287  -1.635 0.0000000000
12559  -41.166  -85.299  -3.217 0.0000000000
12560  -41.501  -85.215  -3.270 0.0000000000
12580  -39.855  -85.854  -3.767 0.0000000000
12581  -40.890  -85.647  -3.681 0.0000000000
12618  -36.262  -85.542  -6.249 0.0000000000
12636  -36.761  -86.207  -6.955 0.0000000000
12637  -37.655  -86.652  -6.621 0.0000000000
12654  -36.099  -86.294  -7.685 0.0000000000
12655  -36.797  -86.719  -7.615 0.0000000000
13563  -29.878  -84.946  6.297 0.0000000000
13564  -30.758  -84.520  6.437 0.0000000000
13565  -31.857  -84.288  6.377 0.0000000000
13566  -33.018  -84.027  5.746 0.0000000000
13579  -28.810  -85.207  5.001 0.0000000000
13580  -29.462  -84.426  5.443 0.0000000000
13581  -30.083  -84.249  6.051 0.0000000000
13582  -33.086  -83.826  4.759 0.0000000000
13583  -33.718  -84.284  4.411 0.0000000000
13586  -37.822  -84.211  4.582 0.0000000000
13587  -38.707  -84.231  4.653 0.0000000000
13588  -39.287  -84.165  4.694 0.0000000000
13602  -28.841  -85.242  4.474 0.0000000000
13603  -29.059  -84.630  4.276 0.0000000000
13604  -33.969  -84.417  3.301 0.0000000000
13607  -36.792  -84.118  3.895 0.0000000000
13608  -37.326  -84.333  3.824 0.0000000000
13610  -39.348  -84.508  3.970 0.0000000000
13611  -40.527  -84.611  3.551 0.0000000000
13612  -41.211  -84.658  3.279 0.0000000000
13630  -29.060  -84.475  3.409 0.0000000000
13636  -39.528  -85.242  2.789 0.0000000000
13637  -40.719  -85.179  2.826 0.0000000000
13640  -43.529  -84.693  2.558 0.0000000000
13641  -44.524  -84.530  2.872 0.0000000000
13642  -45.226  -83.871  2.955 0.0000000000
13654  -28.819  -84.138  1.929 0.0000000000
13655  -28.936  -84.352  2.451 0.0000000000
13656  -33.962  -84.112  2.411 0.0000000000
13657  -34.533  -84.235  2.328 0.0000000000
13660  -37.448  -85.226  2.308 0.0000000000
13661  -38.466  -85.555  2.160 0.0000000000
13665  -43.686  -85.394  2.430 0.0000000000
13666  -44.157  -85.413  2.620 0.0000000000
13676  -28.769  -84.357  1.524 0.0000000000
13677  -28.811  -84.836  1.911 0.0000000000
13690  -28.792  -84.279  0.621 0.0000000000
13691  -28.948  -83.880  0.289 0.0000000000
13711  -29.119  -84.187  -0.314 0.0000000000
13727  -29.682  -84.375  -1.359 0.0000000000
13728  -30.281  -84.550  -2.092 0.0000000000
13745  -39.628  -84.591  -3.150 0.0000000000
13746  -40.464  -84.706  -2.926 0.0000000000
13747  -41.353  -84.879  -2.805 0.0000000000
13766  -36.068  -84.004  -3.682 0.0000000000
13767  -36.700  -84.457  -3.848 0.0000000000
13768  -37.931  -85.094  -3.967 0.0000000000
13769  -39.054  -85.053  -3.513 0.0000000000
13770  -40.134  -85.255  -3.327 0.0000000000
13771  -40.828  -85.243  -3.145 0.0000000000
14785  -30.496  -83.998  6.055 0.0000000000
14786  -31.059  -83.775  5.968 0.0000000000
14787  -31.928  -83.667  5.652 0.0000000000
14791  -37.998  -83.462  6.134 0.0000000000
14792  -38.948  -83.322  6.055 0.0000000000
14811  -29.682  -83.900  5.258 0.0000000000
14812  -30.177  -83.694  5.443 0.0000000000
14813  -31.233  -83.314  5.033 0.0000000000
14814  -32.365  -83.517  4.671 0.0000000000
14815  -33.067  -83.743  4.104 0.0000000000
14817  -36.474  -83.509  5.330 0.0000000000
14818  -37.346  -83.793  5.222 0.0000000000
14819  -38.355  -83.828  5.349 0.0000000000
14820  -39.310  -83.750  5.259 0.0000000000
14841  -29.581  -83.787  4.730 0.0000000000
14842  -30.375  -83.208  4.193 0.0000000000
14843  -31.503  -83.072  3.743 0.0000000000
14844  -32.549  -83.483  3.468 0.0000000000
14848  -36.612  -83.780  4.462 0.0000000000
14849  -37.155  -84.091  4.414 0.0000000000
14852  -41.852  -83.885  3.878 0.0000000000
14853  -43.212  -83.424  3.571 0.0000000000
14854  -43.826  -83.228  3.445 0.0000000000
14870  -29.485  -83.653  3.403 0.0000000000
14878  -42.316  -84.457  3.086 0.0000000000
14879  -42.942  -84.114  2.991 0.0000000000
14880  -44.039  -83.728  3.036 0.0000000000
14881  -45.034  -83.567  2.975 0.0000000000
14899  -32.007  -82.687  2.480 0.0000000000
14900  -32.591  -82.960  2.351 0.0000000000
14901  -33.611  -83.469  2.444 0.0000000000
14917  -28.930  -83.738  1.031 0.0000000000
14918  -29.477  -83.144  1.301 0.0000000000
14919  -29.770  -83.065  1.826 0.0000000000
14932  -28.943  -83.800  0.572 0.0000000000
14933  -29.209  -83.347  0.356 0.0000000000
14948  -29.390  -83.232  -0.433 0.0000000000
14959  -29.613  -83.440  -1.082 0.0000000000
14960  -30.177  -83.655  -1.778 0.0000000000
14962  -43.076  -83.395  -2.018 0.0000000000
14963  -43.904  -83.490  -2.254 0.0000000000
14976  -30.648  -83.912  -2.396 0.0000000000
14979  -35.943  -83.253  -2.943 0.0000000000
14980  -36.346  -83.336  -2.924 0.0000000000
14982  -38.579  -83.987  -3.033 0.0000000000
14985  -42.039  -83.847  -2.229 0.0000000000
14986  -43.170  -84.130  -2.503 0.0000000000
15007  -36.580  -83.850  -3.337 0.0000000000
15008  -37.529  -84.303  -3.375 0.0000000000
15009  -38.260  -84.631  -3.452 0.0000000000
16059  -41.413  -82.103  6.145 0.0000000000
16086  -43.049  -82.274  4.826 0.0000000000
16087  -43.641  -82.058  4.637 0.0000000000
16107  -42.678  -83.045  4.340 0.0000000000
16108  -43.862  -82.642  3.956 0.0000000000
16109  -44.908  -82.496  3.717 0.0000000000
16110  -45.388  -82.439  3.670 0.0000000000
16128  -44.112  -83.159  3.387 0.0000000000
16129  -44.614  -83.058  3.322 0.0000000000
16130  -45.481  -82.774  3.380 0.0000000000
16131  -46.232  -82.605  3.612 0.0000000000
16143  -30.609  -82.611  2.073 0.0000000000
16144  -31.356  -82.496  2.340 0.0000000000
16145  -32.061  -82.274  2.386 0.0000000000
16146  -32.906  -82.377  2.604 0.0000000000
16147  -33.810  -82.816  2.563 0.0000000000
16154  -29.728  -82.695  1.136 0.0000000000
16155  -30.072  -82.510  1.429 0.0000000000
16156  -30.803  -81.958  1.730 0.0000000000
16163  -29.719  -82.511  0.657 0.0000000000
16164  -30.151  -82.025  0.754 0.0000000000
16178  -29.643  -82.555  -0.191 0.0000000000
16179  -29.981  -82.363  -0.731 0.0000000000
16195  -29.692  -82.791  -0.804 0.0000000000
16196  -30.259  -82.629  -1.350 0.0000000000
16197  -31.264  -82.267  -1.752 0.0000000000
16198  -32.100  -82.133  -2.067 0.0000000000
16199  -38.118  -82.094  -2.113 0.0000000000
16200  -38.774  -82.236  -2.136 0.0000000000
16205  -43.848  -82.749  -1.792 0.0000000000
16206  -44.690  -82.735  -2.226 0.0000000000
16220  -30.840  -83.120  -2.149 0.0000000000
16221  -31.720  -82.847  -2.417 0.0000000000
16222  -32.801  -82.613  -2.708 0.0000000000
16223  -34.107  -82.526  -2.867 0.0000000000
16224  -35.098  -82.567  -2.726 0.0000000000
16227  -37.909  -82.757  -2.461 0.0000000000
16228  -39.194  -83.053  -2.526 0.0000000000
16248  -33.486  -82.971  -3.308 0.0000000000
16249  -34.181  -83.003  -3.359 0.0000000000
16250  -34.837  -82.988  -3.125 0.0000000000
16251  -35.355  -83.004  -2.932 0.0000000000
17312  -42.381  -81.208  6.286 0.0000000000
17313  -43.045  -81.100  5.997 0.0000000000
17329  -42.006  -81.864  6.016 0.0000000000
17330  -42.638  -81.744  5.570 0.0000000000
17331  -43.626  -81.479  5.252 0.0000000000
17332  -44.665  -81.433  4.811 0.0000000000
17333  -45.641  -81.217  4.766 0.0000000000
17334  -46.288  -81.010  4.858 0.0000000000
17346  -44.061  -81.917  4.554 0.0000000000
17347  -44.592  -82.123  4.239 0.0000000000
17348  -45.414  -82.011  4.073 0.0000000000
17349  -46.444  -81.676  4.277 0.0000000000
17361  -45.621  -82.398  3.658 0.0000000000
17362  -45.890  -82.287  3.697 0.0000000000
17370  -31.448  -81.424  2.116 0.0000000000
17371  -32.209  -81.481  2.620 0.0000000000
17379  -30.526  -81.643  1.054 0.0000000000
17380  -31.031  -81.135  1.399 0.0000000000
17389  -30.052  -82.001  0.298 0.0000000000
17390  -30.474  -81.548  0.346 0.0000000000
17391  -30.993  -81.019  0.619 0.0000000000
17402  -29.854  -82.189  0.100 0.0000000000
17403  -30.232  -81.893  -0.321 0.0000000000
17404  -31.240  -81.081  -0.254 0.0000000000
17405  -31.955  -80.788  -0.537 0.0000000000
17406  -38.836  -81.090  -1.211 0.0000000000
17408  -40.740  -81.101  -0.998 0.0000000000
17409  -41.728  -80.968  -0.980 0.0000000000
17410  -42.293  -80.875  -0.973 0.0000000000
17424  -30.289  -82.131  -0.882 0.0000000000
17425  -30.802  -81.775  -1.044 0.0000000000
17426  -32.039  -81.322  -1.237 0.0000000000
17427  -33.264  -81.177  -1.602 0.0000000000
17428  -34.329  -81.209  -1.796 0.0000000000
17431  -37.426  -81.819  -1.998 0.0000000000
17432  -38.391  -81.657  -1.741 0.0000000000
17433  -39.295  -81.680  -1.644 0.0000000000
17436  -42.410  -81.561  -1.342 0.0000000000
17437  -43.536  -81.796  -1.503 0.0000000000
17438  -44.621  -81.909  -1.652 0.0000000000
17457  -32.752  -81.769  -2.030 0.0000000000
17458  -33.651  -81.842  -2.257 0.0000000000
17459  -34.700  -81.909  -2.334 0.0000000000
17462  -37.171  -82.441  -2.338 0.0000000000
18424  -42.842  -80.418  6.572 0.0000000000
18425  -43.685  -80.542  6.120 0.0000000000
18426  -44.457  -80.268  5.974 0.0000000000
18436  -44.309  -80.878  5.547 0.0000000000
18437  -45.095  -80.629  5.456 0.0000000000
18438  -45.863  -80.615  5.283 0.0000000000
18439  -46.542  -80.529  5.245 0.0000000000
18440  -47.359  -80.657  5.280 0.0000000000
18441  -48.033  -80.182  5.776 0.0000000000
18452  -46.780  -80.980  4.788 0.0000000000
18453  -47.022  -81.173  4.657 0.0000000000
18473  -31.506  -80.884  2.097 0.0000000000
18485  -31.457  -80.727  1.774 0.0000000000
18500  -39.671  -80.284  0.169 0.0000000000
18501  -40.637  -80.220  0.234 0.0000000000
18502  -41.545  -80.053  0.230 0.0000000000
18503  -42.087  -79.862  0.278 0.0000000000
18514  -31.498  -80.646  0.329 0.0000000000
18515  -32.353  -80.205  0.080 0.0000000000
18516  -33.650  -80.020  -0.419 0.0000000000
18517  -34.767  -80.003  -0.662 0.0000000000
18523  -40.211  -80.646  -0.431 0.0000000000
18524  -41.219  -80.529  -0.390 0.0000000000
18525  -42.493  -80.264  -0.386 0.0000000000
18526  -43.836  -80.341  -0.651 0.0000000000
18527  -44.980  -80.369  -0.840 0.0000000000
18528  -46.124  -80.310  -0.986 0.0000000000
18529  -46.750  -80.052  -1.142 0.0000000000
18540  -32.303  -80.718  -0.646 0.0000000000
18541  -32.915  -80.629  -0.860 0.0000000000
18542  -33.983  -80.549  -1.171 0.0000000000
18547  -42.586  -80.873  -0.990 0.0000000000
18548  -43.180  -80.942  -1.081 0.0000000000
18549  -44.265  -81.034  -1.251 0.0000000000
18550  -45.437  -81.002  -1.438 0.0000000000
19475  -36.267  -78.610  10.011 0.0000000000
19476  -36.519  -78.652  10.116 0.0000000000
19493  -36.020  -78.935  9.818 0.0000000000
19494  -37.049  -79.194  10.101 0.0000000000
19495  -38.062  -79.275  9.732 0.0000000000
19496  -38.792  -78.969  9.434 0.0000000000
19502  -48.827  -78.765  8.851 0.0000000000
19507  -38.580  -79.633  9.322 0.0000000000
19508  -39.386  -79.440  8.914 0.0000000000
19509  -40.605  -79.401  8.276 0.0000000000
19510  -41.353  -78.604  8.105 0.0000000000
19512  -46.119  -79.393  8.069 0.0000000000
19513  -47.561  -79.441  8.119 0.0000000000
19514  -48.571  -79.264  8.255 0.0000000000
19515  -49.235  -78.942  8.584 0.0000000000
19524  -41.774  -79.324  7.610 0.0000000000
19525  -42.974  -79.329  6.959 0.0000000000
19526  -43.601  -78.929  6.823 0.0000000000
19527  -46.192  -79.266  7.032 0.0000000000
19528  -47.191  -79.468  7.222 0.0000000000
19529  -48.176  -79.444  7.368 0.0000000000
19543  -43.393  -79.961  6.599 0.0000000000
19544  -44.001  -79.531  6.508 0.0000000000
19545  -45.135  -79.737  6.042 0.0000000000
19546  -45.978  -79.499  6.299 0.0000000000
19547  -46.979  -79.619  6.435 0.0000000000
19548  -47.874  -79.570  6.541 0.0000000000
19549  -48.489  -79.742  6.752 0.0000000000
19560  -45.529  -80.236  5.623 0.0000000000
19561  -45.986  -80.036  5.663 0.0000000000
19562  -46.784  -79.987  5.754 0.0000000000
19563  -47.633  -79.879  5.883 0.0000000000
19564  -48.220  -79.826  6.117 0.0000000000
19587  -37.844  -78.836  3.106 0.0000000000
19588  -38.316  -78.873  3.069 0.0000000000
19608  -38.323  -79.117  2.575 0.0000000000
19633  -39.749  -79.535  1.533 0.0000000000
19634  -40.683  -79.450  1.422 0.0000000000
19635  -41.438  -79.327  1.285 0.0000000000
19636  -42.131  -79.159  1.148 0.0000000000
19637  -42.819  -78.974  1.020 0.0000000000
19657  -40.142  -79.834  0.819 0.0000000000
19658  -41.036  -79.728  0.783 0.0000000000
19659  -41.792  -79.599  0.711 0.0000000000
19660  -42.522  -79.522  0.505 0.0000000000
19661  -43.379  -79.216  0.577 0.0000000000
19662  -44.184  -79.298  0.341 0.0000000000
19663  -45.103  -79.264  0.198 0.0000000000
19664  -46.107  -79.081  -0.014 0.0000000000
19665  -47.040  -78.928  -0.060 0.0000000000
19681  -42.975  -79.627  0.128 0.0000000000
19682  -43.559  -79.707  -0.072 0.0000000000
19683  -44.538  -79.746  -0.279 0.0000000000
19684  -45.601  -79.725  -0.438 0.0000000000
19685  -46.695  -79.595  -0.620 0.0000000000
20651  -36.267  -78.203  10.080 0.0000000000
20652  -37.049  -78.202  10.319 0.0000000000
20653  -37.804  -77.935  10.217 0.0000000000
20666  -35.409  -78.465  9.144 0.0000000000
20667  -35.779  -78.112  9.686 0.0000000000
20668  -37.704  -78.590  10.109 0.0000000000
20669  -38.466  -78.236  9.854 0.0000000000
20670  -39.420  -78.216  9.301 0.0000000000
20674  -48.626  -78.643  9.488 0.0000000000
20684  -40.831  -78.069  8.501 0.0000000000
20685  -41.655  -77.897  8.284 0.0000000000
20686  -42.255  -77.879  8.099 0.0000000000
20702  -41.929  -78.395  7.932 0.0000000000
20703  -42.620  -78.356  7.620 0.0000000000
20704  -43.475  -78.433  7.273 0.0000000000
20705  -44.427  -78.339  7.476 0.0000000000
20706  -45.337  -78.993  6.885 0.0000000000
20716  -44.031  -78.717  6.830 0.0000000000
20717  -44.714  -78.981  6.632 0.0000000000
20718  -45.293  -79.270  6.471 0.0000000000
20743  -39.462  -77.696  3.937 0.0000000000
20763  -37.560  -78.623  3.765 0.0000000000
20767  -41.280  -77.903  3.117 0.0000000000
20785  -38.573  -78.873  3.055 0.0000000000
20787  -40.175  -78.666  2.827 0.0000000000
20788  -41.579  -78.358  2.491 0.0000000000
20789  -42.848  -78.156  2.033 0.0000000000
20790  -43.407  -78.000  1.812 0.0000000000
20807  -41.751  -78.892  1.676 0.0000000000
20808  -42.460  -78.655  1.620 0.0000000000
20809  -43.656  -78.452  1.294 0.0000000000
20810  -44.972  -78.286  1.172 0.0000000000
20811  -46.053  -78.097  1.043 0.0000000000
20812  -47.115  -77.984  1.020 0.0000000000
20813  -47.731  -77.852  0.997 0.0000000000
20831  -43.942  -78.938  0.733 0.0000000000
20832  -44.564  -78.806  0.715 0.0000000000
20833  -45.570  -78.676  0.604 0.0000000000
20834  -46.645  -78.530  0.514 0.0000000000
20835  -47.892  -78.291  0.420 0.0000000000
20856  -42.804  -78.056  -1.301 0.0000000000
20872  -41.894  -77.865  -1.777 0.0000000000
20873  -42.261  -78.021  -1.706 0.0000000000
20874  -43.248  -78.333  -1.927 0.0000000000
20890  -41.881  -77.887  -2.067 0.0000000000
20891  -42.467  -78.148  -2.651 0.0000000000
20895  -46.986  -78.119  -3.248 0.0000000000
20937  -44.981  -78.447  -4.987 0.0000000000
21839  -36.580  -77.366  10.232 0.0000000000
21840  -37.439  -77.285  10.349 0.0000000000
21851  -35.569  -77.483  9.367 0.0000000000
21852  -35.933  -77.449  9.877 0.0000000000
21864  -35.299  -77.445  8.435 0.0000000000
21866  -42.116  -77.273  8.376 0.0000000000
21867  -42.852  -77.502  8.098 0.0000000000
21877  -35.515  -77.418  7.286 0.0000000000
21878  -43.134  -77.958  7.654 0.0000000000
21879  -43.573  -77.775  7.768 0.0000000000
21888  -35.971  -77.404  6.484 0.0000000000
21889  -36.599  -77.434  5.893 0.0000000000
21898  -37.311  -77.425  5.367 0.0000000000
21899  -38.093  -77.382  4.833 0.0000000000
21900  -38.728  -77.080  4.581 0.0000000000
21916  -38.620  -77.613  4.420 0.0000000000
21917  -39.268  -77.284  4.285 0.0000000000
21918  -40.001  -77.346  3.906 0.0000000000
21919  -40.621  -77.267  3.722 0.0000000000
21937  -40.402  -77.677  3.570 0.0000000000
21938  -41.048  -77.500  3.480 0.0000000000
21939  -41.748  -77.527  3.103 0.0000000000
21940  -42.269  -77.419  2.890 0.0000000000
21949  -42.024  -77.745  2.762 0.0000000000
21950  -42.548  -77.686  2.573 0.0000000000
21951  -43.435  -77.635  2.228 0.0000000000
21952  -44.174  -77.542  2.069 0.0000000000
21953  -44.968  -77.393  2.124 0.0000000000
21954  -46.011  -77.239  2.084 0.0000000000
21955  -46.990  -77.094  1.968 0.0000000000
21966  -43.809  -77.844  1.767 0.0000000000
21967  -44.501  -77.841  1.643 0.0000000000
21968  -45.500  -77.723  1.594 0.0000000000
21969  -46.563  -77.593  1.543 0.0000000000
21991  -44.156  -77.169  -0.163 0.0000000000
21992  -44.806  -77.014  -0.105 0.0000000000
21993  -48.149  -77.709  1.034 0.0000000000
22010  -40.884  -77.384  -0.816 0.0000000000
22013  -43.701  -77.747  -1.068 0.0000000000
22014  -45.206  -77.355  -0.746 0.0000000000
22015  -46.653  -77.170  -1.001 0.0000000000
22016  -47.672  -76.872  -1.103 0.0000000000
22017  -48.194  -76.834  -1.081 0.0000000000
22038  -43.964  -78.113  -1.746 0.0000000000
22039  -44.728  -77.892  -1.737 0.0000000000
22041  -47.363  -77.339  -1.752 0.0000000000
22067  -41.516  -77.279  -2.627 0.0000000000
22068  -42.264  -77.627  -3.356 0.0000000000
22070  -47.234  -77.729  -2.550 0.0000000000
22097  -42.039  -76.968  -3.455 0.0000000000
22147  -44.764  -77.076  -6.317 0.0000000000
22148  -45.170  -77.647  -6.298 0.0000000000
23004  -41.549  -76.166  9.379 0.0000000000
23011  -41.903  -76.640  8.791 0.0000000000
23012  -42.600  -76.865  8.629 0.0000000000
23013  -43.006  -77.078  8.507 0.0000000000
23042  -37.853  -76.539  5.251 0.0000000000
23043  -38.554  -76.543  4.854 0.0000000000
23060  -39.162  -76.553  4.596 0.0000000000
23061  -39.913  -76.587  4.329 0.0000000000
23062  -40.710  -76.735  3.945 0.0000000000
23063  -41.214  -76.256  3.936 0.0000000000
23082  -40.978  -77.076  3.710 0.0000000000
23083  -41.537  -76.762  3.616 0.0000000000
23084  -42.496  -76.872  3.174 0.0000000000
23085  -43.619  -76.533  3.100 0.0000000000
23086  -44.804  -76.346  3.070 0.0000000000
23087  -46.032  -76.145  3.014 0.0000000000
23088  -47.313  -76.037  2.991 0.0000000000
23089  -48.525  -75.965  3.085 0.0000000000
23090  -49.136  -75.734  3.080 0.0000000000
23100  -42.599  -77.281  2.839 0.0000000000
23101  -43.132  -77.156  2.722 0.0000000000
23102  -44.217  -77.075  2.581 0.0000000000
23103  -45.433  -76.809  2.566 0.0000000000
23104  -46.632  -76.649  2.478 0.0000000000
23105  -48.017  -76.691  2.311 0.0000000000
23107  -49.483  -76.020  1.981 0.0000000000
23118  -39.136  -76.124  0.853 0.0000000000
23119  -39.900  -76.461  0.968 0.0000000000
23122  -42.966  -76.225  1.102 0.0000000000
23123  -43.991  -76.072  1.052 0.0000000000
23124  -45.021  -75.969  1.086 0.0000000000
23125  -46.019  -75.899  1.086 0.0000000000
23126  -46.563  -75.833  1.008 0.0000000000
23127  -48.325  -77.071  1.772 0.0000000000
23128  -48.845  -76.799  1.776 0.0000000000
23138  -38.729  -75.858  0.287 0.0000000000
23139  -39.456  -76.492  0.144 0.0000000000
23140  -40.485  -77.024  0.154 0.0000000000
23144  -44.615  -76.593  0.408 0.0000000000
23145  -45.618  -76.395  0.506 0.0000000000
23146  -46.701  -76.124  0.499 0.0000000000
23147  -47.820  -76.168  0.216 0.0000000000
23158  -38.574  -75.418  -0.200 0.0000000000
23159  -39.089  -75.905  -0.591 0.0000000000
23160  -39.978  -76.695  -0.862 0.0000000000
23161  -45.266  -76.840  -0.010 0.0000000000
23162  -46.118  -76.770  -0.170 0.0000000000
23163  -47.201  -76.533  -0.414 0.0000000000
23164  -48.211  -76.582  -0.590 0.0000000000
23220  -41.818  -76.292  -3.213 0.0000000000
23221  -42.387  -76.281  -3.785 0.0000000000
23248  -44.640  -76.111  -6.333 0.0000000000
24112  -41.043  -75.678  9.962 0.0000000000
24113  -41.848  -75.882  9.842 0.0000000000
24168  -40.729  -75.822  4.317 0.0000000000
24169  -41.924  -75.718  3.898 0.0000000000
24170  -42.775  -75.363  3.839 0.0000000000
24188  -42.216  -76.331  3.555 0.0000000000
24189  -42.956  -75.968  3.553 0.0000000000
24190  -44.166  -75.759  3.464 0.0000000000
24191  -45.388  -75.579  3.452 0.0000000000
24192  -46.642  -75.481  3.514 0.0000000000
24193  -47.880  -75.481  3.619 0.0000000000
24194  -48.906  -75.427  3.545 0.0000000000
24210  -40.731  -75.170  2.269 0.0000000000
24211  -41.814  -74.988  2.252 0.0000000000
24212  -42.887  -74.896  2.194 0.0000000000
24213  -43.903  -74.827  2.117 0.0000000000
24214  -44.869  -74.843  2.119 0.0000000000
24215  -45.399  -74.851  2.093 0.0000000000
24216  -48.804  -75.067  1.940 0.0000000000
24217  -49.278  -75.503  2.140 0.0000000000
24218  -49.490  -76.012  1.734 0.0000000000
24227  -38.505  -75.470  1.184 0.0000000000
24228  -39.415  -75.818  1.496 0.0000000000
24229  -40.332  -75.923  1.671 0.0000000000
24230  -41.356  -75.807  1.707 0.0000000000
24231  -42.393  -75.627  1.650 0.0000000000
24232  -43.421  -75.505  1.608 0.0000000000
24233  -44.440  -75.421  1.615 0.0000000000
24234  -45.534  -75.304  1.719 0.0000000000
24235  -46.725  -75.517  1.467 0.0000000000
24237  -48.981  -75.622  1.442 0.0000000000
24249  -46.849  -75.801  0.973 0.0000000000
24252  -49.141  -76.055  0.821 0.0000000000
24269  -38.776  -75.075  -0.656 0.0000000000
24298  -42.354  -75.346  -3.460 0.0000000000
24313  -42.783  -75.613  -4.034 0.0000000000
24331  -44.480  -75.162  -5.980 0.0000000000
25239  -40.763  -74.313  4.963 0.0000000000
25254  -41.415  -74.739  4.518 0.0000000000
25255  -42.738  -74.689  4.251 0.0000000000
25256  -44.036  -74.346  4.281 0.0000000000
25257  -45.277  -74.228  4.418 0.0000000000
25258  -46.486  -74.231  4.583 0.0000000000
25259  -47.648  -74.208  4.610 0.0000000000
25260  -48.605  -74.092  4.205 0.0000000000
25278  -43.554  -75.152  3.820 0.0000000000
25279  -44.726  -74.911  3.782 0.0000000000
25280  -45.961  -74.862  3.956 0.0000000000
25281  -47.185  -74.844  4.063 0.0000000000
25282  -48.317  -74.838  4.045 0.0000000000
25284  -49.263  -74.416  2.898 0.0000000000
25303  -42.337  -74.073  2.561 0.0000000000
25304  -43.402  -74.008  2.411 0.0000000000
25305  -44.457  -74.069  2.364 0.0000000000
25306  -45.571  -74.299  2.292 0.0000000000
25307  -46.761  -74.244  2.323 0.0000000000
25323  -45.673  -74.860  2.072 0.0000000000
25324  -46.231  -74.896  2.032 0.0000000000
25361  -39.185  -74.408  -0.914 0.0000000000
25369  -39.804  -74.520  -1.409 0.0000000000
25371  -40.854  -74.135  -1.841 0.0000000000
25381  -42.905  -74.513  -3.590 0.0000000000
25391  -44.196  -74.104  -4.589 0.0000000000
25402  -44.572  -74.320  -5.312 0.0000000000
26332  -40.700  -73.649  5.438 0.0000000000
26333  -41.667  -73.378  5.388 0.0000000000
26337  -46.279  -72.981  5.655 0.0000000000
26338  -47.131  -73.007  5.297 0.0000000000
26351  -41.338  -73.977  5.002 0.0000000000
26352  -42.182  -73.883  4.793 0.0000000000
26353  -43.344  -73.688  4.726 0.0000000000
26354  -44.585  -73.547  4.857 0.0000000000
26356  -46.913  -73.565  5.067 0.0000000000
26357  -47.870  -73.275  4.633 0.0000000000
26358  -48.649  -73.373  3.806 0.0000000000
26391  -44.008  -73.166  2.626 0.0000000000
26392  -45.069  -73.247  2.425 0.0000000000
26393  -46.196  -73.342  2.395 0.0000000000
26444  -39.873  -73.655  -1.223 0.0000000000
26445  -40.459  -73.337  -1.413 0.0000000000
26457  -40.178  -74.107  -1.515 0.0000000000
26458  -40.587  -73.778  -1.599 0.0000000000
26459  -41.136  -73.788  -1.949 0.0000000000
26462  -41.768  -73.905  -2.510 0.0000000000
26463  -42.178  -74.182  -2.875 0.0000000000
26469  -43.286  -74.087  -3.730 0.0000000000
26475  -44.490  -73.590  -4.980 0.0000000000
26481  -44.948  -73.536  -5.636 0.0000000000
27474  -41.310  -72.291  6.359 0.0000000000
27475  -42.303  -72.088  6.485 0.0000000000
27477  -44.322  -71.739  6.763 0.0000000000
27478  -44.809  -71.521  6.571 0.0000000000
27492  -41.028  -72.900  5.847 0.0000000000
27493  -42.016  -72.664  5.844 0.0000000000
27496  -45.479  -72.136  6.284 0.0000000000
27497  -46.705  -72.341  5.209 0.0000000000
27498  -47.379  -72.768  4.948 0.0000000000
27515  -47.060  -71.946  4.488 0.0000000000
27516  -47.644  -72.367  4.312 0.0000000000
27517  -48.288  -72.774  3.960 0.0000000000
27546  -44.596  -72.273  2.568 0.0000000000
27547  -45.630  -72.402  2.196 0.0000000000
27548  -46.778  -72.494  2.072 0.0000000000
27550  -48.249  -72.599  2.506 0.0000000000
27562  -48.198  -72.104  1.877 0.0000000000
27614  -40.892  -73.032  -1.703 0.0000000000
27615  -41.319  -73.525  -2.162 0.0000000000
28671  -50.342  -71.317  10.100 0.0000000000
28714  -42.492  -70.841  7.922 0.0000000000
28715  -43.443  -70.628  7.577 0.0000000000
28731  -40.849  -71.959  6.707 0.0000000000
28732  -41.503  -71.722  6.912 0.0000000000
28733  -42.471  -71.551  7.207 0.0000000000
28734  -43.460  -71.337  7.316 0.0000000000
28750  -45.874  -71.452  5.299 0.0000000000
28751  -46.577  -71.704  4.739 0.0000000000
28770  -46.263  -71.257  4.437 0.0000000000
28771  -46.852  -71.485  3.998 0.0000000000
28772  -47.377  -71.805  3.942 0.0000000000
28806  -45.034  -71.326  1.999 0.0000000000
28807  -46.118  -71.763  1.524 0.0000000000
28808  -46.909  -71.850  1.345 0.0000000000
28822  -45.754  -70.994  1.114 0.0000000000
28823  -46.577  -71.311  0.560 0.0000000000
28841  -47.180  -71.109  -0.094 0.0000000000
29913  -44.080  -70.237  13.632 0.0000000000
29914  -45.141  -70.247  13.186 0.0000000000
29945  -45.395  -70.046  12.772 0.0000000000
29946  -45.830  -70.212  12.719 0.0000000000
29947  -46.630  -70.302  12.553 0.0000000000
29948  -47.747  -70.564  11.989 0.0000000000
29966  -48.224  -70.337  11.545 0.0000000000
29967  -49.039  -70.721  11.052 0.0000000000
29968  -49.622  -71.072  10.626 0.0000000000
29980  -49.465  -70.423  10.497 0.0000000000
29981  -49.996  -70.905  10.073 0.0000000000
29982  -50.477  -71.273  9.867 0.0000000000
29999  -50.404  -70.822  9.574 0.0000000000
30013  -42.251  -70.019  8.337 0.0000000000
30014  -42.747  -69.749  8.029 0.0000000000
30020  -42.937  -70.245  7.989 0.0000000000
30066  -45.180  -70.693  5.433 0.0000000000
30086  -45.652  -70.561  4.297 0.0000000000
30087  -46.434  -70.910  3.795 0.0000000000
30123  -44.990  -70.264  1.363 0.0000000000
31199  -44.382  -69.617  13.261 0.0000000000
31226  -45.085  -69.613  12.885 0.0000000000
31227  -45.700  -69.646  12.657 0.0000000000
31245  -47.698  -69.885  11.743 0.0000000000
31246  -48.487  -69.813  11.291 0.0000000000
31260  -49.155  -69.870  10.728 0.0000000000
31280  -50.445  -70.358  9.254 0.0000000000
31281  -50.822  -70.732  8.992 0.0000000000
31293  -50.672  -70.233  8.689 0.0000000000
31294  -50.958  -70.519  8.436 0.0000000000
32420  -48.717  -68.928  10.828 0.0000000000
32421  -49.289  -69.302  10.270 0.0000000000
32440  -49.073  -68.607  10.091 0.0000000000
32453  -51.004  -70.118  7.787 0.0000000000
32464  -50.753  -69.459  7.595 0.0000000000
32465  -51.469  -69.864  7.118 0.0000000000
33600  -48.520  -67.985  10.363 0.0000000000
33615  -48.229  -67.288  9.900 0.0000000000
33616  -48.976  -67.864  9.359 0.0000000000
33628  -50.154  -68.621  7.929 0.0000000000
33639  -49.859  -67.848  7.543 0.0000000000
33640  -50.641  -68.567  6.931 0.0000000000
34800  -49.166  -66.880  7.416 0.0000000000
34801  -49.943  -67.616  7.078 0.0000000000
34822  -49.355  -66.684  6.735 0.0000000000
34823  -50.129  -67.243  6.384 0.0000000000
35989  -48.758  -66.162  6.648 0.0000000000
35990  -49.431  -66.544  6.440 0.0000000000
