#!ascii label  , from subject sub-CSI1 vox2ras=TkReg
405
2501  -27.874  -96.945  12.619 0.0000000000
3165  -27.967  -95.172  17.051 0.0000000000
3829  -27.779  -94.667  21.825 0.0000000000
3830  -28.208  -94.564  21.887 0.0000000000
3852  -25.746  -95.196  21.097 0.0000000000
3853  -27.057  -95.003  21.679 0.0000000000
3854  -28.288  -94.990  21.783 0.0000000000
3855  -29.411  -95.042  21.697 0.0000000000
3879  -25.412  -95.133  20.498 0.0000000000
3913  -25.916  -95.093  18.234 0.0000000000
3922  -26.620  -94.515  17.818 0.0000000000
3923  -27.441  -94.676  17.396 0.0000000000
3924  -28.268  -94.667  17.095 0.0000000000
3933  -28.855  -94.697  16.716 0.0000000000
4604  -27.379  -94.260  21.784 0.0000000000
4605  -27.914  -94.076  22.024 0.0000000000
4622  -26.465  -94.376  21.275 0.0000000000
4623  -26.960  -94.307  21.643 0.0000000000
4624  -28.798  -94.220  21.878 0.0000000000
4625  -29.983  -94.173  21.547 0.0000000000
4626  -31.027  -94.174  21.056 0.0000000000
4627  -31.439  -93.753  20.754 0.0000000000
4645  -25.341  -94.850  20.049 0.0000000000
4646  -25.870  -94.374  20.517 0.0000000000
4649  -32.562  -93.907  20.407 0.0000000000
4670  -25.227  -95.220  19.486 0.0000000000
4671  -25.815  -94.003  19.483 0.0000000000
4685  -25.539  -94.780  18.847 0.0000000000
4686  -26.246  -94.032  18.455 0.0000000000
4699  -26.673  -93.824  17.941 0.0000000000
4700  -27.133  -93.805  17.588 0.0000000000
4701  -27.903  -93.870  17.258 0.0000000000
4711  -28.547  -93.948  16.806 0.0000000000
4712  -29.182  -94.055  16.394 0.0000000000
4724  -29.823  -94.143  15.801 0.0000000000
4725  -30.210  -94.695  15.606 0.0000000000
4735  -29.995  -93.665  15.257 0.0000000000
4736  -30.407  -94.298  15.029 0.0000000000
5433  -27.488  -93.851  21.863 0.0000000000
5434  -27.650  -93.615  21.907 0.0000000000
5452  -26.429  -93.599  20.949 0.0000000000
5453  -27.105  -93.474  21.635 0.0000000000
5454  -28.156  -93.156  21.984 0.0000000000
5455  -29.381  -93.137  21.708 0.0000000000
5456  -30.514  -93.122  21.313 0.0000000000
5457  -31.188  -93.404  20.895 0.0000000000
5469  -26.259  -93.261  20.290 0.0000000000
5470  -31.087  -92.774  20.883 0.0000000000
5471  -31.742  -93.099  20.550 0.0000000000
5472  -32.767  -92.640  20.070 0.0000000000
5474  -34.836  -92.816  20.355 0.0000000000
5475  -35.759  -92.516  20.826 0.0000000000
5476  -36.356  -92.027  20.918 0.0000000000
5491  -26.348  -92.739  19.601 0.0000000000
5507  -26.391  -92.957  18.808 0.0000000000
5522  -26.826  -93.011  17.981 0.0000000000
5523  -27.549  -92.938  17.364 0.0000000000
5538  -29.333  -93.417  16.047 0.0000000000
5550  -29.032  -92.689  15.951 0.0000000000
5551  -29.553  -93.071  15.431 0.0000000000
5563  -29.974  -93.182  14.641 0.0000000000
5564  -30.423  -93.806  14.428 0.0000000000
5638  -33.919  -92.644  8.713 0.0000000000
6266  -26.688  -92.627  20.893 0.0000000000
6267  -27.592  -91.901  21.377 0.0000000000
6268  -28.772  -92.034  21.621 0.0000000000
6269  -29.834  -92.131  21.421 0.0000000000
6270  -30.616  -92.105  20.982 0.0000000000
6271  -36.202  -91.147  21.173 0.0000000000
6272  -36.782  -91.582  21.157 0.0000000000
6284  -26.524  -92.392  20.209 0.0000000000
6285  -26.919  -91.581  20.388 0.0000000000
6288  -32.395  -91.557  19.980 0.0000000000
6289  -34.128  -91.943  20.145 0.0000000000
6290  -35.067  -91.812  20.486 0.0000000000
6291  -35.960  -91.623  20.906 0.0000000000
6292  -36.413  -91.781  20.966 0.0000000000
6307  -26.592  -91.985  19.766 0.0000000000
6308  -26.810  -91.431  19.521 0.0000000000
6309  -32.921  -91.666  19.825 0.0000000000
6326  -26.612  -92.048  19.114 0.0000000000
6327  -26.948  -91.275  18.724 0.0000000000
6342  -26.787  -92.146  18.405 0.0000000000
6358  -27.901  -90.982  16.817 0.0000000000
6373  -29.493  -92.547  14.910 0.0000000000
6454  -33.218  -91.698  8.563 0.0000000000
6455  -34.217  -91.718  8.443 0.0000000000
6456  -34.920  -91.631  8.138 0.0000000000
7108  -27.820  -91.180  21.244 0.0000000000
7109  -28.307  -90.994  21.352 0.0000000000
7110  -29.379  -91.110  21.383 0.0000000000
7111  -30.165  -91.408  21.160 0.0000000000
7112  -35.398  -90.390  21.168 0.0000000000
7113  -35.800  -90.556  21.277 0.0000000000
7116  -38.336  -90.933  21.559 0.0000000000
7127  -27.685  -90.798  20.826 0.0000000000
7128  -28.281  -90.160  20.991 0.0000000000
7129  -30.005  -90.757  21.103 0.0000000000
7132  -32.534  -91.013  19.827 0.0000000000
7133  -34.376  -91.091  20.370 0.0000000000
7134  -35.120  -90.692  20.888 0.0000000000
7135  -35.761  -91.037  21.082 0.0000000000
7146  -27.269  -90.544  19.649 0.0000000000
7147  -32.445  -90.390  19.767 0.0000000000
7148  -33.017  -90.830  19.761 0.0000000000
7149  -33.681  -90.962  20.058 0.0000000000
7164  -27.332  -90.187  18.310 0.0000000000
7179  -27.658  -90.293  17.241 0.0000000000
7196  -27.807  -90.278  16.447 0.0000000000
7197  -28.090  -90.866  16.265 0.0000000000
7213  -27.955  -90.381  15.920 0.0000000000
7214  -28.293  -90.845  15.580 0.0000000000
7215  -37.251  -89.997  15.528 0.0000000000
7216  -37.631  -90.197  15.470 0.0000000000
7217  -38.132  -90.293  15.311 0.0000000000
7229  -28.524  -90.930  14.755 0.0000000000
7230  -35.139  -90.382  14.293 0.0000000000
7231  -35.578  -90.370  14.411 0.0000000000
7232  -36.710  -90.376  15.040 0.0000000000
7246  -35.235  -90.514  14.106 0.0000000000
7302  -32.066  -90.179  8.336 0.0000000000
7303  -32.878  -90.474  8.473 0.0000000000
7304  -33.816  -90.735  8.436 0.0000000000
7305  -34.693  -90.842  8.224 0.0000000000
7975  -36.398  -89.427  22.058 0.0000000000
7976  -36.871  -89.563  22.099 0.0000000000
7977  -37.978  -89.824  21.995 0.0000000000
7978  -39.073  -89.768  22.085 0.0000000000
7996  -29.022  -90.275  21.237 0.0000000000
7997  -29.580  -90.476  21.180 0.0000000000
7998  -35.310  -89.894  21.334 0.0000000000
7999  -36.237  -89.821  21.730 0.0000000000
8000  -37.254  -90.295  21.702 0.0000000000
8015  -27.866  -89.555  20.333 0.0000000000
8016  -28.797  -89.446  20.828 0.0000000000
8017  -29.937  -89.883  20.884 0.0000000000
8018  -30.968  -89.842  20.290 0.0000000000
8019  -31.502  -89.577  19.877 0.0000000000
8020  -33.940  -89.956  20.399 0.0000000000
8021  -34.607  -89.691  20.970 0.0000000000
8031  -27.457  -89.210  19.254 0.0000000000
8032  -32.092  -89.639  19.679 0.0000000000
8033  -32.747  -89.863  19.786 0.0000000000
8034  -33.294  -90.214  19.957 0.0000000000
8047  -27.359  -89.067  18.324 0.0000000000
8059  -27.462  -89.301  17.545 0.0000000000
8075  -27.615  -89.445  16.645 0.0000000000
8095  -27.753  -89.705  15.793 0.0000000000
8096  -27.978  -90.188  15.519 0.0000000000
8097  -36.963  -89.619  15.565 0.0000000000
8098  -37.637  -89.478  15.978 0.0000000000
8099  -38.197  -89.887  15.707 0.0000000000
8114  -28.071  -89.791  14.818 0.0000000000
8116  -34.734  -90.045  14.393 0.0000000000
8117  -35.659  -89.904  14.782 0.0000000000
8118  -36.373  -89.675  15.148 0.0000000000
8138  -34.524  -89.963  13.736 0.0000000000
8139  -35.687  -90.152  13.614 0.0000000000
8140  -36.959  -90.242  13.866 0.0000000000
8159  -34.830  -89.466  13.216 0.0000000000
8170  -28.910  -89.588  11.502 0.0000000000
8204  -32.431  -89.451  8.380 0.0000000000
8205  -33.435  -89.652  8.424 0.0000000000
8206  -34.421  -89.851  8.390 0.0000000000
8207  -35.425  -89.958  8.096 0.0000000000
8208  -36.357  -89.635  7.808 0.0000000000
8893  -38.555  -88.337  23.020 0.0000000000
8913  -36.140  -88.843  22.259 0.0000000000
8914  -37.279  -88.898  22.480 0.0000000000
8915  -38.365  -89.056  22.474 0.0000000000
8916  -39.317  -88.988  22.617 0.0000000000
8917  -40.088  -88.805  22.781 0.0000000000
8934  -33.976  -88.128  21.047 0.0000000000
8935  -34.708  -88.838  21.384 0.0000000000
8936  -35.490  -89.173  21.760 0.0000000000
8946  -27.855  -88.693  19.832 0.0000000000
8947  -28.514  -88.525  20.237 0.0000000000
8948  -29.502  -88.773  20.511 0.0000000000
8949  -30.446  -88.920  20.285 0.0000000000
8950  -31.083  -89.104  20.012 0.0000000000
8951  -32.754  -88.003  19.993 0.0000000000
8952  -33.340  -88.483  20.322 0.0000000000
8953  -34.119  -89.012  20.778 0.0000000000
8957  -27.693  -88.320  19.354 0.0000000000
8958  -28.079  -88.070  19.694 0.0000000000
8959  -30.890  -88.550  19.936 0.0000000000
8960  -31.534  -88.704  19.725 0.0000000000
8961  -32.495  -88.671  19.773 0.0000000000
8962  -33.160  -89.437  19.990 0.0000000000
8971  -27.503  -88.307  18.696 0.0000000000
8977  -27.399  -88.361  17.835 0.0000000000
8985  -27.486  -88.482  16.933 0.0000000000
8986  -37.473  -88.511  16.361 0.0000000000
9004  -37.197  -88.740  16.077 0.0000000000
9005  -37.527  -89.028  16.189 0.0000000000
9019  -28.305  -88.575  14.164 0.0000000000
9022  -34.912  -89.140  14.638 0.0000000000
9023  -35.953  -89.032  14.907 0.0000000000
9024  -36.603  -89.053  15.419 0.0000000000
9045  -35.655  -89.296  13.286 0.0000000000
9046  -36.616  -89.398  13.459 0.0000000000
9047  -37.804  -89.327  13.600 0.0000000000
9070  -34.219  -88.774  12.783 0.0000000000
9071  -35.127  -88.635  12.911 0.0000000000
9072  -36.185  -88.534  13.067 0.0000000000
9073  -37.406  -88.481  13.082 0.0000000000
9074  -38.624  -88.584  12.813 0.0000000000
9086  -28.997  -88.736  11.726 0.0000000000
9096  -39.516  -88.340  9.903 0.0000000000
9110  -39.374  -88.458  9.514 0.0000000000
9128  -31.884  -88.403  8.480 0.0000000000
9129  -33.018  -88.530  8.458 0.0000000000
9130  -34.063  -88.799  8.489 0.0000000000
9131  -35.069  -88.970  8.470 0.0000000000
9132  -36.084  -88.950  8.227 0.0000000000
9133  -37.277  -89.018  7.947 0.0000000000
9134  -38.391  -88.965  8.227 0.0000000000
9149  -37.634  -89.538  7.646 0.0000000000
9918  -37.645  -87.500  23.307 0.0000000000
9919  -38.753  -87.530  23.428 0.0000000000
9938  -36.649  -87.582  22.908 0.0000000000
9939  -37.687  -88.319  22.893 0.0000000000
9953  -33.948  -87.456  21.182 0.0000000000
9954  -34.568  -87.492  21.647 0.0000000000
9955  -35.233  -88.381  21.888 0.0000000000
9965  -29.277  -88.016  20.189 0.0000000000
9966  -30.051  -88.166  20.138 0.0000000000
9967  -30.549  -88.331  20.018 0.0000000000
9968  -32.849  -87.243  20.159 0.0000000000
9969  -33.515  -87.401  20.747 0.0000000000
9975  -27.834  -87.453  19.136 0.0000000000
9976  -28.680  -87.498  19.734 0.0000000000
9977  -29.717  -87.409  19.847 0.0000000000
9978  -30.767  -87.756  19.728 0.0000000000
9979  -31.796  -87.647  19.572 0.0000000000
9980  -32.414  -87.613  19.783 0.0000000000
9991  -27.497  -87.494  18.236 0.0000000000
10003  -27.457  -87.543  17.310 0.0000000000
10016  -37.418  -87.976  16.533 0.0000000000
10035  -36.919  -87.854  16.314 0.0000000000
10058  -30.122  -87.111  14.153 0.0000000000
10059  -31.103  -87.137  14.187 0.0000000000
10061  -33.201  -87.892  14.537 0.0000000000
10062  -34.283  -88.116  14.566 0.0000000000
10063  -35.468  -88.108  14.715 0.0000000000
10064  -36.439  -88.056  15.456 0.0000000000
10078  -28.813  -87.855  13.941 0.0000000000
10101  -33.652  -88.021  12.525 0.0000000000
10102  -34.507  -87.750  12.432 0.0000000000
10103  -35.596  -87.785  12.594 0.0000000000
10104  -36.762  -87.683  12.603 0.0000000000
10105  -38.091  -87.728  12.146 0.0000000000
10106  -38.841  -88.327  12.150 0.0000000000
10115  -28.695  -88.119  11.219 0.0000000000
10116  -29.182  -87.723  11.770 0.0000000000
10117  -32.848  -87.102  12.038 0.0000000000
10118  -33.377  -87.345  12.135 0.0000000000
10119  -33.907  -87.518  12.233 0.0000000000
10120  -38.440  -87.541  10.961 0.0000000000
10130  -28.858  -87.497  11.141 0.0000000000
10131  -38.355  -87.565  10.064 0.0000000000
10132  -39.272  -88.098  10.252 0.0000000000
10148  -33.214  -86.818  9.336 0.0000000000
10149  -33.553  -87.102  9.138 0.0000000000
10151  -35.349  -87.386  9.208 0.0000000000
10152  -36.348  -87.457  9.190 0.0000000000
10153  -37.482  -87.484  9.427 0.0000000000
10154  -38.589  -87.983  9.427 0.0000000000
10174  -32.581  -87.204  8.863 0.0000000000
10175  -33.719  -87.785  8.733 0.0000000000
10176  -34.713  -88.024  8.733 0.0000000000
10177  -35.715  -88.122  8.692 0.0000000000
10178  -36.802  -88.094  8.557 0.0000000000
10179  -37.921  -88.225  8.644 0.0000000000
10180  -38.763  -88.492  8.885 0.0000000000
11054  -32.665  -86.368  20.139 0.0000000000
11062  -27.938  -86.921  18.995 0.0000000000
11063  -28.314  -86.675  19.153 0.0000000000
11064  -29.238  -86.603  19.472 0.0000000000
11065  -30.231  -86.661  19.471 0.0000000000
11066  -31.199  -86.639  19.380 0.0000000000
11067  -32.170  -86.484  19.644 0.0000000000
11080  -27.781  -86.705  18.599 0.0000000000
11081  -28.189  -86.024  18.636 0.0000000000
11097  -27.535  -86.706  17.722 0.0000000000
11098  -37.006  -86.440  17.792 0.0000000000
11099  -37.196  -86.269  17.985 0.0000000000
11110  -27.596  -86.647  16.791 0.0000000000
11111  -36.890  -87.021  16.990 0.0000000000
11120  -36.293  -86.571  15.700 0.0000000000
11121  -36.633  -87.226  16.120 0.0000000000
11139  -31.627  -86.699  14.543 0.0000000000
11141  -33.787  -86.994  14.442 0.0000000000
11142  -34.998  -87.024  14.484 0.0000000000
11143  -35.959  -87.123  15.005 0.0000000000
11144  -36.353  -87.239  15.539 0.0000000000
11174  -29.873  -87.129  12.385 0.0000000000
11175  -30.172  -86.889  12.408 0.0000000000
11176  -30.936  -86.616  12.390 0.0000000000
11178  -34.556  -87.234  12.194 0.0000000000
11179  -35.022  -87.131  12.217 0.0000000000
11180  -36.036  -87.038  12.144 0.0000000000
11181  -37.044  -87.013  12.023 0.0000000000
11194  -29.673  -87.003  12.015 0.0000000000
11195  -30.243  -86.383  11.631 0.0000000000
11196  -31.289  -86.237  11.647 0.0000000000
11197  -32.308  -86.586  11.776 0.0000000000
11198  -33.140  -86.747  11.552 0.0000000000
11199  -34.203  -86.903  11.828 0.0000000000
11200  -35.326  -86.617  11.520 0.0000000000
11201  -36.434  -86.638  11.337 0.0000000000
11202  -37.465  -87.030  11.214 0.0000000000
11212  -28.796  -87.043  10.579 0.0000000000
11213  -29.156  -86.816  10.946 0.0000000000
11214  -30.110  -86.102  10.570 0.0000000000
11216  -32.594  -86.228  10.807 0.0000000000
11217  -33.560  -86.388  10.743 0.0000000000
11218  -34.609  -86.439  10.670 0.0000000000
11219  -35.705  -86.490  10.522 0.0000000000
11220  -36.798  -86.703  10.345 0.0000000000
11221  -37.650  -87.169  10.318 0.0000000000
11237  -30.722  -86.101  9.737 0.0000000000
11238  -31.801  -86.032  9.962 0.0000000000
11240  -33.885  -86.638  9.735 0.0000000000
11241  -34.991  -86.709  9.754 0.0000000000
11242  -36.006  -86.824  9.701 0.0000000000
11243  -36.780  -87.009  9.673 0.0000000000
11244  -37.211  -86.990  9.905 0.0000000000
11264  -31.488  -86.597  9.171 0.0000000000
11265  -32.182  -86.538  9.398 0.0000000000
12186  -32.565  -85.406  20.105 0.0000000000
12201  -28.841  -85.826  18.991 0.0000000000
12204  -31.429  -85.414  19.257 0.0000000000
12205  -32.075  -85.498  19.564 0.0000000000
12221  -37.141  -85.416  18.486 0.0000000000
12222  -42.839  -85.468  18.344 0.0000000000
12223  -43.118  -85.859  18.324 0.0000000000
12256  -36.184  -85.475  16.926 0.0000000000
12257  -36.467  -85.813  17.380 0.0000000000
12274  -36.191  -85.680  16.302 0.0000000000
12275  -36.516  -86.480  16.551 0.0000000000
12289  -33.302  -85.884  14.354 0.0000000000
12290  -34.494  -85.898  14.352 0.0000000000
12291  -35.598  -85.854  15.030 0.0000000000
12334  -30.798  -85.947  11.062 0.0000000000
12335  -31.258  -85.940  11.131 0.0000000000
12346  -30.873  -85.861  10.428 0.0000000000
12347  -31.207  -85.852  10.796 0.0000000000
12357  -31.191  -85.874  10.095 0.0000000000
13349  -32.470  -84.283  19.999 0.0000000000
13365  -31.510  -84.612  19.099 0.0000000000
13366  -32.018  -84.667  19.466 0.0000000000
13391  -43.022  -85.411  18.740 0.0000000000
13405  -36.054  -84.325  17.415 0.0000000000
13420  -35.961  -84.890  16.940 0.0000000000
13421  -36.251  -85.202  17.509 0.0000000000
13437  -35.683  -84.914  15.680 0.0000000000
13450  -32.820  -84.831  14.327 0.0000000000
13451  -33.979  -84.799  14.224 0.0000000000
13452  -34.976  -84.898  14.612 0.0000000000
13453  -35.428  -84.989  15.052 0.0000000000
14585  -31.672  -83.941  18.955 0.0000000000
14586  -32.263  -83.505  19.485 0.0000000000
14605  -31.389  -83.296  18.236 0.0000000000
14606  -31.932  -83.147  18.787 0.0000000000
14629  -36.175  -83.813  17.673 0.0000000000
14650  -35.823  -83.726  16.875 0.0000000000
14670  -35.011  -83.249  15.339 0.0000000000
14671  -35.466  -83.784  15.767 0.0000000000
14686  -33.432  -83.822  14.408 0.0000000000
14687  -34.626  -83.676  14.811 0.0000000000
14688  -35.306  -84.408  15.111 0.0000000000
15855  -32.361  -82.453  19.058 0.0000000000
15877  -31.637  -82.842  18.033 0.0000000000
15878  -32.001  -82.549  18.167 0.0000000000
15891  -31.609  -82.774  17.679 0.0000000000
15892  -32.134  -82.309  17.348 0.0000000000
15893  -35.911  -82.874  17.223 0.0000000000
15902  -31.597  -82.688  16.905 0.0000000000
15903  -32.402  -82.232  16.496 0.0000000000
15904  -33.036  -82.087  15.921 0.0000000000
15905  -34.884  -82.262  15.938 0.0000000000
15906  -35.353  -82.723  16.202 0.0000000000
15917  -31.685  -82.744  16.157 0.0000000000
15918  -32.377  -82.652  15.558 0.0000000000
15919  -33.489  -82.418  15.349 0.0000000000
15920  -34.561  -82.665  15.405 0.0000000000
15921  -35.166  -83.047  15.618 0.0000000000
15933  -32.914  -83.100  14.837 0.0000000000
15934  -33.918  -83.010  14.803 0.0000000000
15935  -34.370  -83.068  14.954 0.0000000000
17044  -32.685  -81.942  19.535 0.0000000000
17067  -32.688  -81.745  19.056 0.0000000000
17086  -32.582  -81.798  18.431 0.0000000000
17087  -33.154  -81.307  18.797 0.0000000000
17102  -32.494  -81.887  17.755 0.0000000000
17103  -33.320  -81.321  17.756 0.0000000000
17104  -34.319  -81.281  17.088 0.0000000000
17105  -35.394  -81.767  16.961 0.0000000000
17117  -32.708  -81.802  17.155 0.0000000000
17118  -33.384  -81.659  16.570 0.0000000000
17119  -34.436  -81.834  16.125 0.0000000000
17120  -35.045  -82.082  16.257 0.0000000000
17133  -33.669  -81.910  15.848 0.0000000000
17134  -34.047  -82.100  15.602 0.0000000000
