#!ascii label  , from subject sub-CSI1 vox2ras=TkReg
707
28749  -26.663  -71.327  5.415 0.0000000000
28760  -26.274  -71.655  4.660 0.0000000000
28761  -27.178  -71.392  4.663 0.0000000000
28762  -28.084  -71.270  4.349 0.0000000000
28763  -28.834  -71.169  4.238 0.0000000000
28779  -26.510  -71.575  3.607 0.0000000000
28780  -27.467  -71.424  3.527 0.0000000000
28781  -28.418  -71.327  3.543 0.0000000000
28782  -29.259  -71.141  3.624 0.0000000000
28799  -26.772  -71.165  2.383 0.0000000000
28800  -27.955  -71.149  2.697 0.0000000000
28801  -28.933  -71.245  2.854 0.0000000000
28802  -29.498  -71.029  3.076 0.0000000000
30040  -26.632  -70.413  6.408 0.0000000000
30057  -26.511  -71.018  6.073 0.0000000000
30058  -27.347  -70.714  5.817 0.0000000000
30059  -28.289  -70.389  5.516 0.0000000000
30060  -28.979  -70.229  5.238 0.0000000000
30073  -27.947  -71.032  5.121 0.0000000000
30074  -28.655  -70.859  4.903 0.0000000000
30075  -29.555  -70.576  4.545 0.0000000000
30076  -30.490  -70.283  4.223 0.0000000000
30077  -31.065  -69.955  4.068 0.0000000000
30095  -30.057  -70.705  3.438 0.0000000000
30096  -30.872  -70.255  3.493 0.0000000000
30097  -31.323  -69.788  3.516 0.0000000000
30114  -27.645  -70.706  1.866 0.0000000000
30115  -28.628  -70.809  2.102 0.0000000000
30116  -29.621  -70.698  2.462 0.0000000000
30117  -30.721  -70.207  2.546 0.0000000000
30118  -31.172  -70.050  3.035 0.0000000000
30137  -28.354  -70.288  1.380 0.0000000000
30138  -29.283  -70.346  1.600 0.0000000000
30139  -30.113  -70.187  1.833 0.0000000000
31321  -25.232  -69.727  6.774 0.0000000000
31322  -26.266  -69.718  6.725 0.0000000000
31323  -27.151  -69.737  6.417 0.0000000000
31335  -27.933  -69.717  6.018 0.0000000000
31336  -28.696  -69.585  5.664 0.0000000000
31337  -29.582  -69.608  5.339 0.0000000000
31338  -30.409  -69.267  5.122 0.0000000000
31339  -31.090  -69.095  4.920 0.0000000000
31354  -30.221  -69.962  4.844 0.0000000000
31355  -30.821  -69.692  4.601 0.0000000000
31356  -31.468  -69.351  4.264 0.0000000000
31373  -31.700  -69.306  3.491 0.0000000000
31384  -31.045  -69.803  2.229 0.0000000000
31385  -31.424  -69.565  2.608 0.0000000000
31396  -28.196  -69.739  0.801 0.0000000000
31397  -28.993  -69.777  0.997 0.0000000000
31398  -29.860  -69.757  1.262 0.0000000000
31399  -30.866  -69.480  1.614 0.0000000000
31400  -31.529  -69.174  1.939 0.0000000000
31412  -28.658  -69.143  0.427 0.0000000000
31413  -29.596  -69.210  0.719 0.0000000000
31414  -30.214  -69.305  1.043 0.0000000000
32477  -24.633  -68.663  6.343 0.0000000000
32478  -25.791  -68.741  6.525 0.0000000000
32479  -26.783  -68.841  6.456 0.0000000000
32480  -27.587  -68.928  6.228 0.0000000000
32500  -24.543  -67.697  5.704 0.0000000000
32501  -28.251  -68.827  5.949 0.0000000000
32502  -29.023  -68.676  5.718 0.0000000000
32503  -29.907  -68.624  5.538 0.0000000000
32504  -30.806  -68.547  5.424 0.0000000000
32505  -31.804  -68.411  4.989 0.0000000000
32506  -32.410  -67.645  4.919 0.0000000000
32526  -32.098  -68.777  3.938 0.0000000000
32527  -32.500  -68.015  4.251 0.0000000000
32544  -32.027  -68.876  3.031 0.0000000000
32545  -32.454  -68.194  3.351 0.0000000000
32556  -31.855  -68.833  2.262 0.0000000000
32557  -32.241  -68.298  2.538 0.0000000000
32568  -31.015  -68.779  1.200 0.0000000000
32569  -31.552  -68.480  1.534 0.0000000000
32570  -32.008  -68.383  2.050 0.0000000000
32578  -28.256  -68.327  -0.122 0.0000000000
32579  -29.296  -68.386  0.239 0.0000000000
32580  -30.444  -68.637  0.756 0.0000000000
32581  -31.079  -68.420  1.009 0.0000000000
33653  -25.398  -67.748  6.032 0.0000000000
33654  -26.424  -67.931  6.137 0.0000000000
33655  -27.347  -68.147  6.100 0.0000000000
33656  -27.858  -68.397  5.987 0.0000000000
33657  -31.558  -67.001  6.137 0.0000000000
33658  -31.976  -66.892  6.017 0.0000000000
33678  -24.150  -67.317  5.015 0.0000000000
33679  -25.037  -66.822  5.197 0.0000000000
33680  -26.109  -67.082  5.579 0.0000000000
33681  -27.104  -67.245  5.714 0.0000000000
33682  -28.202  -67.722  5.699 0.0000000000
33683  -29.326  -67.733  5.658 0.0000000000
33684  -30.288  -67.820  5.814 0.0000000000
33685  -31.246  -67.784  5.827 0.0000000000
33686  -32.085  -67.301  5.620 0.0000000000
33687  -32.577  -67.015  5.061 0.0000000000
33703  -24.408  -66.766  4.619 0.0000000000
33704  -32.754  -67.210  4.418 0.0000000000
33720  -32.791  -67.389  3.604 0.0000000000
33735  -32.589  -67.503  2.680 0.0000000000
33747  -31.786  -67.468  1.402 0.0000000000
33748  -32.177  -67.820  1.956 0.0000000000
33756  -28.314  -67.815  -0.345 0.0000000000
33757  -28.831  -67.482  -0.344 0.0000000000
33758  -30.013  -67.501  0.163 0.0000000000
33759  -31.127  -67.692  0.750 0.0000000000
33768  -28.456  -66.943  -0.672 0.0000000000
34814  -32.067  -66.371  6.304 0.0000000000
34815  -32.499  -65.913  6.014 0.0000000000
34836  -25.387  -66.294  4.661 0.0000000000
34837  -25.950  -66.395  4.992 0.0000000000
34838  -26.775  -66.457  5.270 0.0000000000
34839  -27.747  -66.303  5.289 0.0000000000
34840  -28.815  -66.665  5.584 0.0000000000
34841  -29.766  -66.933  5.978 0.0000000000
34842  -30.718  -67.082  6.223 0.0000000000
34843  -32.163  -66.765  5.891 0.0000000000
34844  -32.541  -66.411  5.558 0.0000000000
34861  -26.612  -65.892  4.779 0.0000000000
34862  -27.159  -66.026  4.989 0.0000000000
34863  -33.006  -66.382  4.664 0.0000000000
34864  -33.302  -65.958  4.353 0.0000000000
34881  -33.107  -66.691  3.898 0.0000000000
34882  -33.291  -66.210  4.098 0.0000000000
34898  -33.071  -66.563  2.976 0.0000000000
34899  -33.304  -66.182  3.608 0.0000000000
34914  -31.599  -66.734  0.995 0.0000000000
34915  -32.415  -66.610  1.791 0.0000000000
34924  -28.866  -66.745  -0.576 0.0000000000
34925  -29.535  -66.473  -0.384 0.0000000000
34926  -30.790  -66.349  0.227 0.0000000000
35956  -31.432  -65.033  7.240 0.0000000000
35977  -29.827  -65.312  6.744 0.0000000000
35978  -30.766  -65.507  7.092 0.0000000000
35979  -31.696  -65.676  6.921 0.0000000000
36006  -28.465  -65.424  5.368 0.0000000000
36007  -29.337  -65.905  6.052 0.0000000000
36008  -32.884  -65.420  5.606 0.0000000000
36009  -33.193  -64.917  5.145 0.0000000000
36028  -26.488  -65.145  4.384 0.0000000000
36029  -27.436  -65.389  4.783 0.0000000000
36030  -28.026  -65.245  4.946 0.0000000000
36031  -32.978  -65.945  5.151 0.0000000000
36032  -33.246  -65.451  4.659 0.0000000000
36052  -33.387  -65.713  3.927 0.0000000000
36072  -32.933  -65.636  2.387 0.0000000000
36073  -33.308  -65.640  3.196 0.0000000000
36090  -31.804  -65.567  0.872 0.0000000000
36091  -32.471  -65.397  1.663 0.0000000000
37172  -28.576  -64.375  5.470 0.0000000000
37173  -29.087  -64.701  6.193 0.0000000000
37191  -26.343  -64.469  3.934 0.0000000000
37192  -27.204  -64.315  4.258 0.0000000000
37193  -28.067  -64.543  4.836 0.0000000000
37194  -33.411  -64.400  4.659 0.0000000000
37217  -33.386  -64.765  3.661 0.0000000000
37237  -32.835  -64.652  2.055 0.0000000000
37238  -33.188  -64.905  2.773 0.0000000000
37253  -31.559  -64.346  0.637 0.0000000000
37254  -32.228  -64.517  1.303 0.0000000000
38277  -28.395  -63.503  5.214 0.0000000000
38278  -28.813  -63.644  5.934 0.0000000000
38294  -27.798  -63.403  4.583 0.0000000000
38295  -33.535  -63.420  4.971 0.0000000000
38313  -33.501  -63.394  3.840 0.0000000000
38326  -32.641  -63.638  1.696 0.0000000000
38327  -33.260  -63.806  2.659 0.0000000000
38338  -31.380  -63.463  0.436 0.0000000000
38339  -31.920  -63.537  1.036 0.0000000000
39329  -28.654  -62.569  5.796 0.0000000000
39343  -27.518  -62.323  4.403 0.0000000000
39344  -28.206  -62.413  4.997 0.0000000000
39361  -26.204  -62.285  3.289 0.0000000000
39362  -26.907  -62.306  3.788 0.0000000000
39363  -33.560  -62.303  3.659 0.0000000000
39377  -32.878  -62.668  2.103 0.0000000000
39378  -33.351  -62.565  2.939 0.0000000000
39387  -31.656  -62.686  0.726 0.0000000000
39388  -32.257  -62.657  1.355 0.0000000000
39397  -30.974  -62.875  0.144 0.0000000000
39398  -31.279  -62.785  0.206 0.0000000000
40365  -28.492  -61.341  5.566 0.0000000000
40381  -26.591  -60.786  3.736 0.0000000000
40382  -27.094  -61.199  4.222 0.0000000000
40383  -27.861  -61.292  4.860 0.0000000000
40398  -26.082  -61.116  3.250 0.0000000000
40399  -26.586  -61.542  3.640 0.0000000000
40412  -33.075  -61.782  2.404 0.0000000000
40413  -33.458  -61.429  3.149 0.0000000000
40421  -31.931  -61.908  1.014 0.0000000000
40422  -32.501  -61.567  1.668 0.0000000000
40433  -31.268  -62.468  0.055 0.0000000000
40434  -31.592  -61.943  0.348 0.0000000000
40446  -31.182  -62.193  0.051 0.0000000000
41356  -28.038  -59.900  9.619 0.0000000000
41373  -27.940  -59.960  8.517 0.0000000000
41415  -28.205  -60.393  5.225 0.0000000000
41416  -28.729  -60.029  5.790 0.0000000000
41429  -26.349  -60.066  3.504 0.0000000000
41430  -26.887  -60.059  4.098 0.0000000000
41431  -27.609  -60.045  4.700 0.0000000000
41456  -32.881  -60.697  2.358 0.0000000000
41465  -31.945  -60.828  1.098 0.0000000000
41466  -32.364  -60.523  1.677 0.0000000000
41478  -31.913  -60.677  0.386 0.0000000000
42385  -25.703  -58.898  12.460 0.0000000000
42386  -26.117  -58.653  12.379 0.0000000000
42401  -25.596  -59.612  12.215 0.0000000000
42402  -26.463  -59.192  12.110 0.0000000000
42416  -27.945  -58.878  10.463 0.0000000000
42430  -27.917  -59.477  10.283 0.0000000000
42474  -29.071  -59.114  6.227 0.0000000000
42486  -28.224  -59.286  5.247 0.0000000000
42487  -28.695  -58.972  5.736 0.0000000000
42498  -26.616  -59.218  3.924 0.0000000000
42499  -27.234  -59.188  4.411 0.0000000000
42523  -31.960  -58.925  1.792 0.0000000000
42524  -32.325  -59.572  1.970 0.0000000000
42536  -31.987  -59.375  1.207 0.0000000000
42537  -32.184  -60.042  1.429 0.0000000000
42550  -32.377  -59.563  0.517 0.0000000000
42551  -33.116  -59.706  0.027 0.0000000000
42552  -33.605  -59.310  -0.173 0.0000000000
42564  -33.337  -60.227  -0.355 0.0000000000
43525  -25.862  -58.199  12.479 0.0000000000
43538  -26.945  -58.347  11.768 0.0000000000
43546  -27.554  -58.402  11.050 0.0000000000
43596  -26.439  -58.495  5.482 0.0000000000
43597  -27.178  -58.356  5.931 0.0000000000
43598  -27.811  -57.866  6.427 0.0000000000
43608  -25.652  -58.419  4.660 0.0000000000
43609  -25.973  -58.264  5.120 0.0000000000
43610  -26.630  -58.219  5.293 0.0000000000
43626  -26.898  -58.594  4.425 0.0000000000
43627  -27.505  -58.504  4.778 0.0000000000
43643  -26.270  -58.560  3.968 0.0000000000
43654  -31.952  -58.203  1.717 0.0000000000
43655  -32.145  -58.559  2.177 0.0000000000
43656  -32.643  -58.915  2.466 0.0000000000
43670  -31.956  -58.288  1.223 0.0000000000
43682  -32.229  -58.549  0.871 0.0000000000
43683  -32.886  -58.687  0.451 0.0000000000
43684  -33.528  -58.854  0.081 0.0000000000
43695  -33.896  -59.001  -0.187 0.0000000000
43696  -34.247  -59.164  -0.274 0.0000000000
44756  -27.133  -57.661  11.413 0.0000000000
44767  -26.840  -57.076  11.299 0.0000000000
44787  -28.314  -56.733  9.507 0.0000000000
44804  -28.627  -56.805  8.666 0.0000000000
44816  -28.685  -56.962  7.647 0.0000000000
44832  -27.600  -57.772  6.031 0.0000000000
44833  -28.377  -57.425  6.470 0.0000000000
44849  -25.934  -58.148  4.726 0.0000000000
44850  -26.324  -58.125  4.875 0.0000000000
44851  -27.307  -58.101  5.386 0.0000000000
44852  -28.163  -57.830  5.448 0.0000000000
44868  -26.517  -58.255  4.572 0.0000000000
44869  -27.372  -58.163  4.899 0.0000000000
44870  -27.787  -58.102  4.983 0.0000000000
44885  -26.007  -58.232  4.114 0.0000000000
44899  -31.813  -57.261  1.930 0.0000000000
44928  -32.109  -57.963  1.052 0.0000000000
44943  -33.850  -58.542  0.004 0.0000000000
44944  -34.261  -58.494  -0.025 0.0000000000
45995  -26.414  -56.827  11.401 0.0000000000
46029  -27.952  -55.950  9.804 0.0000000000
46030  -28.561  -55.941  9.130 0.0000000000
46045  -28.914  -56.041  8.355 0.0000000000
46058  -28.975  -56.500  7.377 0.0000000000
46130  -31.741  -56.537  1.805 0.0000000000
47152  -26.581  -55.693  10.429 0.0000000000
47171  -25.971  -55.024  10.129 0.0000000000
47172  -27.207  -55.157  10.184 0.0000000000
47173  -28.297  -55.088  9.642 0.0000000000
47189  -28.877  -55.429  8.988 0.0000000000
47190  -29.073  -55.504  8.727 0.0000000000
47260  -31.384  -55.640  2.164 0.0000000000
48174  -23.184  -54.620  12.487 0.0000000000
48175  -24.030  -54.715  12.054 0.0000000000
48189  -19.606  -54.357  12.512 0.0000000000
48211  -19.158  -54.258  10.165 0.0000000000
48214  -26.695  -53.696  10.131 0.0000000000
48215  -26.976  -53.755  10.208 0.0000000000
48236  -19.437  -54.052  9.106 0.0000000000
48238  -24.388  -54.567  9.088 0.0000000000
48239  -25.075  -54.389  9.243 0.0000000000
48240  -26.329  -54.000  10.065 0.0000000000
48241  -27.581  -54.231  10.088 0.0000000000
48263  -24.281  -54.236  8.122 0.0000000000
48264  -24.752  -53.756  8.505 0.0000000000
48279  -24.005  -53.666  7.635 0.0000000000
48331  -30.269  -54.152  3.030 0.0000000000
48346  -30.379  -54.054  2.764 0.0000000000
48347  -31.039  -54.530  2.629 0.0000000000
49210  -32.041  -52.882  13.417 0.0000000000
49211  -32.587  -52.789  13.172 0.0000000000
49222  -20.101  -53.347  12.735 0.0000000000
49225  -24.063  -53.694  12.056 0.0000000000
49227  -29.661  -53.357  12.440 0.0000000000
49228  -30.385  -53.713  12.710 0.0000000000
49229  -31.447  -53.746  13.089 0.0000000000
49230  -32.632  -53.459  12.902 0.0000000000
49247  -19.286  -53.690  12.072 0.0000000000
49248  -24.216  -54.281  11.607 0.0000000000
49249  -24.293  -53.900  10.754 0.0000000000
49251  -29.152  -53.603  11.637 0.0000000000
49252  -29.727  -54.000  12.157 0.0000000000
49272  -19.549  -53.158  9.815 0.0000000000
49274  -23.845  -53.879  9.434 0.0000000000
49275  -26.775  -53.298  10.138 0.0000000000
49276  -27.558  -53.488  10.334 0.0000000000
49294  -19.789  -52.990  8.770 0.0000000000
49295  -23.544  -53.925  8.623 0.0000000000
49296  -23.685  -53.203  8.947 0.0000000000
49297  -25.434  -53.489  9.133 0.0000000000
49298  -26.122  -53.035  9.652 0.0000000000
49299  -28.092  -53.864  10.174 0.0000000000
49312  -24.440  -53.436  7.853 0.0000000000
49313  -25.027  -53.036  8.338 0.0000000000
49320  -23.708  -53.249  7.626 0.0000000000
49321  -24.071  -52.943  7.486 0.0000000000
49369  -28.989  -52.886  4.118 0.0000000000
49386  -29.153  -52.922  3.893 0.0000000000
49387  -29.994  -53.316  3.489 0.0000000000
49399  -29.593  -52.957  3.532 0.0000000000
49400  -30.029  -53.498  2.990 0.0000000000
50266  -30.656  -51.936  13.424 0.0000000000
50267  -31.621  -52.028  13.541 0.0000000000
50268  -32.689  -52.083  13.252 0.0000000000
50269  -33.278  -51.620  12.958 0.0000000000
50290  -29.210  -52.602  12.414 0.0000000000
50291  -30.073  -52.711  12.982 0.0000000000
50292  -31.012  -52.873  13.323 0.0000000000
50293  -32.924  -52.687  13.000 0.0000000000
50294  -33.584  -52.351  12.455 0.0000000000
50295  -34.240  -51.900  11.801 0.0000000000
50317  -33.757  -53.126  11.860 0.0000000000
50318  -34.288  -52.651  11.269 0.0000000000
50333  -26.464  -52.379  10.130 0.0000000000
50334  -27.204  -52.710  10.522 0.0000000000
50336  -34.428  -52.903  9.870 0.0000000000
50349  -25.530  -52.511  9.090 0.0000000000
50350  -25.993  -52.446  9.644 0.0000000000
50362  -24.525  -52.461  7.815 0.0000000000
50363  -25.059  -52.240  8.377 0.0000000000
50381  -24.089  -52.185  7.472 0.0000000000
50407  -28.467  -52.132  4.345 0.0000000000
50408  -28.899  -52.135  4.486 0.0000000000
50421  -28.084  -52.137  4.151 0.0000000000
50422  -28.415  -52.393  4.141 0.0000000000
50423  -29.261  -52.677  4.323 0.0000000000
50435  -28.188  -52.239  3.985 0.0000000000
50436  -28.883  -52.503  3.769 0.0000000000
50444  -29.687  -52.738  3.290 0.0000000000
51337  -30.485  -51.128  13.360 0.0000000000
51338  -31.195  -51.159  13.575 0.0000000000
51339  -32.117  -51.156  13.566 0.0000000000
51340  -32.975  -51.051  13.264 0.0000000000
51355  -24.369  -51.337  12.337 0.0000000000
51356  -25.020  -50.644  12.363 0.0000000000
51357  -28.364  -51.463  12.125 0.0000000000
51360  -33.679  -50.940  12.713 0.0000000000
51370  -19.646  -50.885  10.766 0.0000000000
51372  -24.845  -51.357  11.264 0.0000000000
51373  -25.063  -50.986  12.009 0.0000000000
51374  -26.834  -50.987  11.015 0.0000000000
51376  -28.029  -51.838  11.610 0.0000000000
51377  -34.531  -51.362  11.267 0.0000000000
51389  -26.396  -51.389  10.355 0.0000000000
51390  -26.948  -51.876  10.792 0.0000000000
51391  -34.521  -51.657  10.300 0.0000000000
51401  -20.088  -51.183  8.749 0.0000000000
51402  -19.664  -50.983  8.357 0.0000000000
51405  -25.296  -51.416  8.867 0.0000000000
51406  -25.896  -51.811  9.675 0.0000000000
51407  -34.362  -51.753  9.278 0.0000000000
51424  -19.191  -50.970  8.236 0.0000000000
51426  -24.297  -51.515  7.671 0.0000000000
51427  -24.758  -51.665  8.130 0.0000000000
51428  -33.604  -51.167  7.712 0.0000000000
51429  -34.058  -51.612  8.311 0.0000000000
51447  -23.555  -51.650  7.710 0.0000000000
51448  -23.853  -51.525  7.493 0.0000000000
51469  -28.113  -51.471  4.233 0.0000000000
51470  -28.398  -51.686  4.520 0.0000000000
51485  -28.082  -51.950  4.214 0.0000000000
52443  -30.768  -50.390  13.466 0.0000000000
52444  -31.589  -50.294  13.604 0.0000000000
52445  -32.492  -50.255  13.525 0.0000000000
52446  -33.296  -50.173  13.188 0.0000000000
52455  -23.584  -50.497  12.880 0.0000000000
52456  -24.603  -50.324  12.793 0.0000000000
52457  -25.188  -50.042  12.595 0.0000000000
52458  -28.549  -50.700  12.375 0.0000000000
52459  -29.308  -50.646  12.814 0.0000000000
52461  -33.833  -49.986  12.749 0.0000000000
52462  -34.264  -50.153  12.255 0.0000000000
52472  -19.565  -50.440  11.731 0.0000000000
52473  -25.000  -50.556  11.013 0.0000000000
52474  -25.276  -50.206  11.738 0.0000000000
52475  -26.824  -50.130  11.035 0.0000000000
52476  -27.398  -50.466  11.446 0.0000000000
52477  -27.943  -50.954  11.860 0.0000000000
52491  -24.508  -50.494  10.245 0.0000000000
52492  -24.931  -50.013  10.833 0.0000000000
52493  -26.458  -50.565  10.557 0.0000000000
52510  -19.632  -50.449  9.148 0.0000000000
52511  -19.716  -50.717  8.604 0.0000000000
52514  -25.235  -50.357  9.043 0.0000000000
52515  -25.825  -50.685  9.857 0.0000000000
52533  -19.266  -50.495  8.420 0.0000000000
52537  -32.995  -50.031  7.857 0.0000000000
52538  -33.608  -50.495  8.337 0.0000000000
52539  -34.139  -50.974  8.898 0.0000000000
52548  -23.248  -50.946  7.815 0.0000000000
52551  -32.394  -50.277  7.222 0.0000000000
52552  -33.221  -50.626  7.555 0.0000000000
52555  -28.308  -50.139  5.301 0.0000000000
52556  -28.878  -50.258  5.708 0.0000000000
52567  -28.156  -50.554  4.739 0.0000000000
52568  -28.537  -50.923  5.262 0.0000000000
52569  -29.253  -50.866  5.582 0.0000000000
53638  -25.129  -48.661  13.240 0.0000000000
53639  -25.480  -48.484  13.037 0.0000000000
53640  -31.001  -49.397  13.469 0.0000000000
53641  -31.964  -49.409  13.573 0.0000000000
53642  -32.853  -49.385  13.465 0.0000000000
53643  -33.574  -49.312  13.026 0.0000000000
53651  -22.906  -49.543  13.016 0.0000000000
53652  -24.006  -49.602  13.146 0.0000000000
53654  -25.499  -49.142  12.572 0.0000000000
53655  -28.872  -49.721  12.614 0.0000000000
53656  -29.672  -49.742  13.039 0.0000000000
53657  -30.328  -49.809  13.321 0.0000000000
53658  -34.215  -49.291  12.546 0.0000000000
53659  -34.719  -49.278  11.955 0.0000000000
53672  -25.445  -49.171  11.685 0.0000000000
53673  -26.817  -49.615  11.000 0.0000000000
53674  -27.284  -49.505  11.348 0.0000000000
53675  -28.043  -49.831  11.982 0.0000000000
53692  -24.501  -49.399  10.237 0.0000000000
53693  -25.131  -49.313  10.972 0.0000000000
53694  -26.387  -49.651  10.488 0.0000000000
53695  -26.835  -49.205  10.981 0.0000000000
53712  -24.921  -49.500  8.728 0.0000000000
53713  -25.618  -49.568  9.596 0.0000000000
53725  -22.985  -49.984  8.021 0.0000000000
53726  -23.432  -49.890  7.829 0.0000000000
53736  -23.100  -50.404  7.883 0.0000000000
53737  -23.278  -50.510  7.744 0.0000000000
53738  -30.878  -49.111  7.214 0.0000000000
53739  -31.389  -49.360  7.337 0.0000000000
53740  -32.462  -49.249  7.909 0.0000000000
53743  -28.441  -49.614  5.690 0.0000000000
53744  -29.134  -49.511  6.228 0.0000000000
54761  -24.731  -47.941  13.618 0.0000000000
54762  -25.379  -47.911  13.358 0.0000000000
54764  -31.473  -48.552  13.452 0.0000000000
54765  -32.322  -48.588  13.481 0.0000000000
54766  -33.168  -48.526  13.342 0.0000000000
54774  -23.412  -48.669  13.243 0.0000000000
54775  -24.386  -48.758  13.322 0.0000000000
54776  -25.706  -48.099  12.723 0.0000000000
54778  -29.358  -48.767  12.786 0.0000000000
54780  -33.919  -48.441  12.830 0.0000000000
54793  -25.357  -47.829  11.237 0.0000000000
54794  -25.640  -48.409  11.910 0.0000000000
54796  -27.138  -48.478  11.210 0.0000000000
54812  -24.623  -48.265  10.425 0.0000000000
54813  -25.315  -48.620  11.209 0.0000000000
54815  -26.583  -48.804  10.707 0.0000000000
54831  -24.554  -48.521  8.546 0.0000000000
54832  -25.302  -48.584  9.345 0.0000000000
54833  -34.309  -49.094  9.352 0.0000000000
54834  -34.920  -48.548  9.896 0.0000000000
54844  -23.426  -48.836  8.242 0.0000000000
54848  -33.851  -48.541  8.868 0.0000000000
54849  -34.402  -48.269  9.271 0.0000000000
54860  -28.398  -48.784  5.940 0.0000000000
54873  -27.947  -48.193  5.535 0.0000000000
55823  -24.171  -46.497  13.851 0.0000000000
55824  -24.501  -46.596  13.917 0.0000000000
55829  -23.233  -46.914  13.472 0.0000000000
55830  -23.979  -47.003  13.658 0.0000000000
55831  -25.077  -47.039  13.905 0.0000000000
55834  -31.811  -47.863  13.385 0.0000000000
55835  -32.580  -47.808  13.371 0.0000000000
55843  -22.946  -47.483  13.282 0.0000000000
55844  -23.914  -47.991  13.440 0.0000000000
55845  -25.728  -47.032  13.104 0.0000000000
55850  -33.369  -47.625  13.112 0.0000000000
55861  -25.351  -46.893  11.372 0.0000000000
55862  -25.848  -47.446  12.068 0.0000000000
55864  -26.966  -47.273  10.962 0.0000000000
55882  -24.767  -47.283  10.783 0.0000000000
55900  -24.849  -47.775  9.156 0.0000000000
55911  -23.305  -47.533  8.608 0.0000000000
55913  -23.865  -47.850  7.859 0.0000000000
55942  -27.910  -47.492  5.682 0.0000000000
56892  -24.286  -46.191  13.936 0.0000000000
56893  -24.744  -46.165  13.960 0.0000000000
56903  -22.507  -45.955  13.456 0.0000000000
56904  -23.087  -46.327  13.609 0.0000000000
56905  -23.845  -46.159  13.854 0.0000000000
56906  -25.294  -46.181  13.624 0.0000000000
56908  -31.986  -47.212  13.238 0.0000000000
56909  -32.681  -47.117  13.172 0.0000000000
56914  -19.802  -46.438  12.640 0.0000000000
56915  -20.879  -46.516  13.053 0.0000000000
56916  -22.183  -46.460  13.192 0.0000000000
56917  -22.861  -46.809  13.391 0.0000000000
56918  -25.673  -46.028  13.056 0.0000000000
56932  -25.239  -46.113  11.385 0.0000000000
56933  -25.718  -46.295  12.169 0.0000000000
56935  -27.702  -46.553  11.468 0.0000000000
56949  -23.895  -46.002  10.303 0.0000000000
56950  -24.653  -46.344  10.798 0.0000000000
56968  -23.441  -46.153  9.684 0.0000000000
56996  -30.910  -46.073  6.974 0.0000000000
57008  -30.147  -46.683  6.810 0.0000000000
58054  -22.694  -44.938  13.915 0.0000000000
58055  -23.156  -45.123  14.094 0.0000000000
58056  -24.029  -45.517  14.121 0.0000000000
58057  -24.907  -45.367  13.975 0.0000000000
58069  -22.663  -45.443  13.719 0.0000000000
58070  -23.431  -45.749  13.937 0.0000000000
58071  -23.786  -45.816  13.980 0.0000000000
58072  -25.426  -45.299  13.441 0.0000000000
58077  -19.210  -45.487  12.854 0.0000000000
58078  -20.245  -45.621  13.025 0.0000000000
58079  -21.290  -45.645  13.173 0.0000000000
58080  -22.091  -45.571  13.338 0.0000000000
58081  -25.704  -45.261  12.645 0.0000000000
58082  -29.921  -46.259  12.412 0.0000000000
58096  -24.967  -45.745  11.074 0.0000000000
58097  -25.312  -45.234  11.545 0.0000000000
58099  -28.252  -45.698  11.571 0.0000000000
58100  -29.384  -45.736  11.999 0.0000000000
58101  -29.980  -45.176  12.050 0.0000000000
58114  -23.595  -45.146  10.159 0.0000000000
58115  -24.521  -45.265  10.730 0.0000000000
58116  -24.892  -44.804  11.081 0.0000000000
58135  -23.379  -45.110  9.334 0.0000000000
59219  -22.713  -44.510  14.093 0.0000000000
59220  -23.425  -44.471  14.284 0.0000000000
59221  -24.366  -44.479  14.226 0.0000000000
59222  -25.135  -44.473  13.839 0.0000000000
59237  -21.798  -44.477  13.561 0.0000000000
59238  -22.224  -44.673  13.693 0.0000000000
59239  -25.640  -44.415  13.220 0.0000000000
59242  -19.771  -44.768  13.242 0.0000000000
59243  -20.718  -44.903  13.260 0.0000000000
59244  -21.634  -44.871  13.391 0.0000000000
59245  -22.165  -45.129  13.501 0.0000000000
59246  -25.567  -44.289  12.305 0.0000000000
59257  -24.337  -43.525  10.965 0.0000000000
59258  -24.914  -44.137  11.351 0.0000000000
59260  -28.683  -44.780  11.447 0.0000000000
59261  -29.559  -44.645  11.726 0.0000000000
59275  -23.406  -43.941  9.866 0.0000000000
59276  -24.074  -44.247  10.666 0.0000000000
59277  -24.597  -44.605  10.918 0.0000000000
60299  -20.893  -43.193  14.281 0.0000000000
60300  -21.390  -43.259  14.208 0.0000000000
60301  -22.520  -43.611  14.216 0.0000000000
60302  -23.697  -43.511  14.363 0.0000000000
60303  -24.704  -43.467  14.046 0.0000000000
60304  -25.344  -43.772  13.601 0.0000000000
60320  -19.451  -43.775  13.568 0.0000000000
60321  -20.593  -43.521  13.984 0.0000000000
60322  -21.704  -44.024  13.766 0.0000000000
60323  -22.293  -44.187  13.935 0.0000000000
60324  -25.213  -43.098  13.587 0.0000000000
60325  -25.662  -43.394  13.002 0.0000000000
60333  -20.304  -44.267  13.520 0.0000000000
60334  -21.087  -44.335  13.568 0.0000000000
60335  -21.555  -44.415  13.552 0.0000000000
60336  -25.389  -43.324  12.064 0.0000000000
60343  -24.288  -43.039  10.963 0.0000000000
60344  -24.816  -43.075  11.359 0.0000000000
60360  -22.882  -42.589  10.038 0.0000000000
60361  -23.025  -42.850  10.079 0.0000000000
60362  -23.689  -43.092  10.650 0.0000000000
60376  -22.924  -42.661  9.818 0.0000000000
61340  -17.988  -42.388  15.703 0.0000000000
61379  -20.730  -42.677  14.425 0.0000000000
61380  -21.847  -42.512  14.461 0.0000000000
61381  -22.992  -42.514  14.482 0.0000000000
61382  -24.051  -42.484  14.326 0.0000000000
61383  -24.871  -42.414  13.884 0.0000000000
61401  -19.657  -43.050  14.180 0.0000000000
61402  -20.217  -42.975  14.301 0.0000000000
61403  -25.387  -42.441  13.308 0.0000000000
61404  -25.503  -42.546  12.584 0.0000000000
61413  -25.275  -42.534  11.838 0.0000000000
61419  -23.847  -41.974  10.839 0.0000000000
61420  -24.322  -42.448  11.065 0.0000000000
61421  -24.898  -42.491  11.429 0.0000000000
61436  -22.879  -42.325  10.034 0.0000000000
61437  -23.279  -42.081  10.464 0.0000000000
61438  -23.734  -42.412  10.739 0.0000000000
62367  -17.862  -41.212  16.067 0.0000000000
62407  -19.904  -41.720  14.566 0.0000000000
62408  -21.109  -41.577  14.698 0.0000000000
62409  -22.310  -41.477  14.697 0.0000000000
62410  -23.441  -41.488  14.470 0.0000000000
62411  -24.415  -41.504  14.144 0.0000000000
62425  -19.237  -42.308  14.351 0.0000000000
62426  -19.928  -42.549  14.406 0.0000000000
62427  -25.146  -41.540  13.561 0.0000000000
62428  -25.484  -41.728  12.918 0.0000000000
62437  -25.407  -41.884  12.255 0.0000000000
62440  -23.678  -41.344  10.905 0.0000000000
62441  -24.314  -41.568  11.224 0.0000000000
62442  -25.017  -41.891  11.561 0.0000000000
62456  -23.228  -41.170  10.552 0.0000000000
63400  -19.585  -40.435  17.078 0.0000000000
63412  -17.191  -40.108  16.467 0.0000000000
63415  -19.473  -40.258  16.707 0.0000000000
63426  -17.405  -40.682  16.086 0.0000000000
63446  -19.645  -40.042  15.092 0.0000000000
63447  -20.598  -39.882  15.229 0.0000000000
63448  -21.160  -39.725  15.229 0.0000000000
63463  -17.280  -40.046  15.406 0.0000000000
63465  -18.356  -40.667  14.603 0.0000000000
63466  -19.285  -40.741  14.657 0.0000000000
63467  -20.330  -40.731  14.919 0.0000000000
63468  -21.527  -40.345  15.057 0.0000000000
63469  -22.867  -40.411  14.724 0.0000000000
63470  -23.914  -40.559  14.297 0.0000000000
63471  -24.647  -40.620  13.749 0.0000000000
63484  -25.237  -40.737  12.843 0.0000000000
63485  -25.408  -41.386  12.559 0.0000000000
63494  -25.037  -40.637  11.960 0.0000000000
63495  -25.293  -41.246  12.110 0.0000000000
63500  -23.485  -40.652  10.933 0.0000000000
63501  -24.257  -40.570  11.385 0.0000000000
63502  -24.862  -41.159  11.597 0.0000000000
63515  -23.045  -40.399  10.562 0.0000000000
64501  -19.386  -39.478  16.689 0.0000000000
64538  -16.703  -39.602  15.960 0.0000000000
64539  -19.118  -39.536  15.259 0.0000000000
64540  -19.895  -39.338  15.500 0.0000000000
64541  -21.011  -39.077  15.334 0.0000000000
64542  -21.589  -38.481  15.269 0.0000000000
64556  -17.114  -39.663  15.625 0.0000000000
64557  -17.542  -39.771  15.363 0.0000000000
64560  -21.491  -39.594  15.223 0.0000000000
64561  -22.194  -39.217  15.068 0.0000000000
64562  -23.603  -39.390  14.292 0.0000000000
64563  -24.251  -39.993  14.018 0.0000000000
64577  -24.063  -38.897  13.772 0.0000000000
64578  -24.521  -39.495  13.370 0.0000000000
64590  -24.690  -39.790  12.113 0.0000000000
64596  -23.066  -39.066  10.967 0.0000000000
64597  -23.583  -39.720  11.161 0.0000000000
64598  -24.264  -39.784  11.485 0.0000000000
64609  -22.827  -39.643  10.336 0.0000000000
64610  -23.035  -39.716  10.770 0.0000000000
65587  -17.150  -39.365  16.501 0.0000000000
65590  -19.222  -38.525  16.454 0.0000000000
65602  -16.853  -39.179  16.247 0.0000000000
65622  -18.904  -38.946  15.768 0.0000000000
65623  -20.160  -38.428  15.776 0.0000000000
65624  -21.021  -38.088  15.545 0.0000000000
65625  -21.560  -37.899  15.265 0.0000000000
65639  -16.928  -39.245  15.847 0.0000000000
65640  -17.361  -39.248  15.682 0.0000000000
65641  -17.978  -39.281  15.406 0.0000000000
65642  -18.540  -39.500  15.231 0.0000000000
65643  -22.068  -38.134  14.960 0.0000000000
65660  -23.726  -38.327  13.980 0.0000000000
65661  -24.239  -38.421  13.329 0.0000000000
65680  -24.013  -38.117  12.028 0.0000000000
65681  -24.335  -38.485  12.367 0.0000000000
65688  -23.017  -38.424  11.261 0.0000000000
65689  -23.646  -38.424  11.619 0.0000000000
65690  -24.238  -39.170  11.619 0.0000000000
65696  -22.730  -38.488  10.766 0.0000000000
66621  -19.388  -37.643  16.577 0.0000000000
66634  -19.718  -37.739  16.090 0.0000000000
66635  -20.379  -37.414  15.770 0.0000000000
66636  -21.263  -37.272  15.428 0.0000000000
66637  -21.817  -37.532  15.059 0.0000000000
66651  -20.146  -37.150  15.826 0.0000000000
66652  -21.806  -37.008  15.018 0.0000000000
66653  -22.372  -37.360  14.635 0.0000000000
66654  -23.246  -37.498  14.155 0.0000000000
66665  -23.832  -37.641  13.374 0.0000000000
66666  -24.189  -37.970  12.795 0.0000000000
66683  -23.420  -37.288  12.040 0.0000000000
66684  -23.767  -37.641  12.311 0.0000000000
66685  -24.138  -38.004  12.493 0.0000000000
66692  -23.135  -37.650  11.588 0.0000000000
66693  -23.495  -37.879  11.815 0.0000000000
67639  -20.320  -36.989  15.771 0.0000000000
67640  -22.038  -36.471  14.694 0.0000000000
67641  -22.701  -36.631  14.113 0.0000000000
67642  -23.305  -37.057  13.647 0.0000000000
67653  -23.017  -36.564  13.377 0.0000000000
67654  -23.526  -37.063  12.968 0.0000000000
67668  -23.211  -36.759  12.403 0.0000000000
67669  -23.513  -37.131  12.568 0.0000000000
68697  -21.972  -35.558  14.191 0.0000000000
68698  -22.589  -36.151  13.752 0.0000000000
68705  -22.577  -35.941  13.196 0.0000000000
68721  -22.397  -35.862  12.296 0.0000000000
