#!ascii label  , from subject sub-CSI1 vox2ras=TkReg
510
28409  -13.563  -71.922  25.169 0.0000000000
29664  -23.671  -70.318  27.018 0.0000000000
29665  -24.196  -70.573  27.187 0.0000000000
29688  -14.152  -70.733  25.368 0.0000000000
29806  -17.144  -70.780  17.896 0.0000000000
29827  -17.364  -70.866  17.446 0.0000000000
30921  -23.722  -69.060  27.841 0.0000000000
30922  -23.993  -69.120  27.984 0.0000000000
30944  -22.848  -69.314  26.943 0.0000000000
30945  -23.508  -69.492  27.411 0.0000000000
30946  -24.574  -69.586  27.717 0.0000000000
30957  -13.837  -69.876  26.117 0.0000000000
30965  -23.425  -70.188  26.851 0.0000000000
30972  -14.251  -69.618  25.810 0.0000000000
32116  -23.645  -68.547  27.976 0.0000000000
32117  -24.639  -68.583  28.020 0.0000000000
32118  -25.069  -68.118  28.001 0.0000000000
32134  -15.729  -68.309  26.824 0.0000000000
32135  -16.241  -68.225  26.910 0.0000000000
32140  -22.684  -68.656  27.226 0.0000000000
32141  -23.177  -68.729  27.622 0.0000000000
32142  -25.082  -69.090  27.813 0.0000000000
32143  -25.498  -68.570  27.641 0.0000000000
32153  -13.124  -67.946  26.699 0.0000000000
32154  -13.867  -68.747  26.282 0.0000000000
32160  -22.423  -69.022  26.542 0.0000000000
32167  -14.176  -69.170  25.902 0.0000000000
33272  -14.565  -67.084  28.086 0.0000000000
33273  -15.533  -67.397  28.195 0.0000000000
33274  -16.473  -67.407  28.184 0.0000000000
33275  -17.047  -67.353  28.136 0.0000000000
33278  -22.383  -66.830  28.024 0.0000000000
33279  -23.083  -67.402  28.145 0.0000000000
33280  -24.231  -67.634  28.200 0.0000000000
33281  -24.807  -67.926  28.121 0.0000000000
33299  -13.953  -67.187  27.411 0.0000000000
33300  -14.992  -67.819  27.364 0.0000000000
33301  -16.081  -67.896  27.462 0.0000000000
33302  -16.969  -67.627  27.522 0.0000000000
33303  -17.651  -67.382  27.196 0.0000000000
33304  -21.553  -67.228  26.884 0.0000000000
33305  -22.058  -67.503  27.392 0.0000000000
33306  -22.884  -68.199  27.768 0.0000000000
33307  -24.422  -66.998  28.122 0.0000000000
33308  -25.073  -67.420  27.851 0.0000000000
33309  -25.739  -67.823  27.246 0.0000000000
33322  -10.030  -67.239  26.278 0.0000000000
33323  -11.103  -67.105  26.768 0.0000000000
33324  -12.323  -67.288  27.046 0.0000000000
33328  -16.613  -68.050  26.975 0.0000000000
33329  -17.226  -67.920  26.635 0.0000000000
33330  -17.982  -67.440  26.420 0.0000000000
33332  -21.366  -67.473  26.355 0.0000000000
33333  -22.061  -68.231  26.720 0.0000000000
33334  -25.548  -67.127  27.117 0.0000000000
33335  -26.123  -67.544  26.514 0.0000000000
33346  -17.565  -68.019  25.927 0.0000000000
33351  -26.595  -67.736  25.575 0.0000000000
34454  -14.196  -65.837  29.012 0.0000000000
34455  -14.716  -65.981  29.257 0.0000000000
34456  -15.685  -66.245  29.511 0.0000000000
34457  -16.663  -66.425  29.482 0.0000000000
34458  -17.452  -66.375  29.332 0.0000000000
34473  -13.554  -66.007  28.225 0.0000000000
34474  -14.052  -66.233  28.506 0.0000000000
34475  -15.089  -66.703  28.795 0.0000000000
34476  -16.083  -66.940  28.889 0.0000000000
34477  -17.060  -66.963  28.722 0.0000000000
34478  -17.937  -66.538  28.628 0.0000000000
34479  -22.259  -66.330  28.092 0.0000000000
34480  -22.784  -66.373  28.219 0.0000000000
34481  -23.758  -66.572  28.280 0.0000000000
34494  -13.281  -66.321  27.656 0.0000000000
34495  -13.969  -66.712  27.906 0.0000000000
34496  -17.541  -67.127  27.955 0.0000000000
34497  -18.397  -66.726  27.430 0.0000000000
34499  -20.871  -66.451  26.630 0.0000000000
34500  -21.284  -66.726  26.894 0.0000000000
34501  -21.849  -66.458  27.786 0.0000000000
34502  -24.514  -66.405  27.953 0.0000000000
34503  -25.132  -66.390  27.384 0.0000000000
34511  -10.514  -66.560  26.216 0.0000000000
34512  -11.428  -66.433  26.710 0.0000000000
34519  -25.604  -66.475  26.492 0.0000000000
34520  -26.141  -66.956  25.847 0.0000000000
34533  -25.790  -66.241  25.492 0.0000000000
34534  -26.212  -66.978  25.024 0.0000000000
35579  -15.657  -64.540  30.412 0.0000000000
35580  -16.280  -64.858  30.407 0.0000000000
35581  -17.098  -65.193  30.336 0.0000000000
35582  -17.616  -65.402  30.072 0.0000000000
35601  -13.669  -65.136  29.083 0.0000000000
35602  -14.116  -65.331  29.340 0.0000000000
35603  -15.296  -65.243  30.010 0.0000000000
35604  -16.377  -65.691  30.030 0.0000000000
35605  -17.248  -65.852  29.881 0.0000000000
35606  -18.151  -65.735  29.580 0.0000000000
35607  -19.018  -65.413  29.212 0.0000000000
35623  -12.807  -65.220  28.189 0.0000000000
35624  -13.348  -65.419  28.494 0.0000000000
35625  -13.914  -65.730  28.866 0.0000000000
35626  -18.756  -66.010  28.513 0.0000000000
35627  -19.555  -65.411  28.343 0.0000000000
35629  -21.099  -65.337  27.869 0.0000000000
35631  -23.127  -65.487  28.323 0.0000000000
35648  -12.010  -65.188  27.361 0.0000000000
35649  -12.502  -65.438  27.694 0.0000000000
35650  -13.048  -65.730  27.937 0.0000000000
35653  -20.708  -65.998  26.951 0.0000000000
35654  -21.436  -66.022  27.610 0.0000000000
35655  -21.751  -66.043  27.886 0.0000000000
35658  -25.168  -65.690  26.928 0.0000000000
35670  -10.705  -65.744  26.352 0.0000000000
35672  -12.216  -65.728  27.278 0.0000000000
35673  -20.270  -66.148  26.496 0.0000000000
35674  -20.532  -66.277  26.514 0.0000000000
35676  -25.313  -65.383  26.082 0.0000000000
35691  -9.532  -65.495  25.250 0.0000000000
35692  -10.032  -65.167  25.913 0.0000000000
35693  -25.496  -65.458  25.095 0.0000000000
35706  -25.344  -65.317  24.311 0.0000000000
35718  -25.453  -65.670  23.492 0.0000000000
36794  -14.833  -63.774  30.416 0.0000000000
36795  -15.316  -63.971  30.542 0.0000000000
36796  -16.169  -64.066  30.680 0.0000000000
36797  -17.048  -64.339  30.645 0.0000000000
36798  -17.901  -64.805  30.329 0.0000000000
36814  -13.651  -64.565  29.266 0.0000000000
36815  -14.568  -64.322  30.048 0.0000000000
36816  -15.202  -64.536  30.293 0.0000000000
36817  -18.658  -64.805  29.799 0.0000000000
36818  -19.402  -64.698  29.272 0.0000000000
36832  -12.652  -64.729  28.283 0.0000000000
36833  -13.066  -64.387  28.686 0.0000000000
36836  -21.418  -64.584  28.231 0.0000000000
36837  -22.313  -64.593  28.301 0.0000000000
36852  -11.821  -64.701  27.434 0.0000000000
36853  -12.119  -64.272  27.894 0.0000000000
36871  -10.697  -64.773  26.543 0.0000000000
36875  -25.105  -64.843  25.432 0.0000000000
36892  -9.573  -64.530  25.295 0.0000000000
36893  -10.083  -64.331  26.081 0.0000000000
36895  -25.158  -64.925  24.837 0.0000000000
36941  -19.846  -64.177  18.402 0.0000000000
36957  -19.718  -64.067  17.937 0.0000000000
36979  -22.256  -64.586  16.617 0.0000000000
37010  -12.601  -64.524  15.254 0.0000000000
37018  -13.188  -64.524  14.585 0.0000000000
37034  -19.413  -64.567  13.053 0.0000000000
37035  -20.460  -64.603  13.162 0.0000000000
37920  -14.360  -63.012  30.383 0.0000000000
37921  -14.990  -63.195  30.608 0.0000000000
37922  -15.871  -63.239  30.739 0.0000000000
37923  -16.790  -63.411  30.649 0.0000000000
37924  -17.843  -63.633  30.371 0.0000000000
37925  -18.351  -64.252  30.169 0.0000000000
37940  -13.067  -63.109  29.263 0.0000000000
37941  -13.813  -63.415  29.829 0.0000000000
37942  -14.502  -63.555  30.289 0.0000000000
37943  -18.271  -63.250  29.909 0.0000000000
37944  -18.806  -63.807  29.776 0.0000000000
37945  -19.699  -63.890  29.175 0.0000000000
37958  -11.750  -63.198  28.101 0.0000000000
37959  -12.304  -63.476  28.475 0.0000000000
37963  -21.644  -63.648  28.214 0.0000000000
37964  -22.508  -63.774  28.116 0.0000000000
37977  -10.924  -63.084  27.077 0.0000000000
37978  -11.467  -63.496  27.548 0.0000000000
37979  -11.949  -63.758  27.980 0.0000000000
37980  -22.089  -63.116  28.045 0.0000000000
37981  -22.652  -63.149  27.709 0.0000000000
37982  -23.385  -63.387  27.238 0.0000000000
37998  -10.663  -63.609  26.671 0.0000000000
37999  -11.112  -63.811  27.087 0.0000000000
38000  -23.769  -63.434  26.363 0.0000000000
38018  -9.465  -63.549  24.828 0.0000000000
38019  -9.832  -63.534  25.738 0.0000000000
38020  -23.751  -63.261  25.624 0.0000000000
38034  -23.743  -63.210  24.880 0.0000000000
38047  -23.571  -63.171  23.968 0.0000000000
38053  -22.515  -62.764  22.380 0.0000000000
38071  -16.838  -63.470  19.848 0.0000000000
38072  -17.713  -63.562  19.701 0.0000000000
38073  -18.622  -63.591  19.833 0.0000000000
38084  -18.491  -63.501  18.992 0.0000000000
38099  -19.276  -63.797  18.350 0.0000000000
38100  -19.739  -63.989  17.716 0.0000000000
38119  -20.187  -64.002  17.408 0.0000000000
38120  -20.780  -63.901  17.201 0.0000000000
38145  -12.354  -63.491  15.390 0.0000000000
38151  -13.077  -63.426  14.800 0.0000000000
38152  -13.833  -63.417  14.235 0.0000000000
38168  -20.164  -63.685  13.361 0.0000000000
38169  -21.197  -63.664  13.467 0.0000000000
38170  -22.272  -63.684  13.502 0.0000000000
38955  -13.993  -62.446  30.278 0.0000000000
38956  -14.669  -62.386  30.565 0.0000000000
38957  -15.476  -62.378  30.684 0.0000000000
38958  -16.442  -62.436  30.562 0.0000000000
38959  -17.225  -62.841  30.380 0.0000000000
38972  -12.668  -62.422  29.178 0.0000000000
38973  -13.356  -62.425  29.748 0.0000000000
38974  -17.099  -62.189  30.097 0.0000000000
38975  -17.791  -62.673  29.761 0.0000000000
38976  -18.589  -62.970  29.547 0.0000000000
38977  -19.266  -63.214  29.337 0.0000000000
38993  -11.690  -62.562  28.108 0.0000000000
38994  -12.135  -62.327  28.702 0.0000000000
38995  -18.278  -62.513  29.216 0.0000000000
38996  -18.980  -62.594  28.957 0.0000000000
39017  -11.048  -62.813  27.212 0.0000000000
39018  -11.244  -62.292  27.336 0.0000000000
39023  -22.700  -62.611  27.135 0.0000000000
39024  -23.191  -62.816  26.644 0.0000000000
39040  -11.004  -61.883  26.930 0.0000000000
39042  -22.588  -62.137  26.357 0.0000000000
39043  -23.315  -62.720  25.964 0.0000000000
39057  -9.703  -62.503  25.184 0.0000000000
39058  -10.143  -62.725  26.064 0.0000000000
39059  -22.835  -62.213  25.353 0.0000000000
39060  -23.411  -62.777  25.293 0.0000000000
39070  -9.437  -62.763  24.384 0.0000000000
39072  -16.545  -62.040  23.895 0.0000000000
39074  -23.248  -62.618  24.588 0.0000000000
39092  -22.976  -62.546  23.668 0.0000000000
39108  -22.597  -62.569  22.939 0.0000000000
39122  -16.436  -62.178  19.954 0.0000000000
39123  -16.764  -62.142  19.968 0.0000000000
39126  -22.646  -61.922  20.047 0.0000000000
39127  -23.088  -61.763  20.197 0.0000000000
39132  -16.103  -62.588  19.805 0.0000000000
39133  -16.960  -62.677  19.563 0.0000000000
39136  -20.183  -62.704  18.492 0.0000000000
39137  -21.150  -62.495  18.639 0.0000000000
39138  -22.112  -62.373  19.282 0.0000000000
39139  -23.335  -62.169  19.765 0.0000000000
39140  -24.434  -61.913  19.566 0.0000000000
39141  -24.995  -61.609  19.359 0.0000000000
39150  -18.924  -63.429  18.443 0.0000000000
39153  -21.724  -62.906  18.212 0.0000000000
39154  -22.795  -62.813  18.675 0.0000000000
39155  -23.955  -62.784  19.066 0.0000000000
39156  -25.234  -62.289  19.022 0.0000000000
39199  -13.869  -62.252  14.704 0.0000000000
39218  -18.960  -62.717  13.451 0.0000000000
39219  -19.912  -62.820  13.553 0.0000000000
39220  -20.843  -62.868  13.681 0.0000000000
39221  -21.931  -62.595  13.764 0.0000000000
39222  -23.039  -62.942  13.829 0.0000000000
40034  -14.336  -61.836  30.426 0.0000000000
40035  -14.985  -61.477  30.490 0.0000000000
40036  -15.890  -61.624  30.487 0.0000000000
40037  -16.527  -61.592  30.082 0.0000000000
40049  -13.067  -61.561  29.510 0.0000000000
40050  -13.817  -61.558  30.077 0.0000000000
40051  -14.386  -61.380  30.292 0.0000000000
40052  -17.215  -61.697  29.251 0.0000000000
40053  -17.845  -62.281  29.181 0.0000000000
40064  -11.957  -61.570  28.433 0.0000000000
40065  -12.476  -61.565  28.964 0.0000000000
40066  -17.343  -61.461  28.044 0.0000000000
40067  -18.179  -62.160  28.513 0.0000000000
40075  -11.539  -61.520  27.775 0.0000000000
40076  -17.279  -61.347  27.006 0.0000000000
40089  -11.167  -61.400  27.138 0.0000000000
40090  -17.024  -61.467  26.056 0.0000000000
40103  -9.794  -61.736  25.067 0.0000000000
40104  -10.255  -61.646  25.745 0.0000000000
40105  -16.797  -61.516  25.065 0.0000000000
40115  -9.868  -61.186  25.002 0.0000000000
40116  -15.961  -61.622  23.831 0.0000000000
40117  -16.337  -61.786  24.216 0.0000000000
40132  -15.692  -61.753  23.091 0.0000000000
40154  -17.014  -60.901  20.822 0.0000000000
40155  -17.246  -61.189  20.727 0.0000000000
40160  -15.949  -61.769  20.209 0.0000000000
40161  -16.659  -61.373  20.449 0.0000000000
40162  -17.654  -61.601  20.476 0.0000000000
40163  -18.602  -61.843  20.281 0.0000000000
40164  -19.577  -61.786  20.149 0.0000000000
40165  -20.606  -61.649  20.105 0.0000000000
40166  -21.779  -61.729  20.161 0.0000000000
40167  -22.915  -61.300  20.523 0.0000000000
40168  -23.568  -60.939  20.419 0.0000000000
40172  -17.157  -62.096  20.033 0.0000000000
40173  -17.864  -62.345  19.739 0.0000000000
40174  -18.825  -62.411  19.414 0.0000000000
40175  -19.850  -62.319  19.312 0.0000000000
40176  -20.828  -62.168  19.296 0.0000000000
40177  -21.451  -62.209  19.335 0.0000000000
40178  -23.419  -61.504  20.238 0.0000000000
40179  -24.070  -61.193  20.037 0.0000000000
40180  -24.823  -61.067  19.591 0.0000000000
40187  -25.426  -61.164  19.173 0.0000000000
40188  -26.081  -61.371  18.585 0.0000000000
40249  -21.252  -62.295  13.902 0.0000000000
41096  -15.096  -60.841  30.255 0.0000000000
41097  -15.630  -60.972  30.241 0.0000000000
41098  -16.109  -61.157  30.183 0.0000000000
41111  -12.826  -60.766  29.175 0.0000000000
41112  -13.509  -60.686  29.624 0.0000000000
41113  -14.451  -60.692  30.054 0.0000000000
41114  -15.305  -60.407  29.907 0.0000000000
41115  -16.201  -60.674  29.605 0.0000000000
41123  -11.779  -60.690  28.203 0.0000000000
41124  -12.348  -60.782  28.684 0.0000000000
41125  -16.664  -60.663  28.516 0.0000000000
41133  -11.355  -60.628  27.477 0.0000000000
41134  -16.807  -60.754  27.499 0.0000000000
41141  -10.617  -60.667  26.148 0.0000000000
41142  -10.957  -60.660  26.813 0.0000000000
41143  -16.710  -60.971  26.543 0.0000000000
41154  -10.204  -60.507  25.343 0.0000000000
41155  -16.633  -61.156  25.698 0.0000000000
41166  -16.151  -61.347  24.164 0.0000000000
41167  -16.356  -60.965  24.774 0.0000000000
41179  -15.963  -60.859  23.770 0.0000000000
41180  -16.273  -60.418  24.346 0.0000000000
41185  -15.564  -60.841  22.575 0.0000000000
41186  -16.842  -59.613  21.369 0.0000000000
41187  -17.293  -59.942  21.671 0.0000000000
41188  -18.173  -60.186  22.078 0.0000000000
41189  -19.079  -60.112  22.183 0.0000000000
41193  -16.113  -59.584  20.365 0.0000000000
41194  -16.575  -60.162  20.878 0.0000000000
41195  -17.624  -60.806  21.185 0.0000000000
41196  -18.763  -60.718  21.533 0.0000000000
41197  -19.869  -60.392  21.754 0.0000000000
41198  -20.945  -60.257  21.566 0.0000000000
41199  -21.752  -60.112  21.406 0.0000000000
41201  -15.720  -60.604  20.643 0.0000000000
41202  -16.033  -60.275  20.431 0.0000000000
41203  -16.340  -60.645  20.554 0.0000000000
41204  -18.399  -61.309  20.927 0.0000000000
41205  -19.276  -61.257  20.967 0.0000000000
41206  -20.283  -61.084  20.937 0.0000000000
41207  -21.329  -61.020  21.030 0.0000000000
41208  -22.408  -60.528  21.029 0.0000000000
41209  -23.302  -60.302  20.653 0.0000000000
41210  -23.913  -60.260  20.178 0.0000000000
41218  -24.541  -60.247  19.752 0.0000000000
41219  -25.186  -60.271  19.267 0.0000000000
41232  -25.733  -60.407  18.623 0.0000000000
41256  -10.372  -60.281  17.227 0.0000000000
41257  -11.142  -60.225  16.746 0.0000000000
41258  -12.160  -60.182  16.266 0.0000000000
41259  -12.924  -60.030  16.089 0.0000000000
41268  -14.305  -60.286  15.582 0.0000000000
41269  -15.202  -60.261  15.406 0.0000000000
41270  -15.870  -60.058  15.234 0.0000000000
41282  -16.372  -60.424  14.875 0.0000000000
42175  -12.631  -60.286  28.909 0.0000000000
42176  -13.084  -59.815  29.149 0.0000000000
42177  -13.902  -59.816  29.598 0.0000000000
42178  -14.801  -59.637  29.593 0.0000000000
42179  -15.570  -59.868  29.421 0.0000000000
42187  -11.539  -59.821  27.962 0.0000000000
42188  -12.272  -59.832  28.609 0.0000000000
42189  -12.776  -59.296  28.790 0.0000000000
42190  -15.367  -59.178  29.157 0.0000000000
42191  -16.029  -59.595  28.744 0.0000000000
42199  -10.642  -59.126  26.660 0.0000000000
42200  -10.982  -59.693  27.058 0.0000000000
42201  -16.491  -59.815  27.841 0.0000000000
42209  -10.482  -59.606  26.031 0.0000000000
42210  -10.768  -60.155  26.510 0.0000000000
42211  -16.698  -59.911  26.923 0.0000000000
42216  -9.544  -58.993  24.452 0.0000000000
42217  -9.825  -59.516  24.887 0.0000000000
42218  -16.694  -60.120  25.790 0.0000000000
42224  -16.461  -59.915  24.788 0.0000000000
42231  -15.810  -59.840  23.151 0.0000000000
42232  -16.266  -59.853  24.010 0.0000000000
42236  -17.091  -59.161  21.698 0.0000000000
42237  -17.766  -59.340  22.263 0.0000000000
42238  -18.726  -59.361  22.434 0.0000000000
42239  -19.709  -59.388  22.377 0.0000000000
42246  -15.391  -59.598  20.988 0.0000000000
42247  -16.248  -59.040  20.405 0.0000000000
42248  -16.590  -59.107  21.078 0.0000000000
42249  -20.653  -59.344  22.017 0.0000000000
42250  -21.534  -59.253  21.579 0.0000000000
42251  -22.301  -59.370  21.226 0.0000000000
42258  -15.736  -59.206  20.356 0.0000000000
42259  -15.933  -58.964  20.066 0.0000000000
42260  -22.954  -59.409  20.793 0.0000000000
42261  -23.647  -59.324  20.224 0.0000000000
42262  -24.210  -59.586  19.838 0.0000000000
42277  -15.791  -58.606  20.007 0.0000000000
42278  -15.872  -58.491  19.893 0.0000000000
42279  -24.123  -58.964  19.732 0.0000000000
42280  -24.763  -59.187  19.249 0.0000000000
42281  -25.420  -59.671  18.766 0.0000000000
42294  -25.389  -59.068  18.614 0.0000000000
42326  -10.696  -59.484  17.432 0.0000000000
42327  -11.804  -59.091  17.179 0.0000000000
42328  -12.984  -59.202  16.504 0.0000000000
42329  -13.571  -58.743  16.386 0.0000000000
42336  -13.318  -59.743  16.096 0.0000000000
42337  -13.898  -59.309  16.025 0.0000000000
42338  -14.898  -59.389  15.736 0.0000000000
42339  -15.679  -59.415  15.457 0.0000000000
43289  -13.606  -59.323  29.260 0.0000000000
43290  -14.110  -59.017  29.360 0.0000000000
43291  -14.810  -58.815  29.181 0.0000000000
43300  -11.821  -59.165  28.326 0.0000000000
43301  -12.399  -58.854  28.568 0.0000000000
43302  -13.300  -58.727  28.856 0.0000000000
43303  -14.287  -58.296  28.848 0.0000000000
43304  -15.306  -58.392  28.395 0.0000000000
43305  -16.067  -59.026  27.936 0.0000000000
43315  -10.760  -58.623  27.168 0.0000000000
43316  -11.343  -58.907  27.808 0.0000000000
43317  -15.931  -58.363  27.311 0.0000000000
43318  -16.369  -59.159  27.296 0.0000000000
43329  -16.090  -58.169  26.723 0.0000000000
43330  -16.472  -58.800  26.440 0.0000000000
43338  -9.628  -58.553  24.826 0.0000000000
43339  -9.971  -58.665  25.521 0.0000000000
43340  -16.550  -59.018  25.315 0.0000000000
43345  -9.415  -58.360  24.123 0.0000000000
43346  -16.439  -59.071  24.441 0.0000000000
43352  -9.086  -58.230  23.309 0.0000000000
43353  -15.816  -58.747  22.755 0.0000000000
43354  -16.246  -58.955  23.672 0.0000000000
43362  -15.530  -58.596  21.626 0.0000000000
43363  -17.414  -58.477  22.134 0.0000000000
43364  -18.230  -58.494  22.606 0.0000000000
43365  -19.263  -58.441  22.636 0.0000000000
43366  -20.273  -58.361  22.386 0.0000000000
43374  -16.437  -58.282  20.618 0.0000000000
43375  -16.835  -58.368  21.418 0.0000000000
43376  -21.153  -58.250  21.791 0.0000000000
43377  -22.113  -58.218  21.068 0.0000000000
43378  -22.624  -58.804  20.842 0.0000000000
43386  -15.690  -58.320  20.116 0.0000000000
43388  -22.360  -57.737  20.454 0.0000000000
43389  -22.990  -58.266  20.131 0.0000000000
43390  -23.718  -58.674  19.851 0.0000000000
43411  -24.038  -58.220  19.212 0.0000000000
43412  -24.615  -58.558  19.045 0.0000000000
44506  -11.796  -58.453  28.296 0.0000000000
44507  -12.474  -57.739  28.344 0.0000000000
44508  -13.637  -57.629  28.436 0.0000000000
44509  -14.485  -57.684  28.294 0.0000000000
44510  -14.933  -57.684  28.013 0.0000000000
44525  -14.035  -57.189  28.034 0.0000000000
44526  -14.560  -57.243  27.750 0.0000000000
44527  -15.260  -57.590  27.514 0.0000000000
44539  -9.816  -57.607  25.788 0.0000000000
44540  -15.698  -57.637  26.783 0.0000000000
44541  -16.115  -57.985  26.331 0.0000000000
44553  -9.526  -57.590  24.720 0.0000000000
44554  -9.684  -58.120  25.234 0.0000000000
44555  -15.832  -57.357  26.025 0.0000000000
44556  -16.292  -58.095  25.660 0.0000000000
44560  -9.283  -57.242  23.708 0.0000000000
44561  -16.051  -57.341  25.072 0.0000000000
44562  -16.362  -58.269  24.740 0.0000000000
44570  -16.116  -57.762  23.800 0.0000000000
44571  -16.331  -58.496  24.157 0.0000000000
44581  -15.695  -57.571  22.455 0.0000000000
44582  -17.143  -57.734  21.817 0.0000000000
44583  -17.709  -57.610  22.457 0.0000000000
44584  -18.658  -57.514  22.734 0.0000000000
44585  -19.699  -57.404  22.542 0.0000000000
44593  -15.462  -57.451  21.334 0.0000000000
44595  -16.624  -57.403  21.098 0.0000000000
44596  -20.578  -57.290  22.023 0.0000000000
44597  -21.318  -57.135  21.241 0.0000000000
44610  -21.892  -57.245  20.539 0.0000000000
45735  -13.207  -57.059  28.121 0.0000000000
45736  -13.661  -57.081  28.032 0.0000000000
45755  -14.872  -56.850  27.198 0.0000000000
45756  -15.327  -57.197  27.037 0.0000000000
45772  -14.592  -56.174  26.486 0.0000000000
45773  -15.340  -56.869  26.569 0.0000000000
45788  -14.831  -55.970  25.973 0.0000000000
45789  -15.309  -56.386  25.680 0.0000000000
45797  -15.703  -56.530  24.493 0.0000000000
45808  -15.653  -56.531  23.334 0.0000000000
45819  -17.234  -56.772  21.862 0.0000000000
45820  -18.001  -56.620  22.621 0.0000000000
45821  -19.026  -56.478  22.609 0.0000000000
45822  -20.006  -56.367  22.303 0.0000000000
45832  -16.722  -56.426  21.144 0.0000000000
45833  -20.671  -56.274  21.537 0.0000000000
45834  -21.133  -56.400  21.073 0.0000000000
45849  -20.992  -55.886  20.966 0.0000000000
45850  -21.403  -56.332  20.504 0.0000000000
46922  -14.052  -55.575  26.448 0.0000000000
46941  -14.490  -55.447  25.696 0.0000000000
46942  -15.116  -55.837  24.925 0.0000000000
46953  -15.341  -55.682  24.079 0.0000000000
46974  -17.629  -55.797  22.082 0.0000000000
46975  -18.319  -55.709  22.456 0.0000000000
46976  -19.272  -55.332  22.343 0.0000000000
46977  -20.170  -55.592  21.954 0.0000000000
46988  -17.126  -55.841  21.456 0.0000000000
46989  -19.906  -54.925  21.852 0.0000000000
46990  -20.558  -55.185  21.332 0.0000000000
47007  -21.017  -55.261  20.354 0.0000000000
48054  -17.850  -55.246  22.179 0.0000000000
48055  -18.269  -54.915  22.268 0.0000000000
48056  -18.783  -54.669  22.199 0.0000000000
48062  -17.400  -54.719  21.420 0.0000000000
48063  -18.333  -54.263  21.841 0.0000000000
48064  -19.227  -54.362  21.882 0.0000000000
48065  -19.981  -54.272  21.470 0.0000000000
48079  -20.524  -54.256  20.831 0.0000000000
