#!ascii label  , from subject sub-CSI1 vox2ras=TkReg
1414
92  16.491  -101.711  10.265 0.0000000000
93  15.680  -101.776  10.372 0.0000000000
104  15.863  -101.346  9.818 0.0000000000
105  14.975  -101.250  10.028 0.0000000000
106  14.579  -101.162  10.220 0.0000000000
203  15.229  -100.626  9.518 0.0000000000
204  14.508  -100.668  10.164 0.0000000000
223  19.944  -100.235  8.058 0.0000000000
224  19.244  -100.167  7.767 0.0000000000
225  18.153  -99.917  7.519 0.0000000000
226  17.394  -99.480  7.642 0.0000000000
256  20.386  -99.694  3.898 0.0000000000
266  20.606  -99.801  3.541 0.0000000000
267  20.547  -100.228  3.840 0.0000000000
276  20.938  -99.828  2.946 0.0000000000
285  21.240  -99.917  2.075 0.0000000000
350  16.260  -99.233  12.417 0.0000000000
351  15.776  -99.133  12.341 0.0000000000
367  13.464  -99.660  10.975 0.0000000000
368  12.508  -99.975  10.464 0.0000000000
372  14.480  -100.198  10.193 0.0000000000
380  22.463  -99.929  8.488 0.0000000000
381  21.861  -99.795  8.199 0.0000000000
382  21.202  -99.926  8.082 0.0000000000
383  16.895  -99.534  7.905 0.0000000000
386  10.585  -99.757  8.074 0.0000000000
387  10.373  -99.396  7.632 0.0000000000
391  22.926  -99.500  8.294 0.0000000000
392  22.408  -99.398  7.994 0.0000000000
393  21.471  -99.399  7.635 0.0000000000
394  20.310  -99.648  7.431 0.0000000000
395  19.044  -99.529  7.062 0.0000000000
396  17.995  -98.908  7.039 0.0000000000
398  16.622  -98.914  8.190 0.0000000000
400  10.150  -99.222  7.061 0.0000000000
405  20.221  -99.219  6.932 0.0000000000
406  19.782  -99.151  6.751 0.0000000000
407  18.985  -98.894  6.612 0.0000000000
424  20.108  -99.305  3.953 0.0000000000
436  20.572  -99.270  3.467 0.0000000000
437  20.127  -98.870  3.681 0.0000000000
456  14.866  -99.250  2.820 0.0000000000
457  14.306  -99.875  2.959 0.0000000000
464  21.454  -98.529  1.767 0.0000000000
465  21.437  -99.320  1.720 0.0000000000
468  15.649  -99.477  0.893 0.0000000000
469  15.333  -99.701  1.780 0.0000000000
473  21.517  -98.594  0.653 0.0000000000
477  15.647  -99.412  0.066 0.0000000000
478  15.443  -99.807  0.560 0.0000000000
480  21.375  -98.695  -0.135 0.0000000000
481  21.309  -99.098  -0.226 0.0000000000
484  15.498  -99.607  -0.645 0.0000000000
560  14.184  -97.741  16.014 0.0000000000
576  18.578  -98.191  12.905 0.0000000000
577  17.995  -98.283  12.804 0.0000000000
583  16.692  -98.776  12.729 0.0000000000
584  15.939  -98.834  12.567 0.0000000000
611  11.044  -99.741  8.942 0.0000000000
619  17.219  -98.236  8.754 0.0000000000
621  14.050  -98.156  8.835 0.0000000000
626  10.244  -99.170  7.465 0.0000000000
635  23.446  -98.854  7.772 0.0000000000
636  22.195  -98.918  7.321 0.0000000000
637  21.371  -98.951  7.080 0.0000000000
638  20.922  -99.176  7.226 0.0000000000
639  18.104  -97.937  6.938 0.0000000000
641  16.920  -98.613  8.162 0.0000000000
642  13.651  -98.330  7.847 0.0000000000
645  10.766  -98.819  7.605 0.0000000000
646  10.208  -98.987  7.298 0.0000000000
647  10.028  -99.016  7.115 0.0000000000
654  23.226  -98.329  7.076 0.0000000000
655  22.728  -98.382  6.892 0.0000000000
656  21.705  -98.496  6.521 0.0000000000
657  20.580  -98.840  6.649 0.0000000000
658  19.612  -98.450  6.276 0.0000000000
659  18.738  -98.188  6.525 0.0000000000
660  13.940  -98.088  7.127 0.0000000000
661  13.348  -98.369  6.868 0.0000000000
662  12.329  -98.646  6.819 0.0000000000
663  11.227  -98.606  6.738 0.0000000000
664  10.311  -98.632  6.606 0.0000000000
665  9.881  -98.932  6.405 0.0000000000
672  21.068  -98.205  5.877 0.0000000000
673  20.245  -98.187  5.905 0.0000000000
674  19.753  -98.025  5.909 0.0000000000
675  12.857  -98.320  6.129 0.0000000000
676  11.943  -98.357  5.824 0.0000000000
677  10.716  -98.243  5.696 0.0000000000
678  9.829  -98.444  5.463 0.0000000000
679  9.652  -98.761  5.428 0.0000000000
688  12.124  -97.965  5.183 0.0000000000
689  11.505  -97.973  5.150 0.0000000000
690  9.507  -98.151  4.818 0.0000000000
691  9.207  -98.478  4.437 0.0000000000
692  8.774  -98.245  3.783 0.0000000000
716  16.077  -98.296  2.223 0.0000000000
717  15.328  -98.572  2.591 0.0000000000
718  14.243  -98.720  3.164 0.0000000000
720  11.638  -98.707  2.927 0.0000000000
730  16.148  -98.713  1.219 0.0000000000
731  15.755  -98.860  2.028 0.0000000000
738  21.358  -97.630  0.395 0.0000000000
741  16.063  -98.704  -0.049 0.0000000000
746  21.402  -98.235  -0.430 0.0000000000
747  21.259  -98.752  -0.524 0.0000000000
750  15.680  -99.121  -0.856 0.0000000000
757  20.990  -98.822  -1.214 0.0000000000
880  16.497  -96.894  16.623 0.0000000000
881  16.082  -97.095  16.330 0.0000000000
882  15.040  -97.248  15.993 0.0000000000
883  13.708  -97.356  15.485 0.0000000000
892  13.132  -96.989  15.138 0.0000000000
893  12.523  -97.415  14.975 0.0000000000
906  19.802  -97.627  13.040 0.0000000000
907  18.919  -97.845  12.928 0.0000000000
908  18.223  -97.980  12.873 0.0000000000
925  17.332  -98.027  12.729 0.0000000000
926  16.250  -98.254  12.610 0.0000000000
927  15.727  -98.460  12.459 0.0000000000
958  21.310  -97.269  10.042 0.0000000000
959  20.399  -97.421  9.841 0.0000000000
960  19.387  -97.467  9.359 0.0000000000
961  18.296  -97.755  9.188 0.0000000000
962  17.719  -97.936  9.051 0.0000000000
969  19.190  -97.052  8.566 0.0000000000
970  18.528  -97.351  8.430 0.0000000000
971  17.821  -97.767  8.519 0.0000000000
972  15.462  -97.279  8.504 0.0000000000
973  14.833  -97.624  8.752 0.0000000000
983  24.369  -98.158  7.310 0.0000000000
984  18.346  -97.389  7.491 0.0000000000
986  15.122  -97.457  7.911 0.0000000000
987  14.433  -97.819  7.714 0.0000000000
988  5.086  -97.454  7.546 0.0000000000
994  25.832  -97.468  6.989 0.0000000000
995  24.785  -97.506  6.768 0.0000000000
996  23.468  -97.724  6.543 0.0000000000
997  22.291  -97.920  6.131 0.0000000000
998  21.664  -98.067  5.947 0.0000000000
999  19.347  -97.625  6.034 0.0000000000
1000  18.702  -97.296  6.647 0.0000000000
1001  15.108  -97.395  6.917 0.0000000000
1002  14.309  -97.785  6.669 0.0000000000
1003  13.842  -98.030  6.634 0.0000000000
1010  23.265  -96.970  5.729 0.0000000000
1011  22.574  -97.221  5.605 0.0000000000
1012  21.580  -97.505  5.461 0.0000000000
1013  20.578  -97.560  5.473 0.0000000000
1014  19.936  -97.695  5.716 0.0000000000
1015  15.358  -97.002  6.065 0.0000000000
1016  14.678  -97.378  5.823 0.0000000000
1017  13.726  -97.908  5.931 0.0000000000
1018  12.757  -97.951  5.384 0.0000000000
1019  10.138  -98.114  5.207 0.0000000000
1020  9.770  -98.035  4.937 0.0000000000
1027  14.147  -97.422  5.329 0.0000000000
1028  13.499  -97.453  4.961 0.0000000000
1029  12.202  -97.440  4.484 0.0000000000
1030  10.560  -97.707  4.677 0.0000000000
1032  8.772  -97.953  3.885 0.0000000000
1033  8.585  -98.142  3.601 0.0000000000
1041  11.990  -96.799  3.787 0.0000000000
1042  11.207  -96.967  3.786 0.0000000000
1043  9.941  -97.011  3.830 0.0000000000
1058  17.219  -97.002  1.695 0.0000000000
1059  16.690  -97.535  1.900 0.0000000000
1060  15.929  -97.580  2.442 0.0000000000
1061  14.896  -97.698  2.570 0.0000000000
1062  13.607  -97.888  2.646 0.0000000000
1063  12.344  -98.040  2.388 0.0000000000
1064  11.333  -98.382  1.947 0.0000000000
1065  8.462  -97.639  2.570 0.0000000000
1077  17.100  -97.298  1.226 0.0000000000
1078  16.680  -97.875  1.232 0.0000000000
1079  14.241  -97.190  1.959 0.0000000000
1080  13.057  -97.320  1.373 0.0000000000
1081  11.909  -97.780  1.247 0.0000000000
1095  17.293  -96.948  0.460 0.0000000000
1096  16.610  -97.870  0.411 0.0000000000
1097  12.851  -97.144  0.674 0.0000000000
1098  12.470  -97.382  0.371 0.0000000000
1106  21.267  -97.203  -0.705 0.0000000000
1109  16.771  -97.308  -0.334 0.0000000000
1110  15.975  -98.074  -0.984 0.0000000000
1111  12.117  -97.490  -0.690 0.0000000000
1123  15.783  -98.246  -1.953 0.0000000000
1131  15.818  -98.366  -2.688 0.0000000000
1143  16.034  -98.313  -3.832 0.0000000000
1255  20.459  -96.099  25.650 0.0000000000
1256  19.650  -96.178  25.794 0.0000000000
1321  16.912  -96.453  16.132 0.0000000000
1322  16.142  -96.493  15.845 0.0000000000
1323  15.436  -96.354  15.695 0.0000000000
1324  14.565  -96.489  15.521 0.0000000000
1381  21.949  -97.186  10.094 0.0000000000
1387  23.140  -96.129  9.927 0.0000000000
1388  22.674  -96.436  9.810 0.0000000000
1389  21.828  -96.658  9.422 0.0000000000
1390  20.786  -96.918  9.298 0.0000000000
1391  20.121  -97.114  9.270 0.0000000000
1398  21.649  -96.302  8.909 0.0000000000
1399  21.127  -96.336  8.672 0.0000000000
1400  19.941  -96.682  8.560 0.0000000000
1401  19.004  -96.806  7.890 0.0000000000
1403  16.042  -96.772  8.637 0.0000000000
1405  5.385  -97.032  8.385 0.0000000000
1412  20.486  -96.006  7.962 0.0000000000
1413  19.685  -96.148  7.262 0.0000000000
1414  18.869  -96.760  7.012 0.0000000000
1415  16.223  -96.441  7.555 0.0000000000
1416  15.655  -97.049  7.698 0.0000000000
1417  6.101  -96.242  7.758 0.0000000000
1418  5.552  -96.877  7.499 0.0000000000
1424  27.863  -96.683  6.776 0.0000000000
1425  26.733  -96.901  6.794 0.0000000000
1426  25.389  -96.593  6.289 0.0000000000
1427  24.278  -96.918  6.118 0.0000000000
1428  23.694  -97.027  5.953 0.0000000000
1429  19.312  -96.666  6.333 0.0000000000
1430  18.903  -96.864  6.649 0.0000000000
1431  16.389  -96.042  6.484 0.0000000000
1432  15.816  -96.778  6.701 0.0000000000
1433  5.820  -96.431  6.816 0.0000000000
1434  5.351  -97.091  6.922 0.0000000000
1440  24.573  -96.179  5.706 0.0000000000
1441  23.734  -96.439  5.528 0.0000000000
1442  22.840  -96.397  5.120 0.0000000000
1443  21.960  -96.641  4.983 0.0000000000
1444  20.891  -96.489  5.012 0.0000000000
1445  19.910  -97.027  5.528 0.0000000000
1446  16.244  -95.961  5.769 0.0000000000
1447  15.792  -96.357  5.624 0.0000000000
1448  15.169  -96.834  5.424 0.0000000000
1449  5.731  -96.325  6.297 0.0000000000
1450  5.198  -96.789  5.988 0.0000000000
1455  22.267  -96.091  4.798 0.0000000000
1456  21.701  -95.884  4.746 0.0000000000
1457  21.184  -95.617  4.844 0.0000000000
1458  15.307  -96.443  5.032 0.0000000000
1459  14.541  -96.762  4.769 0.0000000000
1460  13.357  -96.781  4.259 0.0000000000
1461  12.556  -96.643  3.833 0.0000000000
1468  14.022  -96.200  4.069 0.0000000000
1469  13.235  -96.093  3.550 0.0000000000
1470  11.975  -96.170  3.072 0.0000000000
1471  10.574  -96.578  3.013 0.0000000000
1472  9.465  -96.796  2.986 0.0000000000
1484  17.122  -96.738  1.887 0.0000000000
1485  16.563  -96.597  2.067 0.0000000000
1486  15.619  -96.812  2.181 0.0000000000
1487  14.944  -97.069  2.070 0.0000000000
1488  11.874  -95.763  2.244 0.0000000000
1489  11.037  -96.230  2.080 0.0000000000
1492  5.575  -96.278  2.135 0.0000000000
1500  18.071  -95.911  1.255 0.0000000000
1501  17.670  -96.339  1.359 0.0000000000
1502  17.191  -96.155  1.826 0.0000000000
1503  15.619  -96.194  1.771 0.0000000000
1504  14.876  -96.413  1.564 0.0000000000
1505  13.957  -96.873  1.129 0.0000000000
1508  8.841  -97.522  1.635 0.0000000000
1509  5.615  -96.268  1.433 0.0000000000
1518  18.120  -95.915  0.996 0.0000000000
1519  17.811  -96.190  0.480 0.0000000000
1520  14.092  -96.182  0.728 0.0000000000
1521  13.131  -96.784  0.214 0.0000000000
1522  12.603  -97.239  -0.231 0.0000000000
1536  17.343  -96.439  -0.498 0.0000000000
1537  16.498  -97.128  -1.088 0.0000000000
1538  12.927  -96.754  -0.873 0.0000000000
1539  12.655  -97.149  -0.652 0.0000000000
1552  16.757  -96.570  -1.731 0.0000000000
1553  16.101  -97.544  -2.048 0.0000000000
1554  13.118  -96.508  -1.551 0.0000000000
1555  12.561  -97.165  -1.615 0.0000000000
1569  16.338  -96.852  -2.784 0.0000000000
1570  16.060  -97.678  -3.071 0.0000000000
1571  12.993  -96.602  -2.706 0.0000000000
1587  16.581  -96.437  -3.407 0.0000000000
1588  16.318  -97.183  -3.877 0.0000000000
1589  12.982  -96.695  -3.597 0.0000000000
1590  12.535  -97.159  -3.707 0.0000000000
1604  12.953  -96.678  -4.118 0.0000000000
1726  22.336  -95.022  25.974 0.0000000000
1727  21.825  -95.492  25.845 0.0000000000
1814  16.965  -95.906  15.439 0.0000000000
1876  26.867  -95.529  10.182 0.0000000000
1877  25.702  -95.954  10.266 0.0000000000
1891  26.529  -94.784  9.690 0.0000000000
1892  25.858  -94.967  9.706 0.0000000000
1893  24.836  -95.241  9.804 0.0000000000
1894  23.728  -95.664  9.798 0.0000000000
1895  22.777  -95.892  9.415 0.0000000000
1896  22.312  -96.219  9.326 0.0000000000
1906  23.581  -94.927  9.194 0.0000000000
1907  22.945  -95.127  8.852 0.0000000000
1908  21.968  -95.844  8.700 0.0000000000
1909  21.161  -95.739  8.036 0.0000000000
1912  13.084  -94.802  8.729 0.0000000000
1913  12.584  -95.098  8.478 0.0000000000
1914  11.970  -95.119  8.347 0.0000000000
1920  22.321  -95.063  8.072 0.0000000000
1921  21.582  -95.178  7.719 0.0000000000
1922  20.669  -95.326  7.146 0.0000000000
1923  20.063  -95.647  6.739 0.0000000000
1926  13.123  -94.918  7.782 0.0000000000
1928  11.878  -94.942  7.484 0.0000000000
1929  7.133  -95.271  7.586 0.0000000000
1930  6.618  -95.693  7.699 0.0000000000
1934  28.508  -96.002  6.573 0.0000000000
1938  20.316  -95.347  6.159 0.0000000000
1939  19.791  -95.926  6.390 0.0000000000
1942  13.191  -94.928  7.121 0.0000000000
1943  12.729  -95.065  7.076 0.0000000000
1944  12.262  -95.038  7.165 0.0000000000
1945  6.930  -95.360  6.692 0.0000000000
1946  6.487  -95.802  7.107 0.0000000000
1954  24.779  -95.508  5.370 0.0000000000
1955  24.088  -95.721  5.194 0.0000000000
1956  23.399  -95.850  4.979 0.0000000000
1957  21.115  -94.882  5.059 0.0000000000
1958  20.820  -95.325  5.184 0.0000000000
1959  20.026  -96.080  5.612 0.0000000000
1963  6.164  -95.776  5.994 0.0000000000
1964  5.574  -96.111  5.142 0.0000000000
1969  24.353  -95.148  4.949 0.0000000000
1970  23.671  -95.184  4.757 0.0000000000
1971  22.610  -95.393  4.651 0.0000000000
1972  21.481  -95.016  4.768 0.0000000000
1973  21.132  -95.322  4.868 0.0000000000
1976  14.619  -95.989  4.225 0.0000000000
1978  6.086  -95.625  4.548 0.0000000000
1979  5.557  -96.066  4.517 0.0000000000
1989  13.096  -95.314  2.639 0.0000000000
1990  12.338  -95.608  2.463 0.0000000000
1993  5.533  -96.087  3.830 0.0000000000
2005  16.557  -96.127  1.920 0.0000000000
2006  16.178  -96.128  1.890 0.0000000000
2009  11.647  -95.741  1.669 0.0000000000
2010  5.921  -95.813  2.228 0.0000000000
2022  18.636  -95.144  1.224 0.0000000000
2023  18.345  -95.455  1.283 0.0000000000
2024  17.714  -95.446  1.712 0.0000000000
2025  16.830  -95.609  1.788 0.0000000000
2026  15.742  -95.432  1.245 0.0000000000
2027  14.853  -95.784  0.819 0.0000000000
2028  11.856  -95.436  1.026 0.0000000000
2029  11.085  -96.124  1.105 0.0000000000
2031  3.489  -95.481  1.096 0.0000000000
2032  2.788  -95.271  1.343 0.0000000000
2033  2.268  -94.890  1.457 0.0000000000
2037  18.732  -95.153  0.988 0.0000000000
2038  18.379  -95.492  0.374 0.0000000000
2039  17.881  -95.961  0.007 0.0000000000
2040  15.059  -95.272  0.502 0.0000000000
2041  14.336  -95.552  0.041 0.0000000000
2042  13.732  -96.106  0.093 0.0000000000
2052  18.367  -95.168  -0.686 0.0000000000
2053  17.930  -95.735  -0.432 0.0000000000
2054  14.004  -95.368  -0.856 0.0000000000
2066  18.176  -95.067  -1.375 0.0000000000
2067  17.614  -95.640  -1.460 0.0000000000
2068  14.196  -94.907  -1.393 0.0000000000
2069  13.650  -95.722  -1.775 0.0000000000
2087  16.937  -96.066  -2.619 0.0000000000
2088  14.108  -94.812  -2.339 0.0000000000
2089  13.572  -95.664  -2.755 0.0000000000
2107  16.980  -95.774  -3.793 0.0000000000
2108  16.564  -96.487  -3.984 0.0000000000
2109  13.758  -95.173  -3.221 0.0000000000
2110  13.303  -96.017  -3.614 0.0000000000
2124  16.920  -95.727  -5.053 0.0000000000
2125  16.493  -96.635  -4.842 0.0000000000
2126  13.105  -96.071  -4.560 0.0000000000
2127  12.703  -96.000  -5.398 0.0000000000
2143  16.627  -96.369  -5.991 0.0000000000
2144  15.994  -96.871  -5.774 0.0000000000
2145  12.049  -95.517  -5.985 0.0000000000
2160  17.151  -95.844  -6.706 0.0000000000
2172  17.386  -95.661  -7.716 0.0000000000
2361  26.350  -94.981  18.181 0.0000000000
2375  27.628  -94.751  17.246 0.0000000000
2376  26.935  -94.892  17.780 0.0000000000
2445  29.543  -94.744  12.835 0.0000000000
2482  28.618  -94.627  11.152 0.0000000000
2483  28.201  -94.641  10.586 0.0000000000
2484  27.624  -94.924  10.144 0.0000000000
2498  27.705  -94.243  10.175 0.0000000000
2499  27.076  -94.380  9.768 0.0000000000
2502  24.120  -94.785  9.349 0.0000000000
2512  23.612  -94.206  8.672 0.0000000000
2513  22.702  -94.325  8.115 0.0000000000
2515  13.469  -94.362  8.287 0.0000000000
2516  11.457  -94.593  8.146 0.0000000000
2517  8.020  -94.182  8.066 0.0000000000
2521  21.982  -94.391  7.583 0.0000000000
2522  21.299  -94.534  6.979 0.0000000000
2523  20.932  -94.880  6.851 0.0000000000
2525  13.501  -94.467  7.729 0.0000000000
2526  11.435  -94.389  7.198 0.0000000000
2527  8.001  -94.216  7.353 0.0000000000
2528  7.650  -94.661  7.624 0.0000000000
2533  29.730  -94.752  6.508 0.0000000000
2534  28.829  -94.930  6.283 0.0000000000
2535  28.126  -95.252  6.161 0.0000000000
2536  21.210  -94.297  6.369 0.0000000000
2537  20.870  -94.787  6.411 0.0000000000
2540  13.499  -94.542  7.224 0.0000000000
2541  13.118  -94.650  6.576 0.0000000000
2542  12.126  -94.575  6.530 0.0000000000
2543  8.177  -93.926  6.754 0.0000000000
2544  7.551  -94.643  6.689 0.0000000000
2553  28.221  -94.722  6.008 0.0000000000
2557  24.946  -94.717  5.026 0.0000000000
2558  21.198  -94.375  5.506 0.0000000000
2559  20.750  -94.931  5.796 0.0000000000
2562  12.707  -94.265  6.113 0.0000000000
2563  12.277  -94.032  5.931 0.0000000000
2564  8.037  -93.895  5.723 0.0000000000
2565  7.408  -94.593  5.694 0.0000000000
2573  24.203  -94.532  4.696 0.0000000000
2574  23.340  -94.393  4.514 0.0000000000
2580  7.949  -93.834  4.589 0.0000000000
2581  7.553  -94.375  4.994 0.0000000000
2593  7.888  -93.838  3.923 0.0000000000
2613  2.176  -94.202  2.136 0.0000000000
2621  18.801  -94.796  1.263 0.0000000000
2622  18.405  -94.569  1.594 0.0000000000
2623  17.667  -94.497  1.658 0.0000000000
2624  16.692  -94.342  1.193 0.0000000000
2625  16.034  -94.651  0.837 0.0000000000
2638  19.085  -94.616  0.484 0.0000000000
2639  18.738  -95.023  -0.054 0.0000000000
2640  16.115  -94.194  0.591 0.0000000000
2641  15.466  -94.560  0.238 0.0000000000
2642  14.864  -95.018  0.079 0.0000000000
2646  5.245  -94.360  0.025 0.0000000000
2651  19.451  -94.117  -0.612 0.0000000000
2652  18.872  -94.676  -0.454 0.0000000000
2653  15.115  -94.112  -0.559 0.0000000000
2654  14.652  -94.768  -0.543 0.0000000000
2658  5.143  -94.388  -1.111 0.0000000000
2662  19.353  -94.079  -1.395 0.0000000000
2663  18.687  -94.504  -1.481 0.0000000000
2664  18.022  -95.018  -1.889 0.0000000000
2665  15.242  -93.726  -0.857 0.0000000000
2666  14.755  -94.059  -1.393 0.0000000000
2684  18.134  -94.701  -2.558 0.0000000000
2685  17.535  -95.324  -2.604 0.0000000000
2686  14.497  -93.842  -2.403 0.0000000000
2691  4.218  -94.932  -3.047 0.0000000000
2705  17.677  -94.994  -3.382 0.0000000000
2706  14.024  -94.354  -3.169 0.0000000000
2707  13.564  -95.017  -4.058 0.0000000000
2712  4.764  -94.679  -3.798 0.0000000000
2724  17.551  -94.885  -4.485 0.0000000000
2725  13.044  -95.284  -4.861 0.0000000000
2726  12.731  -95.010  -5.459 0.0000000000
2746  17.834  -94.388  -5.282 0.0000000000
2747  17.243  -95.104  -5.938 0.0000000000
2748  12.258  -94.654  -5.853 0.0000000000
2749  11.514  -94.682  -6.334 0.0000000000
2767  17.547  -94.609  -7.192 0.0000000000
2768  17.355  -95.102  -7.008 0.0000000000
2769  10.703  -94.952  -6.870 0.0000000000
2783  17.628  -94.457  -7.625 0.0000000000
2784  17.461  -94.851  -7.776 0.0000000000
2794  17.501  -94.482  -8.259 0.0000000000
3012  26.284  -94.400  18.048 0.0000000000
3022  27.402  -94.038  17.284 0.0000000000
3023  26.808  -93.879  17.604 0.0000000000
3068  29.138  -93.784  14.900 0.0000000000
3095  29.484  -93.691  12.719 0.0000000000
3112  29.413  -93.979  12.055 0.0000000000
3113  29.014  -94.281  11.494 0.0000000000
3131  28.552  -93.932  11.003 0.0000000000
3146  27.539  -93.524  9.909 0.0000000000
3147  26.818  -93.360  9.359 0.0000000000
3164  23.542  -93.189  8.035 0.0000000000
3165  23.014  -93.739  8.115 0.0000000000
3168  11.146  -93.759  7.798 0.0000000000
3169  10.431  -93.235  8.364 0.0000000000
3170  9.315  -93.217  8.401 0.0000000000
3174  23.026  -92.793  7.551 0.0000000000
3175  22.433  -93.408  7.345 0.0000000000
3181  11.137  -93.749  7.018 0.0000000000
3182  10.561  -93.371  7.215 0.0000000000
3183  9.610  -93.177  7.392 0.0000000000
3184  8.603  -93.620  7.572 0.0000000000
3192  30.754  -93.598  6.496 0.0000000000
3193  30.007  -93.836  6.365 0.0000000000
3194  29.260  -93.950  6.228 0.0000000000
3195  22.055  -93.222  6.735 0.0000000000
3196  21.662  -93.627  6.469 0.0000000000
3202  11.436  -93.934  6.512 0.0000000000
3203  10.848  -93.464  6.347 0.0000000000
3204  9.933  -93.108  6.398 0.0000000000
3205  8.868  -93.420  6.431 0.0000000000
3214  28.272  -93.953  5.847 0.0000000000
3217  25.171  -93.723  4.803 0.0000000000
3218  24.641  -94.137  4.742 0.0000000000
3219  21.935  -92.843  5.287 0.0000000000
3220  21.645  -93.379  5.543 0.0000000000
3226  11.542  -93.361  5.524 0.0000000000
3227  10.267  -93.132  5.512 0.0000000000
3228  9.312  -93.287  5.597 0.0000000000
3229  8.697  -93.489  5.669 0.0000000000
3237  24.778  -93.342  4.607 0.0000000000
3238  24.235  -93.596  4.513 0.0000000000
3239  23.080  -93.414  4.402 0.0000000000
3240  22.141  -93.318  4.785 0.0000000000
3241  21.604  -93.777  5.077 0.0000000000
3244  11.120  -92.701  4.675 0.0000000000
3245  10.355  -92.815  4.503 0.0000000000
3246  9.444  -93.181  4.725 0.0000000000
3247  8.658  -93.494  5.013 0.0000000000
3258  9.960  -92.766  3.806 0.0000000000
3259  9.512  -92.982  3.887 0.0000000000
3260  8.604  -93.455  3.864 0.0000000000
3261  7.802  -93.857  3.231 0.0000000000
3274  19.253  -93.054  1.738 0.0000000000
3275  19.052  -93.151  1.853 0.0000000000
3279  9.155  -93.022  2.994 0.0000000000
3290  19.974  -93.123  0.870 0.0000000000
3291  19.303  -93.639  1.478 0.0000000000
3292  18.509  -93.514  1.694 0.0000000000
3293  17.621  -93.304  1.369 0.0000000000
3294  16.992  -93.561  0.941 0.0000000000
3298  8.978  -92.883  1.670 0.0000000000
3301  6.076  -93.419  0.840 0.0000000000
3302  5.606  -93.835  1.028 0.0000000000
3307  20.076  -93.067  0.268 0.0000000000
3308  19.716  -93.676  0.400 0.0000000000
3309  17.089  -93.065  0.784 0.0000000000
3310  16.418  -93.440  0.340 0.0000000000
3311  15.962  -93.999  0.179 0.0000000000
3317  6.238  -93.280  0.172 0.0000000000
3318  5.763  -93.678  0.296 0.0000000000
3321  20.257  -92.860  -0.062 0.0000000000
3322  20.027  -93.301  -0.428 0.0000000000
3323  15.935  -93.081  -0.415 0.0000000000
3324  15.688  -93.726  -0.339 0.0000000000
3330  6.305  -93.134  -0.601 0.0000000000
3331  5.742  -93.683  -0.657 0.0000000000
3339  19.804  -93.600  -1.394 0.0000000000
3340  19.253  -93.946  -1.883 0.0000000000
3341  15.875  -92.796  -0.676 0.0000000000
3342  15.473  -93.189  -1.115 0.0000000000
3343  14.836  -93.360  -1.803 0.0000000000
3361  19.630  -93.531  -2.531 0.0000000000
3362  18.823  -94.177  -2.572 0.0000000000
3363  15.014  -92.888  -1.711 0.0000000000
3364  14.667  -93.044  -2.396 0.0000000000
3377  14.236  -93.468  -3.019 0.0000000000
3378  13.795  -93.842  -3.816 0.0000000000
3384  5.611  -93.661  -3.969 0.0000000000
3385  5.138  -93.989  -3.620 0.0000000000
3393  13.206  -94.194  -4.763 0.0000000000
3394  12.590  -94.130  -5.371 0.0000000000
3399  6.759  -93.360  -5.092 0.0000000000
3400  6.033  -93.946  -4.941 0.0000000000
3409  17.752  -94.319  -6.046 0.0000000000
3411  11.353  -93.632  -6.089 0.0000000000
3425  18.071  -94.152  -6.921 0.0000000000
3426  17.532  -94.613  -6.615 0.0000000000
3427  10.902  -94.177  -6.508 0.0000000000
3440  17.946  -94.236  -7.904 0.0000000000
3449  18.467  -93.567  -8.901 0.0000000000
3450  17.910  -94.152  -8.687 0.0000000000
3451  17.489  -94.476  -8.731 0.0000000000
3459  18.197  -93.843  -9.710 0.0000000000
3460  17.626  -94.457  -9.240 0.0000000000
3470  17.873  -94.416  -9.893 0.0000000000
3648  22.478  -92.626  25.973 0.0000000000
3704  29.664  -92.167  21.342 0.0000000000
3705  28.876  -92.209  21.883 0.0000000000
3714  30.503  -92.136  20.749 0.0000000000
3715  30.064  -92.053  20.756 0.0000000000
3761  28.172  -92.847  15.807 0.0000000000
3762  27.638  -93.184  16.625 0.0000000000
3772  28.699  -93.436  15.281 0.0000000000
3786  29.379  -93.569  14.061 0.0000000000
3787  28.980  -93.175  14.432 0.0000000000
3800  29.285  -93.195  13.728 0.0000000000
3801  28.901  -92.601  13.584 0.0000000000
3813  29.307  -92.943  13.013 0.0000000000
3814  28.972  -92.534  13.058 0.0000000000
3830  28.940  -93.241  11.436 0.0000000000
3846  28.471  -93.171  10.769 0.0000000000
3847  27.997  -92.852  10.261 0.0000000000
3880  24.127  -92.505  7.948 0.0000000000
3892  32.213  -91.916  7.050 0.0000000000
3895  22.777  -92.380  7.108 0.0000000000
3909  31.044  -92.693  6.739 0.0000000000
3910  30.024  -92.746  6.346 0.0000000000
3911  29.576  -93.346  6.231 0.0000000000
3912  22.149  -92.664  6.372 0.0000000000
3913  21.717  -93.081  6.063 0.0000000000
3930  22.113  -92.458  5.595 0.0000000000
3931  21.825  -92.836  5.778 0.0000000000
3938  12.414  -92.781  5.184 0.0000000000
3950  22.320  -92.392  5.008 0.0000000000
3957  11.796  -92.194  4.423 0.0000000000
3958  10.927  -92.446  4.080 0.0000000000
3971  9.721  -92.754  3.352 0.0000000000
3984  19.201  -92.737  1.851 0.0000000000
3985  18.865  -92.721  1.881 0.0000000000
3990  9.761  -92.590  2.599 0.0000000000
3999  19.952  -92.595  1.362 0.0000000000
4000  19.447  -92.716  1.696 0.0000000000
4001  18.396  -92.736  1.688 0.0000000000
4002  18.052  -92.307  1.414 0.0000000000
4006  9.917  -92.341  1.746 0.0000000000
4013  20.415  -92.432  0.434 0.0000000000
4014  17.402  -92.297  0.825 0.0000000000
4015  16.896  -92.669  0.326 0.0000000000
4023  20.468  -92.655  -0.599 0.0000000000
4024  20.227  -93.164  -1.031 0.0000000000
4025  16.953  -92.097  0.168 0.0000000000
4026  16.352  -92.416  -0.297 0.0000000000
4027  15.784  -91.990  -0.762 0.0000000000
4046  20.504  -92.907  -1.410 0.0000000000
4047  20.213  -93.278  -1.385 0.0000000000
4048  15.755  -92.564  -0.830 0.0000000000
4049  15.359  -92.413  -1.339 0.0000000000
4054  7.093  -92.306  -1.800 0.0000000000
4066  20.194  -93.301  -1.815 0.0000000000
4067  14.812  -92.448  -1.924 0.0000000000
4068  14.349  -92.365  -2.601 0.0000000000
4069  13.829  -92.081  -2.897 0.0000000000
4075  7.258  -92.132  -2.423 0.0000000000
4082  14.326  -92.924  -2.862 0.0000000000
4083  13.828  -92.753  -3.354 0.0000000000
4084  13.115  -92.363  -4.017 0.0000000000
4089  7.150  -92.188  -3.334 0.0000000000
4091  1.340  -92.503  -4.224 0.0000000000
4097  30.054  -92.182  -5.121 0.0000000000
4098  28.974  -91.971  -5.217 0.0000000000
4099  27.910  -91.972  -5.158 0.0000000000
4100  26.973  -92.038  -5.042 0.0000000000
4103  13.358  -93.204  -4.220 0.0000000000
4104  12.554  -92.873  -4.974 0.0000000000
4109  7.262  -92.635  -4.629 0.0000000000
4110  6.559  -93.182  -4.674 0.0000000000
4111  2.302  -92.366  -4.967 0.0000000000
4117  29.567  -92.432  -6.065 0.0000000000
4118  28.498  -92.402  -5.947 0.0000000000
4119  27.407  -92.403  -5.805 0.0000000000
4120  26.213  -92.162  -5.603 0.0000000000
4121  25.287  -92.025  -5.899 0.0000000000
4122  24.820  -91.911  -6.017 0.0000000000
4138  28.027  -92.385  -6.854 0.0000000000
4139  26.882  -92.484  -6.733 0.0000000000
4140  25.751  -92.364  -6.651 0.0000000000
4141  24.935  -92.126  -6.500 0.0000000000
4151  28.655  -92.439  -7.823 0.0000000000
4152  27.582  -92.287  -7.865 0.0000000000
4153  26.365  -92.322  -7.774 0.0000000000
4154  24.996  -92.290  -7.583 0.0000000000
4155  24.330  -92.205  -8.055 0.0000000000
4167  25.854  -92.238  -8.827 0.0000000000
4168  24.776  -92.194  -8.729 0.0000000000
4169  23.886  -92.100  -8.531 0.0000000000
4171  12.527  -91.744  -8.742 0.0000000000
4172  11.982  -91.662  -8.846 0.0000000000
4173  11.128  -91.774  -8.934 0.0000000000
4192  19.049  -92.899  -10.149 0.0000000000
4193  18.460  -93.570  -10.387 0.0000000000
4194  12.443  -91.870  -9.069 0.0000000000
4209  26.927  -92.603  -10.963 0.0000000000
4210  25.735  -92.212  -11.105 0.0000000000
4215  18.567  -93.349  -10.843 0.0000000000
4403  22.306  -91.529  25.640 0.0000000000
4439  28.320  -91.948  23.533 0.0000000000
4440  28.239  -91.826  23.117 0.0000000000
4484  31.713  -91.808  20.168 0.0000000000
4485  30.595  -91.696  20.541 0.0000000000
4505  32.142  -91.225  19.586 0.0000000000
4521  33.345  -91.136  18.417 0.0000000000
4545  28.070  -92.225  15.626 0.0000000000
4546  27.764  -92.023  16.055 0.0000000000
4556  28.339  -92.370  15.119 0.0000000000
4557  27.959  -91.811  15.513 0.0000000000
4595  28.995  -92.524  12.807 0.0000000000
4615  28.411  -92.285  10.887 0.0000000000
4616  27.714  -91.962  10.171 0.0000000000
4655  33.031  -91.189  6.996 0.0000000000
4656  32.593  -91.486  7.084 0.0000000000
4657  31.803  -91.547  7.176 0.0000000000
4658  31.121  -91.322  7.000 0.0000000000
4678  31.307  -91.952  6.900 0.0000000000
4679  30.525  -91.676  6.600 0.0000000000
4726  12.075  -91.718  4.070 0.0000000000
4758  19.387  -92.414  1.814 0.0000000000
4759  19.179  -92.318  1.912 0.0000000000
4771  20.477  -91.627  1.225 0.0000000000
4772  19.675  -91.872  1.850 0.0000000000
4773  18.714  -91.808  1.834 0.0000000000
4774  17.913  -91.337  1.173 0.0000000000
4784  20.823  -91.479  0.332 0.0000000000
4785  17.087  -91.320  0.369 0.0000000000
4786  16.661  -90.889  0.094 0.0000000000
4795  20.823  -91.908  -0.351 0.0000000000
4796  16.743  -91.797  -0.078 0.0000000000
4797  16.311  -91.356  -0.273 0.0000000000
4819  15.290  -91.721  -1.145 0.0000000000
4827  7.716  -91.826  -1.686 0.0000000000
4834  15.004  -91.975  -1.598 0.0000000000
4835  14.572  -91.800  -2.005 0.0000000000
4841  7.729  -91.803  -2.739 0.0000000000
4844  1.408  -91.609  -3.236 0.0000000000
4850  31.518  -91.211  -3.851 0.0000000000
4861  7.698  -91.900  -3.264 0.0000000000
4864  1.267  -92.108  -3.997 0.0000000000
4867  30.612  -91.542  -4.326 0.0000000000
4868  29.453  -91.409  -4.620 0.0000000000
4869  28.368  -91.373  -4.675 0.0000000000
4870  27.308  -91.372  -4.713 0.0000000000
4871  26.165  -91.418  -4.901 0.0000000000
4872  25.098  -91.095  -4.801 0.0000000000
4873  24.220  -90.917  -4.862 0.0000000000
4874  23.730  -90.718  -5.049 0.0000000000
4881  11.254  -91.334  -4.535 0.0000000000
4882  10.134  -91.481  -4.710 0.0000000000
4883  9.042  -91.675  -4.597 0.0000000000
4885  7.691  -92.017  -3.720 0.0000000000
4886  3.491  -91.557  -5.192 0.0000000000
4887  2.920  -91.742  -4.467 0.0000000000
4888  2.170  -92.156  -4.247 0.0000000000
4891  25.961  -91.789  -5.219 0.0000000000
4892  25.539  -91.697  -5.290 0.0000000000
4893  24.613  -91.572  -5.542 0.0000000000
4894  23.781  -91.112  -5.446 0.0000000000
4900  3.461  -91.690  -5.889 0.0000000000
4905  24.513  -91.859  -6.198 0.0000000000
4906  23.910  -91.580  -6.253 0.0000000000
4907  23.259  -91.284  -6.637 0.0000000000
4909  14.786  -91.142  -6.679 0.0000000000
4910  14.611  -91.100  -6.859 0.0000000000
4911  3.737  -91.467  -6.568 0.0000000000
4916  24.382  -92.031  -6.764 0.0000000000
4917  23.776  -91.886  -7.409 0.0000000000
4918  22.840  -91.224  -7.377 0.0000000000
4921  15.168  -91.156  -7.120 0.0000000000
4922  14.875  -91.124  -7.023 0.0000000000
4923  13.990  -91.213  -7.551 0.0000000000
4928  4.790  -91.258  -8.090 0.0000000000
4929  4.033  -91.616  -7.749 0.0000000000
4930  3.278  -92.367  -7.318 0.0000000000
4933  23.081  -91.714  -8.283 0.0000000000
4934  22.463  -91.113  -8.338 0.0000000000
4937  14.982  -91.076  -7.384 0.0000000000
4938  14.338  -91.184  -8.263 0.0000000000
4939  13.135  -91.668  -8.587 0.0000000000
4946  6.358  -91.778  -8.538 0.0000000000
4947  5.221  -91.646  -8.414 0.0000000000
4948  4.549  -91.916  -8.446 0.0000000000
4955  13.481  -91.291  -9.621 0.0000000000
4956  12.515  -91.723  -9.470 0.0000000000
4962  25.426  -92.065  -11.721 0.0000000000
4963  24.971  -91.937  -11.527 0.0000000000
4967  19.429  -91.926  -11.200 0.0000000000
4982  25.582  -92.214  -11.851 0.0000000000
4983  25.176  -91.984  -12.087 0.0000000000
4984  24.458  -91.780  -12.147 0.0000000000
4985  23.408  -91.542  -12.088 0.0000000000
5243  28.426  -91.393  23.823 0.0000000000
5244  28.271  -91.497  23.302 0.0000000000
5299  31.395  -90.827  20.118 0.0000000000
5300  30.311  -90.851  20.731 0.0000000000
5315  32.557  -90.649  19.121 0.0000000000
5316  32.032  -90.734  19.592 0.0000000000
5331  33.520  -90.680  17.973 0.0000000000
5332  33.075  -90.898  18.574 0.0000000000
5369  34.320  -90.288  16.649 0.0000000000
5370  27.308  -91.298  16.294 0.0000000000
5385  28.031  -91.572  15.147 0.0000000000
5386  27.649  -90.996  15.600 0.0000000000
5398  34.749  -89.919  14.583 0.0000000000
5399  28.232  -91.780  14.717 0.0000000000
5415  34.882  -89.920  14.252 0.0000000000
5427  28.458  -91.646  12.158 0.0000000000
5428  28.004  -91.288  12.676 0.0000000000
5436  28.437  -91.692  11.755 0.0000000000
5437  27.930  -91.211  11.766 0.0000000000
5478  25.602  -90.405  8.403 0.0000000000
5492  33.235  -90.938  6.916 0.0000000000
5494  32.044  -90.738  7.343 0.0000000000
5495  31.315  -90.715  7.219 0.0000000000
5513  30.615  -90.655  6.853 0.0000000000
5532  27.650  -90.944  5.257 0.0000000000
5582  20.338  -90.687  1.758 0.0000000000
5583  19.357  -90.662  1.996 0.0000000000
5584  18.318  -90.512  1.566 0.0000000000
5585  17.984  -90.746  1.211 0.0000000000
5594  20.958  -90.515  0.759 0.0000000000
5595  18.003  -90.009  1.258 0.0000000000
5596  17.633  -90.408  0.956 0.0000000000
5597  16.868  -90.409  0.383 0.0000000000
5609  16.276  -90.447  0.001 0.0000000000
5637  2.748  -90.153  -1.736 0.0000000000
5638  2.455  -90.122  -1.530 0.0000000000
5661  31.597  -90.351  -3.864 0.0000000000
5679  30.859  -90.526  -4.002 0.0000000000
5680  29.896  -90.637  -4.279 0.0000000000
5681  28.867  -90.629  -4.459 0.0000000000
5682  27.816  -90.594  -4.496 0.0000000000
5683  26.730  -90.517  -4.581 0.0000000000
5684  25.622  -90.390  -4.581 0.0000000000
5685  24.597  -90.282  -4.512 0.0000000000
5686  23.795  -90.302  -4.714 0.0000000000
5691  16.462  -89.484  -4.525 0.0000000000
5693  11.098  -90.683  -3.938 0.0000000000
5694  10.548  -90.725  -3.933 0.0000000000
5697  3.315  -91.286  -3.696 0.0000000000
5701  23.241  -90.441  -5.393 0.0000000000
5702  22.834  -90.222  -5.674 0.0000000000
5703  20.689  -90.620  -5.745 0.0000000000
5707  15.689  -90.028  -5.236 0.0000000000
5709  4.538  -90.370  -5.543 0.0000000000
5710  4.070  -90.980  -5.708 0.0000000000
5714  23.325  -91.032  -5.970 0.0000000000
5715  22.728  -90.495  -6.303 0.0000000000
5716  20.418  -90.730  -6.871 0.0000000000
5718  15.986  -90.548  -5.990 0.0000000000
5719  14.886  -90.807  -6.366 0.0000000000
5720  14.115  -90.951  -6.961 0.0000000000
5721  4.696  -90.318  -6.311 0.0000000000
5722  4.278  -90.885  -6.944 0.0000000000
5725  22.356  -90.390  -7.538 0.0000000000
5730  15.126  -91.192  -6.684 0.0000000000
5738  6.751  -90.444  -7.893 0.0000000000
5739  5.268  -90.627  -7.680 0.0000000000
5740  4.468  -90.963  -7.497 0.0000000000
5742  22.093  -90.424  -8.532 0.0000000000
5746  14.950  -90.636  -7.935 0.0000000000
5747  14.570  -90.675  -8.621 0.0000000000
5753  6.489  -91.120  -8.250 0.0000000000
5754  5.840  -91.319  -8.283 0.0000000000
5760  14.798  -90.187  -8.868 0.0000000000
5761  14.323  -90.597  -9.528 0.0000000000
5762  6.581  -90.130  -10.382 0.0000000000
5763  5.824  -90.494  -10.224 0.0000000000
5765  3.812  -90.450  -10.254 0.0000000000
5775  6.456  -89.954  -10.872 0.0000000000
5782  22.758  -90.926  -12.493 0.0000000000
5798  22.543  -90.395  -12.607 0.0000000000
6114  31.459  -89.715  20.139 0.0000000000
6115  30.737  -89.819  20.571 0.0000000000
6127  32.585  -89.743  18.989 0.0000000000
6128  32.057  -89.949  19.622 0.0000000000
6141  33.426  -89.723  17.954 0.0000000000
6142  33.034  -90.168  18.510 0.0000000000
6156  33.915  -90.020  17.180 0.0000000000
6173  34.209  -89.925  16.541 0.0000000000
6174  27.212  -90.449  16.197 0.0000000000
6193  27.470  -89.994  15.708 0.0000000000
6207  27.643  -89.941  15.130 0.0000000000
6223  26.703  -88.976  13.497 0.0000000000
6238  27.124  -90.262  12.631 0.0000000000
6247  27.364  -90.424  11.237 0.0000000000
6260  26.835  -90.004  10.367 0.0000000000
6307  31.464  -89.933  7.283 0.0000000000
6342  27.484  -89.759  5.281 0.0000000000
6383  20.724  -89.714  1.458 0.0000000000
6384  20.006  -89.581  1.982 0.0000000000
6385  18.863  -89.475  1.909 0.0000000000
6386  18.225  -89.104  1.545 0.0000000000
6392  21.538  -88.998  0.170 0.0000000000
6393  21.289  -89.213  0.612 0.0000000000
6394  18.208  -89.702  1.523 0.0000000000
6395  17.781  -89.437  1.130 0.0000000000
6396  17.009  -89.529  0.687 0.0000000000
6397  16.389  -89.197  0.338 0.0000000000
6408  21.672  -89.159  -0.271 0.0000000000
6409  21.499  -89.962  -0.006 0.0000000000
6410  16.468  -89.829  0.270 0.0000000000
6418  3.421  -89.289  -0.490 0.0000000000
6419  2.581  -89.637  -0.753 0.0000000000
6436  4.529  -89.218  -1.791 0.0000000000
6437  3.740  -89.468  -1.323 0.0000000000
6438  2.897  -89.798  -1.389 0.0000000000
6439  2.545  -89.798  -1.205 0.0000000000
6448  18.285  -88.405  -3.174 0.0000000000
6449  17.618  -88.525  -3.244 0.0000000000
6455  4.705  -89.405  -2.726 0.0000000000
6457  3.313  -89.837  -1.836 0.0000000000
6467  31.655  -89.970  -3.941 0.0000000000
6472  17.267  -88.834  -3.685 0.0000000000
6476  4.718  -89.574  -3.497 0.0000000000
6488  31.419  -89.631  -4.226 0.0000000000
6489  30.359  -89.773  -4.302 0.0000000000
6490  29.398  -89.823  -4.529 0.0000000000
6491  28.388  -89.803  -4.676 0.0000000000
6492  27.344  -89.722  -4.715 0.0000000000
6493  26.215  -89.496  -4.713 0.0000000000
6494  25.037  -89.445  -4.551 0.0000000000
6495  23.939  -89.429  -4.546 0.0000000000
6496  23.167  -89.245  -4.724 0.0000000000
6502  4.925  -89.429  -4.135 0.0000000000
6512  30.807  -89.204  -4.716 0.0000000000
6513  30.038  -89.126  -4.915 0.0000000000
6514  29.014  -89.075  -5.044 0.0000000000
6515  27.985  -89.024  -5.118 0.0000000000
6516  27.007  -88.999  -5.231 0.0000000000
6517  26.268  -88.777  -5.268 0.0000000000
6518  23.302  -89.844  -4.836 0.0000000000
6519  22.681  -89.643  -5.432 0.0000000000
6523  17.004  -89.428  -5.798 0.0000000000
6526  4.970  -89.670  -5.297 0.0000000000
6530  22.025  -89.267  -6.752 0.0000000000
6531  21.656  -88.668  -7.296 0.0000000000
6532  20.180  -89.537  -6.497 0.0000000000
6533  19.723  -89.099  -7.077 0.0000000000
6534  17.099  -88.774  -6.268 0.0000000000
6535  16.503  -89.431  -6.584 0.0000000000
6537  13.451  -90.058  -6.888 0.0000000000
6538  12.175  -89.578  -7.060 0.0000000000
6539  11.118  -89.435  -6.998 0.0000000000
6540  10.077  -89.313  -6.965 0.0000000000
6541  9.004  -89.182  -6.931 0.0000000000
6542  7.915  -89.045  -6.962 0.0000000000
6543  6.865  -89.068  -6.957 0.0000000000
6544  6.002  -89.318  -6.799 0.0000000000
6545  5.382  -89.812  -6.553 0.0000000000
6550  21.981  -89.776  -7.983 0.0000000000
6551  21.753  -89.007  -7.903 0.0000000000
6552  20.173  -90.183  -7.358 0.0000000000
6553  19.747  -89.647  -7.803 0.0000000000
6554  15.842  -89.811  -7.480 0.0000000000
6560  9.520  -90.008  -7.472 0.0000000000
6561  8.446  -89.930  -7.386 0.0000000000
6562  7.380  -89.852  -7.376 0.0000000000
6563  6.342  -89.832  -7.338 0.0000000000
6564  5.732  -89.856  -7.122 0.0000000000
6570  21.961  -89.959  -8.520 0.0000000000
6571  21.854  -89.533  -8.730 0.0000000000
6572  19.557  -89.906  -8.868 0.0000000000
6580  6.790  -89.315  -8.964 0.0000000000
6581  5.809  -89.529  -8.917 0.0000000000
6582  5.001  -89.677  -8.945 0.0000000000
6589  21.770  -89.254  -9.442 0.0000000000
6592  14.729  -89.857  -9.714 0.0000000000
6597  7.405  -89.777  -9.845 0.0000000000
6598  6.370  -90.067  -9.569 0.0000000000
6599  5.370  -90.265  -9.400 0.0000000000
6600  4.234  -90.090  -9.359 0.0000000000
6610  15.194  -89.383  -10.289 0.0000000000
6616  6.970  -89.421  -11.001 0.0000000000
6626  21.710  -89.392  -11.582 0.0000000000
6637  6.546  -88.830  -11.595 0.0000000000
6638  6.152  -89.231  -11.616 0.0000000000
6641  22.347  -89.783  -12.715 0.0000000000
7032  31.193  -88.827  20.357 0.0000000000
7033  30.232  -88.628  20.797 0.0000000000
7043  32.327  -88.767  19.291 0.0000000000
7044  31.770  -89.015  19.863 0.0000000000
7052  33.347  -89.199  18.001 0.0000000000
7053  32.979  -89.090  18.442 0.0000000000
7062  33.618  -89.050  17.557 0.0000000000
7063  33.302  -88.910  18.013 0.0000000000
7075  34.226  -89.181  16.471 0.0000000000
7076  27.131  -89.602  16.027 0.0000000000
7077  26.555  -89.434  16.195 0.0000000000
7092  27.470  -89.175  15.477 0.0000000000
7093  26.892  -88.757  15.781 0.0000000000
7111  27.329  -88.260  14.203 0.0000000000
7126  34.109  -88.330  12.417 0.0000000000
7128  26.025  -87.611  12.408 0.0000000000
7139  34.082  -88.318  12.032 0.0000000000
7141  25.550  -87.440  11.691 0.0000000000
7156  26.108  -89.083  10.599 0.0000000000
7174  26.253  -89.416  9.963 0.0000000000
7204  24.951  -88.465  7.427 0.0000000000
7220  25.146  -88.148  6.523 0.0000000000
7235  26.759  -88.331  5.613 0.0000000000
7236  25.470  -88.445  5.649 0.0000000000
7281  20.587  -88.544  1.468 0.0000000000
7282  19.524  -88.439  1.852 0.0000000000
7283  18.563  -88.426  1.659 0.0000000000
7284  17.847  -88.540  1.298 0.0000000000
7295  21.499  -88.632  0.071 0.0000000000
7296  21.124  -88.186  0.596 0.0000000000
7297  17.308  -88.797  0.961 0.0000000000
7298  16.702  -88.576  0.601 0.0000000000
7299  16.056  -88.521  0.091 0.0000000000
7311  21.602  -88.436  -0.673 0.0000000000
7351  18.057  -88.074  -2.774 0.0000000000
7357  5.138  -88.755  -2.332 0.0000000000
7372  5.210  -88.929  -3.395 0.0000000000
7382  31.924  -88.921  -4.912 0.0000000000
7383  31.284  -89.059  -4.825 0.0000000000
7384  25.508  -88.713  -4.986 0.0000000000
7385  24.404  -88.366  -4.876 0.0000000000
7386  23.388  -88.507  -4.639 0.0000000000
7387  22.721  -88.753  -4.879 0.0000000000
7405  31.049  -88.663  -5.572 0.0000000000
7406  29.768  -88.651  -5.841 0.0000000000
7407  28.652  -88.634  -5.925 0.0000000000
7408  27.609  -88.592  -5.968 0.0000000000
7409  26.696  -88.564  -5.987 0.0000000000
7410  25.887  -88.415  -5.855 0.0000000000
7411  25.179  -88.078  -5.577 0.0000000000
7412  22.076  -88.552  -5.533 0.0000000000
7413  21.621  -88.111  -5.951 0.0000000000
7414  20.186  -88.948  -5.615 0.0000000000
7415  19.675  -88.422  -5.568 0.0000000000
7416  18.747  -88.023  -5.462 0.0000000000
7432  31.748  -88.657  -6.932 0.0000000000
7433  30.566  -88.589  -6.924 0.0000000000
7435  28.249  -88.439  -6.942 0.0000000000
7436  27.202  -88.447  -6.921 0.0000000000
7437  26.349  -88.257  -6.774 0.0000000000
7438  25.664  -87.879  -6.484 0.0000000000
7439  25.219  -87.547  -5.973 0.0000000000
7440  21.756  -88.545  -6.214 0.0000000000
7441  21.502  -88.148  -6.749 0.0000000000
7442  19.966  -88.827  -6.060 0.0000000000
7443  19.634  -88.637  -6.539 0.0000000000
7444  18.455  -87.932  -6.214 0.0000000000
7445  17.752  -88.081  -6.710 0.0000000000
7446  16.879  -88.621  -6.931 0.0000000000
7450  11.657  -88.807  -6.608 0.0000000000
7451  10.636  -88.639  -6.563 0.0000000000
7456  5.627  -89.177  -6.103 0.0000000000
7464  28.958  -88.480  -8.020 0.0000000000
7465  27.832  -88.359  -7.965 0.0000000000
7466  26.808  -88.302  -7.839 0.0000000000
7467  26.125  -87.743  -7.476 0.0000000000
7468  25.752  -87.565  -6.991 0.0000000000
7469  21.412  -88.213  -7.806 0.0000000000
7470  19.378  -88.651  -7.520 0.0000000000
7471  17.007  -88.259  -7.824 0.0000000000
7472  16.384  -88.927  -7.431 0.0000000000
7480  29.642  -88.874  -9.085 0.0000000000
7481  28.512  -88.567  -9.073 0.0000000000
7484  21.564  -88.579  -8.878 0.0000000000
7485  19.400  -88.937  -8.818 0.0000000000
7486  16.911  -88.281  -8.889 0.0000000000
7487  16.150  -88.866  -8.472 0.0000000000
7495  7.067  -88.341  -8.309 0.0000000000
7496  5.950  -88.506  -8.445 0.0000000000
7497  5.080  -88.829  -8.763 0.0000000000
7510  21.653  -88.725  -9.816 0.0000000000
7520  3.263  -88.815  -10.290 0.0000000000
7528  27.837  -88.343  -11.352 0.0000000000
7529  27.259  -87.781  -11.129 0.0000000000
7530  21.563  -88.585  -10.683 0.0000000000
7552  21.549  -88.338  -11.696 0.0000000000
7563  7.049  -88.099  -11.732 0.0000000000
7564  6.010  -88.500  -11.810 0.0000000000
7569  22.630  -88.634  -13.694 0.0000000000
7570  22.036  -88.683  -12.939 0.0000000000
7581  6.763  -87.395  -12.208 0.0000000000
7582  6.020  -87.788  -12.161 0.0000000000
7587  22.498  -88.319  -13.598 0.0000000000
7994  30.923  -88.021  20.423 0.0000000000
7995  30.348  -87.625  20.501 0.0000000000
7996  29.475  -87.717  20.707 0.0000000000
7997  28.443  -87.619  20.751 0.0000000000
8009  32.206  -87.980  19.266 0.0000000000
8010  31.613  -87.812  19.717 0.0000000000
8011  30.924  -87.398  20.214 0.0000000000
8023  32.531  -87.865  18.703 0.0000000000
8024  32.110  -87.609  19.192 0.0000000000
8038  33.181  -88.315  17.984 0.0000000000
8068  27.520  -88.146  15.176 0.0000000000
8069  26.900  -87.748  15.312 0.0000000000
8077  28.078  -86.896  14.176 0.0000000000
8078  27.806  -87.353  14.375 0.0000000000
8086  27.732  -87.254  13.681 0.0000000000
8096  26.058  -86.864  12.306 0.0000000000
8108  33.916  -87.921  11.777 0.0000000000
8109  25.610  -86.570  11.783 0.0000000000
8126  34.200  -87.597  11.129 0.0000000000
8173  29.051  -87.600  6.672 0.0000000000
8175  27.037  -87.344  6.331 0.0000000000
8176  25.950  -87.289  6.409 0.0000000000
8191  26.450  -87.648  6.001 0.0000000000
8192  26.124  -87.839  5.821 0.0000000000
8255  20.614  -87.672  0.970 0.0000000000
8256  19.916  -87.347  1.402 0.0000000000
8257  18.950  -87.538  1.571 0.0000000000
8258  18.011  -87.578  1.359 0.0000000000
8270  21.339  -87.937  -0.194 0.0000000000
8271  20.803  -87.380  0.207 0.0000000000
8272  20.310  -87.149  0.737 0.0000000000
8273  17.208  -87.891  0.974 0.0000000000
8274  16.455  -87.565  0.260 0.0000000000
8284  21.395  -87.884  -0.837 0.0000000000
8285  21.029  -87.431  -0.685 0.0000000000
8302  21.207  -87.656  -1.257 0.0000000000
8303  20.685  -87.239  -1.538 0.0000000000
8304  20.012  -86.929  -1.872 0.0000000000
8305  19.365  -86.909  -1.907 0.0000000000
8326  20.254  -87.274  -2.252 0.0000000000
8327  19.530  -87.398  -2.418 0.0000000000
8328  18.720  -87.271  -2.373 0.0000000000
8357  24.229  -87.666  -4.944 0.0000000000
8358  23.708  -87.493  -4.752 0.0000000000
8359  22.561  -87.735  -4.707 0.0000000000
8371  24.593  -87.416  -5.395 0.0000000000
8372  24.192  -87.404  -4.970 0.0000000000
8373  21.757  -87.569  -5.429 0.0000000000
8374  21.516  -87.601  -6.101 0.0000000000
8375  19.185  -88.047  -6.227 0.0000000000
8376  18.808  -87.884  -6.166 0.0000000000
8393  25.431  -87.295  -6.592 0.0000000000
8394  25.044  -87.139  -5.963 0.0000000000
8395  21.450  -87.268  -6.616 0.0000000000
8396  19.231  -88.179  -6.901 0.0000000000
8397  18.715  -87.884  -6.819 0.0000000000
8398  18.244  -87.892  -7.235 0.0000000000
8409  25.995  -87.461  -7.630 0.0000000000
8410  25.810  -87.345  -7.377 0.0000000000
8411  21.397  -87.320  -7.440 0.0000000000
8412  19.032  -88.093  -7.428 0.0000000000
8413  18.555  -87.998  -7.661 0.0000000000
8414  17.911  -87.938  -7.771 0.0000000000
8425  26.144  -87.342  -8.054 0.0000000000
8426  25.839  -86.978  -7.705 0.0000000000
8427  21.416  -87.375  -8.640 0.0000000000
8428  18.926  -88.308  -8.223 0.0000000000
8429  18.366  -88.018  -8.549 0.0000000000
8430  17.615  -88.068  -8.663 0.0000000000
8441  4.947  -87.508  -8.953 0.0000000000
8442  4.435  -88.430  -9.237 0.0000000000
8451  26.436  -87.230  -9.375 0.0000000000
8452  21.432  -87.858  -9.873 0.0000000000
8459  4.492  -87.015  -9.642 0.0000000000
8460  3.876  -87.640  -10.023 0.0000000000
8467  27.368  -87.740  -11.873 0.0000000000
8468  26.681  -87.157  -11.068 0.0000000000
8469  21.420  -87.787  -10.977 0.0000000000
8487  27.178  -87.098  -12.353 0.0000000000
8488  21.431  -87.735  -11.640 0.0000000000
8502  7.255  -86.981  -11.983 0.0000000000
8507  21.559  -87.737  -12.381 0.0000000000
8524  22.600  -87.284  -14.229 0.0000000000
8525  22.131  -87.677  -13.473 0.0000000000
8968  30.550  -87.135  20.243 0.0000000000
8969  29.995  -87.002  20.353 0.0000000000
8970  28.974  -86.856  20.433 0.0000000000
8971  27.853  -86.646  20.297 0.0000000000
8984  31.521  -87.113  19.525 0.0000000000
8985  30.909  -86.688  19.775 0.0000000000
8986  29.718  -86.273  20.066 0.0000000000
8987  28.621  -86.070  19.982 0.0000000000
8988  27.634  -85.887  19.716 0.0000000000
8989  27.094  -85.770  19.355 0.0000000000
8999  32.423  -87.290  18.505 0.0000000000
9000  31.929  -86.958  18.986 0.0000000000
9001  31.283  -86.315  19.144 0.0000000000
9010  32.739  -87.127  17.808 0.0000000000
9011  31.993  -86.284  18.273 0.0000000000
9022  32.863  -86.431  17.169 0.0000000000
9033  27.109  -87.191  14.989 0.0000000000
9043  28.219  -86.637  14.030 0.0000000000
9044  27.862  -86.581  14.412 0.0000000000
9054  28.135  -86.551  13.434 0.0000000000
9055  27.885  -86.819  13.254 0.0000000000
9061  33.361  -86.820  11.951 0.0000000000
9062  33.070  -86.229  11.548 0.0000000000
9063  28.095  -86.233  12.973 0.0000000000
9065  26.796  -86.294  12.216 0.0000000000
9066  26.152  -86.398  12.102 0.0000000000
9078  26.209  -85.970  11.893 0.0000000000
9099  25.357  -85.915  11.387 0.0000000000
9100  24.775  -85.830  10.631 0.0000000000
9135  26.222  -86.017  6.863 0.0000000000
9148  26.728  -86.400  6.717 0.0000000000
9149  26.069  -86.460  6.756 0.0000000000
9233  19.656  -86.859  1.160 0.0000000000
9234  19.231  -86.800  1.279 0.0000000000
9235  18.400  -86.847  1.264 0.0000000000
9246  20.314  -86.958  0.267 0.0000000000
9247  19.709  -86.583  0.562 0.0000000000
9248  18.627  -86.303  0.719 0.0000000000
9249  17.424  -86.535  0.509 0.0000000000
9250  16.497  -86.747  -0.222 0.0000000000
9262  20.334  -86.801  -0.540 0.0000000000
9263  19.454  -86.157  -0.542 0.0000000000
9264  19.022  -85.838  -0.811 0.0000000000
9265  16.804  -86.246  -0.464 0.0000000000
9281  20.256  -86.827  -1.337 0.0000000000
9282  19.774  -86.584  -1.303 0.0000000000
9283  18.996  -86.252  -1.506 0.0000000000
9332  23.069  -86.665  -4.565 0.0000000000
9347  25.127  -86.214  -5.439 0.0000000000
9348  24.637  -86.454  -5.209 0.0000000000
9349  24.162  -87.067  -5.034 0.0000000000
9350  22.144  -86.500  -5.101 0.0000000000
9351  21.569  -86.854  -5.971 0.0000000000
9367  25.803  -86.386  -6.707 0.0000000000
9368  25.394  -86.487  -5.988 0.0000000000
9369  24.848  -86.878  -5.689 0.0000000000
9370  21.963  -85.954  -6.179 0.0000000000
9371  21.584  -86.435  -6.926 0.0000000000
9382  26.019  -86.349  -7.292 0.0000000000
9383  25.679  -86.825  -7.069 0.0000000000
9384  21.598  -86.468  -7.985 0.0000000000
9396  26.202  -86.534  -8.274 0.0000000000
9397  25.912  -86.725  -7.597 0.0000000000
9398  21.648  -86.391  -8.868 0.0000000000
9417  21.588  -86.770  -9.682 0.0000000000
9423  4.858  -86.414  -9.520 0.0000000000
9424  4.388  -86.645  -9.972 0.0000000000
9431  21.525  -87.124  -10.536 0.0000000000
9437  4.070  -86.496  -10.303 0.0000000000
9445  21.439  -87.049  -11.562 0.0000000000
9458  7.749  -86.626  -12.023 0.0000000000
9460  27.331  -86.378  -13.008 0.0000000000
9472  7.650  -86.735  -12.213 0.0000000000
9476  22.547  -86.591  -14.428 0.0000000000
9954  30.249  -85.957  19.675 0.0000000000
9955  29.519  -85.499  19.533 0.0000000000
9956  28.356  -85.437  19.517 0.0000000000
9957  27.452  -85.477  19.265 0.0000000000
9968  31.462  -86.133  18.717 0.0000000000
9969  30.729  -85.639  19.065 0.0000000000
9970  30.064  -85.094  19.125 0.0000000000
9971  27.981  -85.079  19.198 0.0000000000
9972  27.399  -84.996  18.911 0.0000000000
9981  32.297  -85.849  17.544 0.0000000000
9982  31.435  -85.519  18.244 0.0000000000
9983  30.901  -85.188  18.481 0.0000000000
9991  32.893  -85.847  16.581 0.0000000000
10023  28.238  -85.999  14.110 0.0000000000
10068  32.762  -85.835  11.197 0.0000000000
10071  26.020  -85.269  11.522 0.0000000000
10087  25.338  -85.133  10.927 0.0000000000
10088  24.709  -84.931  10.216 0.0000000000
10122  24.942  -85.408  7.870 0.0000000000
10132  25.637  -85.227  7.385 0.0000000000
10246  18.925  -85.873  0.015 0.0000000000
10247  18.068  -85.740  0.149 0.0000000000
10248  17.620  -85.933  0.087 0.0000000000
10263  18.976  -85.806  -0.485 0.0000000000
10264  18.431  -85.572  -0.771 0.0000000000
10265  17.378  -85.719  -0.537 0.0000000000
10266  16.741  -85.993  -0.998 0.0000000000
10280  17.451  -85.244  -1.718 0.0000000000
10323  24.002  -86.068  -4.613 0.0000000000
10324  23.580  -85.983  -4.601 0.0000000000
10325  22.880  -85.876  -4.764 0.0000000000
10333  10.399  -85.045  -4.387 0.0000000000
10346  25.890  -85.265  -5.718 0.0000000000
10347  25.248  -85.616  -5.302 0.0000000000
10348  24.256  -85.595  -4.869 0.0000000000
10349  23.451  -85.345  -5.078 0.0000000000
10350  22.695  -85.392  -5.655 0.0000000000
10355  10.846  -85.662  -5.180 0.0000000000
10356  9.907  -85.643  -4.996 0.0000000000
10363  26.072  -85.726  -6.506 0.0000000000
10364  25.696  -85.804  -5.824 0.0000000000
10365  22.543  -85.212  -6.902 0.0000000000
10366  21.951  -85.774  -6.878 0.0000000000
10377  26.329  -85.671  -7.617 0.0000000000
10378  22.596  -85.063  -8.089 0.0000000000
10379  21.989  -85.721  -7.551 0.0000000000
10390  26.553  -85.498  -8.633 0.0000000000
10392  22.001  -85.707  -8.521 0.0000000000
10401  10.216  -85.431  -8.552 0.0000000000
10402  9.560  -85.640  -8.202 0.0000000000
10403  8.808  -85.553  -7.749 0.0000000000
10421  5.973  -84.944  -9.362 0.0000000000
10422  5.501  -85.424  -9.562 0.0000000000
10423  4.706  -85.900  -9.960 0.0000000000
10433  5.133  -85.256  -9.990 0.0000000000
10449  27.282  -85.569  -12.859 0.0000000000
10466  27.484  -85.730  -13.659 0.0000000000
10467  22.293  -85.512  -13.839 0.0000000000
10492  22.267  -85.433  -14.942 0.0000000000
10956  28.970  -85.129  19.378 0.0000000000
10957  28.602  -84.953  19.235 0.0000000000
10971  30.431  -84.769  18.582 0.0000000000
10972  29.428  -84.716  18.980 0.0000000000
10973  28.321  -84.518  18.847 0.0000000000
10988  32.310  -85.146  16.984 0.0000000000
10989  31.588  -84.842  17.505 0.0000000000
10990  31.012  -84.828  18.096 0.0000000000
10998  32.510  -84.939  16.236 0.0000000000
10999  31.952  -84.505  16.816 0.0000000000
11013  32.097  -84.269  16.129 0.0000000000
11026  27.948  -85.415  14.019 0.0000000000
11027  27.506  -84.761  14.093 0.0000000000
11040  28.090  -85.603  13.546 0.0000000000
11041  27.816  -84.948  13.674 0.0000000000
11079  25.907  -84.666  11.105 0.0000000000
11099  25.481  -84.248  10.530 0.0000000000
11100  24.937  -84.327  10.107 0.0000000000
11117  25.109  -83.892  9.926 0.0000000000
11118  24.726  -84.347  9.586 0.0000000000
11339  25.489  -83.730  -5.147 0.0000000000
11340  25.194  -83.869  -4.978 0.0000000000
11358  26.312  -84.661  -6.113 0.0000000000
11359  25.699  -84.365  -5.310 0.0000000000
11360  24.784  -84.513  -4.979 0.0000000000
11361  23.883  -84.541  -5.192 0.0000000000
11362  23.326  -84.773  -5.705 0.0000000000
11372  26.457  -84.853  -7.100 0.0000000000
11374  23.047  -84.677  -6.400 0.0000000000
11388  26.586  -84.966  -7.932 0.0000000000
11389  23.166  -83.795  -6.859 0.0000000000
11390  23.010  -84.226  -7.432 0.0000000000
11395  9.975  -84.732  -7.668 0.0000000000
11396  9.237  -84.760  -7.489 0.0000000000
11397  8.281  -84.710  -7.505 0.0000000000
11402  26.740  -84.579  -8.612 0.0000000000
11408  10.412  -84.763  -8.355 0.0000000000
11409  9.805  -85.147  -7.989 0.0000000000
11410  9.171  -85.214  -7.724 0.0000000000
11411  6.527  -84.268  -9.084 0.0000000000
11423  10.908  -84.531  -8.844 0.0000000000
11425  5.930  -84.462  -9.688 0.0000000000
11426  5.477  -84.922  -9.809 0.0000000000
11439  5.679  -84.402  -9.822 0.0000000000
11493  22.204  -84.763  -14.520 0.0000000000
11993  30.035  -84.197  18.502 0.0000000000
11994  29.371  -83.714  18.366 0.0000000000
11995  28.199  -83.797  18.397 0.0000000000
11996  27.223  -83.724  18.162 0.0000000000
12009  31.439  -84.246  17.175 0.0000000000
12010  30.654  -83.870  17.650 0.0000000000
12011  29.883  -83.290  17.822 0.0000000000
12012  26.777  -83.177  17.845 0.0000000000
12028  31.485  -83.850  16.658 0.0000000000
12029  30.960  -83.405  16.829 0.0000000000
12045  31.809  -83.678  15.581 0.0000000000
12054  31.786  -83.317  14.566 0.0000000000
12055  27.256  -83.625  14.073 0.0000000000
12067  31.789  -83.283  13.568 0.0000000000
12069  27.692  -83.937  13.435 0.0000000000
12083  31.742  -83.503  12.524 0.0000000000
12141  24.949  -83.831  9.400 0.0000000000
12161  24.775  -84.048  9.161 0.0000000000
12366  25.260  -83.244  -5.039 0.0000000000
12367  24.537  -83.463  -4.856 0.0000000000
12379  26.294  -83.704  -5.837 0.0000000000
12380  25.767  -83.447  -5.337 0.0000000000
12381  24.262  -84.042  -5.026 0.0000000000
12400  26.594  -83.892  -6.768 0.0000000000
12422  26.686  -84.168  -7.753 0.0000000000
12440  26.808  -83.696  -8.562 0.0000000000
12448  10.895  -84.297  -8.459 0.0000000000
12450  6.427  -83.223  -9.082 0.0000000000
12465  11.118  -84.068  -8.955 0.0000000000
13103  28.784  -83.233  18.228 0.0000000000
13104  28.168  -83.024  18.143 0.0000000000
13105  27.423  -82.879  17.924 0.0000000000
13116  30.098  -83.081  17.493 0.0000000000
13117  29.290  -82.587  17.660 0.0000000000
13118  28.088  -82.344  17.681 0.0000000000
13119  27.011  -82.342  17.372 0.0000000000
13137  31.236  -83.218  16.273 0.0000000000
13138  30.468  -82.685  16.754 0.0000000000
13139  29.759  -82.057  16.934 0.0000000000
13140  26.625  -81.900  16.659 0.0000000000
13155  31.216  -82.679  15.447 0.0000000000
13156  30.539  -81.952  15.807 0.0000000000
13177  31.349  -82.557  14.194 0.0000000000
13178  30.696  -81.877  14.786 0.0000000000
13179  27.075  -82.631  14.236 0.0000000000
13204  31.385  -82.667  13.175 0.0000000000
13205  30.762  -81.937  13.607 0.0000000000
13206  28.012  -82.102  13.341 0.0000000000
13207  27.528  -82.749  13.639 0.0000000000
13223  31.326  -82.814  12.608 0.0000000000
13224  30.856  -82.326  12.652 0.0000000000
13225  28.378  -81.864  12.769 0.0000000000
13511  25.242  -82.864  -5.059 0.0000000000
13536  26.107  -82.926  -5.675 0.0000000000
13537  25.535  -82.755  -5.275 0.0000000000
13560  26.484  -82.967  -6.413 0.0000000000
13573  26.743  -83.034  -7.608 0.0000000000
13585  26.794  -82.856  -8.707 0.0000000000
13592  6.603  -82.351  -8.230 0.0000000000
13593  6.227  -82.679  -8.602 0.0000000000
13646  27.122  -82.351  -13.128 0.0000000000
14268  28.639  -81.952  17.357 0.0000000000
14269  27.989  -81.715  17.118 0.0000000000
14270  27.258  -81.657  16.746 0.0000000000
14288  30.024  -81.752  16.405 0.0000000000
14289  29.054  -81.533  16.682 0.0000000000
14290  27.879  -81.297  16.297 0.0000000000
14291  26.898  -81.451  16.072 0.0000000000
14292  26.499  -81.636  15.739 0.0000000000
14309  29.794  -81.328  15.431 0.0000000000
14310  28.579  -81.120  15.483 0.0000000000
14311  27.535  -81.322  15.405 0.0000000000
14312  26.776  -81.568  15.375 0.0000000000
14313  26.289  -81.749  15.442 0.0000000000
14336  30.032  -81.398  14.177 0.0000000000
14337  29.074  -81.149  14.429 0.0000000000
14338  28.090  -81.406  14.586 0.0000000000
14339  27.121  -81.831  14.721 0.0000000000
14362  30.134  -81.527  13.387 0.0000000000
14363  29.448  -81.354  13.477 0.0000000000
14364  28.531  -81.529  13.583 0.0000000000
14365  27.708  -81.947  14.007 0.0000000000
14386  30.424  -81.777  12.953 0.0000000000
14387  29.868  -81.538  12.796 0.0000000000
14388  29.051  -81.484  12.586 0.0000000000
14404  30.294  -81.921  12.426 0.0000000000
14706  6.513  -81.240  -7.540 0.0000000000
14719  6.692  -81.794  -7.815 0.0000000000
14720  6.274  -81.639  -7.949 0.0000000000
14735  12.110  -81.880  -9.558 0.0000000000
15799  6.600  -80.602  -7.103 0.0000000000
15817  12.389  -80.186  -9.036 0.0000000000
15834  12.246  -81.186  -9.219 0.0000000000
15849  12.791  -81.122  -10.218 0.0000000000
