#!ascii label  , from subject sub-CSI1 vox2ras=TkReg
732
4737  30.331  -91.248  3.311 0.0000000000
5553  31.567  -90.660  3.409 0.0000000000
5554  30.628  -90.507  3.413 0.0000000000
5555  29.709  -90.569  3.265 0.0000000000
5556  28.963  -90.297  3.050 0.0000000000
5566  32.518  -90.324  3.227 0.0000000000
5567  31.747  -89.758  3.321 0.0000000000
5568  29.036  -90.989  3.005 0.0000000000
5617  34.324  -90.882  -1.906 0.0000000000
5618  33.412  -90.871  -1.639 0.0000000000
5619  32.412  -90.845  -1.495 0.0000000000
5620  31.338  -90.813  -1.371 0.0000000000
5621  30.252  -90.806  -1.292 0.0000000000
5622  29.184  -90.771  -1.276 0.0000000000
6361  31.038  -89.736  3.439 0.0000000000
6362  30.136  -89.456  3.377 0.0000000000
6363  29.281  -89.699  3.194 0.0000000000
6364  28.600  -89.657  3.011 0.0000000000
6369  35.281  -89.405  2.857 0.0000000000
6370  34.142  -89.513  2.683 0.0000000000
6371  33.109  -89.374  2.818 0.0000000000
6372  32.184  -89.104  3.070 0.0000000000
6373  31.332  -88.973  3.237 0.0000000000
6374  30.755  -89.107  3.344 0.0000000000
6422  34.392  -90.036  -2.103 0.0000000000
6423  33.637  -90.103  -1.842 0.0000000000
6424  32.723  -90.102  -1.715 0.0000000000
6425  31.695  -89.842  -1.670 0.0000000000
6426  30.633  -89.979  -1.508 0.0000000000
6427  29.554  -89.942  -1.409 0.0000000000
6442  35.354  -89.407  -3.095 0.0000000000
6444  33.783  -89.354  -2.188 0.0000000000
6445  32.858  -89.441  -2.014 0.0000000000
6446  32.254  -89.561  -1.851 0.0000000000
7252  29.878  -88.730  3.276 0.0000000000
7253  29.360  -88.985  3.238 0.0000000000
7254  28.933  -89.239  3.121 0.0000000000
7261  35.448  -88.439  2.589 0.0000000000
7262  34.561  -88.573  2.466 0.0000000000
7263  33.506  -88.326  2.378 0.0000000000
7264  32.535  -88.413  2.538 0.0000000000
7265  31.575  -88.111  2.569 0.0000000000
7266  30.503  -88.356  3.060 0.0000000000
7267  29.495  -88.198  3.057 0.0000000000
7277  33.145  -87.636  2.118 0.0000000000
7278  32.650  -87.761  2.188 0.0000000000
7279  32.143  -87.880  2.290 0.0000000000
7322  31.468  -89.353  -1.878 0.0000000000
7323  30.986  -89.322  -1.871 0.0000000000
7324  29.967  -89.222  -1.781 0.0000000000
7325  28.825  -89.029  -1.659 0.0000000000
7342  33.952  -88.613  -2.595 0.0000000000
7343  32.951  -88.622  -2.376 0.0000000000
7344  31.729  -88.913  -2.143 0.0000000000
7345  30.438  -88.601  -2.234 0.0000000000
7346  29.356  -88.470  -2.162 0.0000000000
7347  28.710  -88.395  -2.034 0.0000000000
7363  35.482  -88.539  -3.745 0.0000000000
8226  36.752  -87.611  2.923 0.0000000000
8229  34.120  -87.990  2.253 0.0000000000
8230  31.274  -87.447  2.251 0.0000000000
8231  30.759  -87.519  2.408 0.0000000000
8232  29.874  -87.317  2.394 0.0000000000
8248  34.165  -87.217  2.108 0.0000000000
8249  33.672  -87.412  2.061 0.0000000000
8250  32.746  -87.201  1.872 0.0000000000
8251  31.818  -87.277  2.018 0.0000000000
8252  30.897  -86.981  2.045 0.0000000000
8253  30.382  -87.036  2.143 0.0000000000
8298  28.188  -88.359  -1.828 0.0000000000
8318  34.511  -88.109  -3.406 0.0000000000
8319  34.029  -88.087  -3.145 0.0000000000
8321  32.044  -87.682  -2.756 0.0000000000
8322  30.871  -87.810  -2.599 0.0000000000
8323  29.750  -87.746  -2.567 0.0000000000
8324  28.517  -87.653  -2.382 0.0000000000
8339  35.498  -87.939  -3.977 0.0000000000
8340  34.993  -87.928  -3.724 0.0000000000
8341  34.259  -87.706  -3.567 0.0000000000
8355  35.803  -87.708  -4.501 0.0000000000
8356  35.359  -87.657  -4.154 0.0000000000
9187  38.587  -86.497  3.862 0.0000000000
9188  37.900  -86.496  3.480 0.0000000000
9189  37.187  -86.539  3.232 0.0000000000
9190  36.727  -86.667  3.057 0.0000000000
9200  37.518  -86.940  3.220 0.0000000000
9201  37.030  -87.007  2.917 0.0000000000
9202  36.210  -86.914  2.871 0.0000000000
9203  35.125  -86.891  2.501 0.0000000000
9204  34.294  -86.513  2.347 0.0000000000
9205  33.614  -86.338  2.231 0.0000000000
9206  29.716  -86.819  2.077 0.0000000000
9223  34.433  -87.017  2.186 0.0000000000
9224  33.886  -86.839  2.033 0.0000000000
9225  33.047  -86.589  1.938 0.0000000000
9226  32.091  -86.497  1.808 0.0000000000
9227  31.113  -86.382  1.705 0.0000000000
9228  29.971  -86.457  1.740 0.0000000000
9295  31.088  -86.964  -2.876 0.0000000000
9296  30.172  -86.976  -2.876 0.0000000000
9297  29.198  -86.867  -2.798 0.0000000000
9310  34.553  -87.444  -3.905 0.0000000000
9315  29.604  -86.241  -3.068 0.0000000000
9316  28.985  -86.253  -2.930 0.0000000000
9325  35.580  -87.219  -4.699 0.0000000000
9326  34.942  -86.976  -4.487 0.0000000000
9327  33.527  -86.398  -4.390 0.0000000000
9328  32.362  -86.127  -4.247 0.0000000000
10179  38.989  -85.479  4.285 0.0000000000
10194  39.023  -85.991  4.109 0.0000000000
10195  38.394  -85.758  3.803 0.0000000000
10196  37.432  -85.841  3.530 0.0000000000
10211  35.575  -86.346  2.899 0.0000000000
10212  34.811  -86.127  2.740 0.0000000000
10213  33.927  -85.801  2.680 0.0000000000
10214  32.950  -85.814  2.360 0.0000000000
10215  32.129  -85.429  2.214 0.0000000000
10224  32.330  -85.982  1.933 0.0000000000
10225  31.457  -85.547  1.836 0.0000000000
10226  30.397  -85.488  1.575 0.0000000000
10227  29.239  -85.268  1.311 0.0000000000
10320  32.848  -85.349  -4.954 0.0000000000
11127  39.511  -84.588  8.074 0.0000000000
11145  39.739  -84.475  7.053 0.0000000000
11183  39.692  -84.852  5.288 0.0000000000
11204  39.705  -85.345  4.978 0.0000000000
11205  39.290  -84.935  4.770 0.0000000000
11206  38.449  -84.862  4.288 0.0000000000
11238  31.513  -84.675  2.436 0.0000000000
11239  30.543  -84.225  2.377 0.0000000000
11249  31.250  -85.037  1.997 0.0000000000
11250  30.815  -84.890  1.908 0.0000000000
11336  32.689  -84.237  -4.969 0.0000000000
11357  33.203  -84.008  -5.122 0.0000000000
12171  39.926  -83.905  7.536 0.0000000000
12208  39.123  -83.975  5.504 0.0000000000
12209  38.340  -83.470  5.292 0.0000000000
12226  38.757  -84.422  4.835 0.0000000000
12270  39.756  -83.493  1.019 0.0000000000
12271  39.180  -83.634  0.643 0.0000000000
12288  38.199  -83.822  -0.636 0.0000000000
12289  37.582  -83.680  -0.644 0.0000000000
12306  37.785  -83.718  -1.236 0.0000000000
12307  36.891  -83.516  -1.049 0.0000000000
12308  36.118  -83.247  -1.134 0.0000000000
12322  36.452  -83.260  -1.574 0.0000000000
12336  36.001  -82.984  -1.928 0.0000000000
12362  33.845  -83.176  -4.768 0.0000000000
12363  33.028  -83.426  -4.742 0.0000000000
12377  34.192  -83.666  -5.278 0.0000000000
12378  33.572  -83.687  -5.064 0.0000000000
13280  39.459  -83.372  7.993 0.0000000000
13299  39.514  -83.306  7.324 0.0000000000
13319  39.719  -83.553  6.999 0.0000000000
13321  38.322  -82.543  6.292 0.0000000000
13335  38.940  -83.354  6.028 0.0000000000
13336  38.158  -82.811  5.704 0.0000000000
13376  41.641  -81.863  2.319 0.0000000000
13377  41.109  -82.298  2.134 0.0000000000
13378  40.532  -82.481  1.880 0.0000000000
13396  39.988  -82.942  1.560 0.0000000000
13417  38.631  -83.552  0.535 0.0000000000
13418  37.933  -83.625  0.050 0.0000000000
13438  36.179  -83.165  -0.701 0.0000000000
13439  35.253  -82.888  -0.962 0.0000000000
13440  34.041  -82.425  -0.830 0.0000000000
13441  33.092  -81.910  -0.775 0.0000000000
13442  32.522  -81.674  -0.966 0.0000000000
13454  38.032  -82.738  -1.981 0.0000000000
13455  37.631  -82.178  -2.437 0.0000000000
13459  32.554  -81.831  -1.459 0.0000000000
13471  37.829  -82.861  -2.159 0.0000000000
13472  37.336  -82.330  -2.729 0.0000000000
13492  37.120  -81.952  -3.559 0.0000000000
13505  36.776  -81.947  -4.494 0.0000000000
13509  33.425  -82.719  -4.174 0.0000000000
14488  38.657  -82.518  6.986 0.0000000000
14489  38.049  -82.193  6.689 0.0000000000
14502  37.920  -82.310  6.194 0.0000000000
14523  31.799  -81.366  4.931 0.0000000000
14524  30.838  -81.275  4.837 0.0000000000
14542  41.843  -81.359  2.841 0.0000000000
14543  41.243  -81.586  2.579 0.0000000000
14544  40.501  -81.740  2.364 0.0000000000
14545  39.723  -81.524  2.272 0.0000000000
14557  40.015  -82.161  1.941 0.0000000000
14580  32.039  -81.104  -0.307 0.0000000000
14593  32.512  -81.506  -0.616 0.0000000000
14594  31.857  -81.479  -1.064 0.0000000000
14604  38.143  -82.405  -1.597 0.0000000000
14618  37.406  -81.672  -2.916 0.0000000000
14629  37.223  -81.557  -3.733 0.0000000000
14630  37.004  -81.784  -4.037 0.0000000000
14639  37.249  -81.255  -4.217 0.0000000000
14640  37.010  -81.495  -4.630 0.0000000000
14664  35.960  -81.379  -5.956 0.0000000000
15587  43.600  -79.869  4.225 0.0000000000
15588  43.377  -79.987  4.110 0.0000000000
15591  31.423  -80.391  5.109 0.0000000000
15592  30.452  -80.338  4.849 0.0000000000
15599  41.931  -80.618  3.323 0.0000000000
15617  40.820  -80.963  2.800 0.0000000000
15618  39.951  -80.707  2.694 0.0000000000
15707  37.325  -81.121  -3.632 0.0000000000
15708  36.938  -80.678  -3.664 0.0000000000
15728  37.329  -81.167  -4.003 0.0000000000
15729  37.227  -80.974  -4.302 0.0000000000
15750  36.293  -80.906  -5.282 0.0000000000
15751  35.251  -80.964  -5.369 0.0000000000
15803  37.474  -80.116  -9.386 0.0000000000
16629  43.151  -79.652  11.760 0.0000000000
16638  42.067  -78.949  11.161 0.0000000000
16639  41.518  -79.126  11.184 0.0000000000
16697  43.877  -79.623  4.634 0.0000000000
16698  43.050  -79.794  4.288 0.0000000000
16700  31.124  -79.307  5.062 0.0000000000
16701  30.160  -79.410  4.474 0.0000000000
16702  29.496  -79.768  4.035 0.0000000000
16706  42.357  -79.821  3.777 0.0000000000
16707  41.608  -79.701  3.509 0.0000000000
16708  40.781  -79.544  3.386 0.0000000000
16709  39.874  -79.580  3.160 0.0000000000
16711  29.791  -79.191  3.868 0.0000000000
16866  35.675  -79.276  -8.181 0.0000000000
16867  35.096  -79.248  -8.138 0.0000000000
16887  37.401  -79.801  -9.105 0.0000000000
17725  44.444  -78.895  11.329 0.0000000000
17726  43.551  -79.017  11.471 0.0000000000
17727  42.913  -79.136  11.521 0.0000000000
17748  44.841  -78.494  10.544 0.0000000000
17749  43.870  -78.504  10.850 0.0000000000
17750  42.742  -78.669  11.078 0.0000000000
17751  41.770  -78.629  10.850 0.0000000000
17772  45.213  -78.163  9.948 0.0000000000
17793  45.391  -78.087  7.433 0.0000000000
17803  45.225  -78.304  6.856 0.0000000000
17804  44.609  -78.451  6.173 0.0000000000
17814  44.055  -78.863  5.507 0.0000000000
17826  43.348  -79.042  4.808 0.0000000000
17827  42.603  -79.015  4.342 0.0000000000
17828  42.008  -78.465  4.014 0.0000000000
17839  42.005  -79.129  3.825 0.0000000000
17840  41.251  -78.627  3.714 0.0000000000
17841  40.293  -78.641  3.512 0.0000000000
18030  37.298  -78.071  -8.055 0.0000000000
18032  35.888  -78.874  -7.975 0.0000000000
18049  37.394  -78.678  -8.642 0.0000000000
18051  36.259  -79.276  -8.205 0.0000000000
18999  44.839  -78.101  9.995 0.0000000000
19000  44.291  -78.012  10.192 0.0000000000
19001  43.294  -78.015  10.415 0.0000000000
19002  42.262  -78.036  10.474 0.0000000000
19003  41.257  -78.035  10.481 0.0000000000
19017  45.534  -77.945  8.978 0.0000000000
19018  44.887  -77.723  9.278 0.0000000000
19019  43.797  -77.477  9.797 0.0000000000
19020  42.769  -77.415  9.978 0.0000000000
19021  41.744  -77.457  9.961 0.0000000000
19031  45.458  -77.890  8.437 0.0000000000
19032  45.036  -77.632  8.158 0.0000000000
19037  45.380  -77.911  7.810 0.0000000000
19038  44.990  -77.983  7.417 0.0000000000
19043  44.638  -78.063  6.781 0.0000000000
19044  44.113  -78.060  6.095 0.0000000000
19052  45.236  -76.968  5.493 0.0000000000
19053  43.325  -78.054  5.291 0.0000000000
19054  42.811  -77.487  5.100 0.0000000000
19066  42.965  -78.539  4.752 0.0000000000
19067  42.475  -77.888  4.578 0.0000000000
19068  41.436  -77.723  3.995 0.0000000000
19069  41.038  -77.440  3.856 0.0000000000
19081  41.148  -78.034  3.807 0.0000000000
19082  40.761  -77.760  3.740 0.0000000000
19083  39.820  -77.705  3.541 0.0000000000
19161  42.892  -77.504  -1.658 0.0000000000
19162  42.184  -77.202  -1.696 0.0000000000
19163  41.357  -76.735  -1.319 0.0000000000
19192  42.820  -77.147  -2.145 0.0000000000
19288  37.640  -77.384  -7.980 0.0000000000
19291  35.201  -78.026  -7.417 0.0000000000
20287  44.078  -77.103  9.178 0.0000000000
20288  43.245  -76.928  9.367 0.0000000000
20289  42.246  -76.896  9.416 0.0000000000
20290  41.245  -76.872  9.430 0.0000000000
20308  44.458  -77.140  8.465 0.0000000000
20309  43.690  -76.693  8.671 0.0000000000
20310  42.782  -76.455  8.739 0.0000000000
20311  41.777  -76.390  8.823 0.0000000000
20330  44.606  -77.380  7.625 0.0000000000
20331  43.999  -76.640  7.805 0.0000000000
20332  43.329  -76.349  8.225 0.0000000000
20349  46.026  -77.019  6.658 0.0000000000
20350  44.621  -77.719  7.164 0.0000000000
20351  44.164  -77.161  6.820 0.0000000000
20352  43.483  -76.737  6.287 0.0000000000
20370  45.512  -76.713  6.076 0.0000000000
20371  45.021  -76.340  5.726 0.0000000000
20372  43.630  -77.402  5.995 0.0000000000
20373  42.961  -76.859  5.560 0.0000000000
20374  42.254  -76.443  5.174 0.0000000000
20390  44.615  -76.396  5.119 0.0000000000
20391  42.470  -77.088  4.980 0.0000000000
20392  41.780  -76.778  4.577 0.0000000000
20393  40.881  -76.858  3.990 0.0000000000
20394  40.090  -76.419  3.935 0.0000000000
20409  40.212  -77.042  3.689 0.0000000000
20475  40.665  -76.590  -1.013 0.0000000000
20502  41.899  -76.438  -1.472 0.0000000000
20503  40.829  -76.159  -1.270 0.0000000000
20504  40.294  -76.164  -1.111 0.0000000000
20526  42.484  -76.888  -2.064 0.0000000000
20569  38.791  -75.777  -5.943 0.0000000000
20570  38.167  -75.786  -5.803 0.0000000000
20571  36.923  -76.046  -5.807 0.0000000000
20597  39.493  -75.599  -6.635 0.0000000000
20598  38.920  -75.913  -6.413 0.0000000000
20600  36.487  -76.753  -6.677 0.0000000000
21618  42.911  -76.153  8.219 0.0000000000
21619  42.348  -76.012  8.207 0.0000000000
21620  41.385  -75.832  8.195 0.0000000000
21621  40.351  -75.835  8.125 0.0000000000
21622  39.312  -75.899  8.090 0.0000000000
21639  45.944  -75.993  7.507 0.0000000000
21640  43.755  -76.545  7.252 0.0000000000
21641  43.158  -76.101  7.565 0.0000000000
21642  42.107  -75.690  7.397 0.0000000000
21643  41.027  -75.506  7.323 0.0000000000
21644  39.945  -75.456  7.281 0.0000000000
21661  45.579  -76.107  6.697 0.0000000000
21662  45.149  -75.573  6.303 0.0000000000
21663  43.531  -76.451  6.854 0.0000000000
21664  42.841  -76.054  6.491 0.0000000000
21665  41.772  -75.591  6.416 0.0000000000
21666  40.679  -75.377  6.309 0.0000000000
21667  39.547  -75.216  6.320 0.0000000000
21683  45.149  -76.052  6.130 0.0000000000
21684  44.712  -75.376  5.580 0.0000000000
21685  42.342  -76.006  5.722 0.0000000000
21686  41.513  -75.767  5.334 0.0000000000
21687  40.275  -75.447  5.164 0.0000000000
21704  44.359  -75.332  4.386 0.0000000000
21705  41.013  -76.068  4.595 0.0000000000
21706  40.376  -76.036  4.333 0.0000000000
21750  44.251  -75.040  1.860 0.0000000000
21763  43.836  -75.764  1.342 0.0000000000
21780  44.182  -74.800  -1.518 0.0000000000
21784  39.660  -75.987  -0.964 0.0000000000
21785  39.293  -75.943  -0.800 0.0000000000
21813  44.187  -75.524  -1.540 0.0000000000
21817  39.927  -75.576  -1.173 0.0000000000
21818  38.861  -75.313  -1.259 0.0000000000
21844  38.381  -74.934  -1.675 0.0000000000
21855  38.421  -74.587  -3.735 0.0000000000
21871  39.716  -74.713  -5.285 0.0000000000
21872  38.743  -74.688  -4.432 0.0000000000
21873  37.491  -75.089  -4.228 0.0000000000
21890  40.318  -74.729  -6.494 0.0000000000
21892  39.097  -75.421  -5.633 0.0000000000
21893  38.164  -75.320  -5.052 0.0000000000
21894  37.223  -75.499  -5.081 0.0000000000
21908  39.959  -75.304  -6.759 0.0000000000
21909  39.585  -75.493  -6.277 0.0000000000
22845  45.497  -75.041  8.512 0.0000000000
22847  44.207  -74.377  9.408 0.0000000000
22854  44.979  -74.458  8.079 0.0000000000
22868  45.410  -75.339  7.042 0.0000000000
22869  44.989  -74.527  7.175 0.0000000000
22888  45.289  -75.470  6.623 0.0000000000
22889  45.008  -74.877  6.371 0.0000000000
22903  44.718  -74.323  5.556 0.0000000000
22914  45.076  -73.859  3.917 0.0000000000
22915  44.838  -74.155  4.396 0.0000000000
22927  45.132  -73.853  3.593 0.0000000000
22928  44.766  -74.435  3.478 0.0000000000
22936  45.273  -73.854  2.787 0.0000000000
22966  44.311  -74.521  -0.796 0.0000000000
22967  43.442  -74.265  -0.615 0.0000000000
22990  40.353  -74.362  -1.242 0.0000000000
22991  39.400  -74.479  -1.822 0.0000000000
22992  38.767  -74.824  -1.771 0.0000000000
23012  39.278  -74.061  -2.868 0.0000000000
23013  38.575  -74.602  -2.381 0.0000000000
23025  39.596  -74.012  -3.751 0.0000000000
23026  38.740  -74.445  -3.446 0.0000000000
23027  38.300  -74.602  -2.907 0.0000000000
23039  40.655  -73.770  -5.330 0.0000000000
23040  40.081  -74.138  -4.640 0.0000000000
23041  39.302  -74.323  -4.100 0.0000000000
23054  40.621  -74.164  -5.991 0.0000000000
23055  40.349  -74.375  -5.497 0.0000000000
23969  44.466  -73.803  6.262 0.0000000000
23970  43.369  -73.002  6.750 0.0000000000
23986  44.469  -73.699  5.026 0.0000000000
23987  43.718  -73.318  5.428 0.0000000000
23998  45.038  -73.660  3.731 0.0000000000
24000  43.916  -73.399  4.373 0.0000000000
24011  45.148  -73.470  3.018 0.0000000000
24012  44.836  -73.259  3.263 0.0000000000
24013  44.108  -73.247  3.456 0.0000000000
24014  43.205  -73.267  3.669 0.0000000000
24015  42.299  -73.299  3.788 0.0000000000
24021  45.445  -73.272  2.195 0.0000000000
24062  44.812  -73.481  -0.405 0.0000000000
24063  44.000  -73.426  -0.368 0.0000000000
24064  42.984  -73.263  -0.246 0.0000000000
24065  41.918  -73.089  -0.462 0.0000000000
24066  41.285  -73.244  -0.790 0.0000000000
24079  41.381  -72.759  -0.910 0.0000000000
24080  40.795  -73.216  -1.325 0.0000000000
24081  40.127  -73.737  -1.787 0.0000000000
24096  39.923  -73.642  -2.525 0.0000000000
24111  41.238  -72.459  -3.896 0.0000000000
24129  41.188  -72.502  -4.675 0.0000000000
24130  40.942  -73.234  -4.544 0.0000000000
24131  40.289  -73.592  -3.946 0.0000000000
24145  41.168  -72.521  -4.939 0.0000000000
24146  40.896  -73.152  -5.502 0.0000000000
25064  40.408  -72.521  4.431 0.0000000000
25075  45.143  -72.916  2.510 0.0000000000
25076  44.398  -72.818  2.627 0.0000000000
25077  43.451  -72.807  2.849 0.0000000000
25078  42.498  -72.828  3.177 0.0000000000
25079  41.405  -72.567  3.559 0.0000000000
25080  40.789  -72.342  3.849 0.0000000000
25088  45.421  -72.639  1.671 0.0000000000
25089  44.780  -72.406  1.889 0.0000000000
25090  43.814  -71.974  1.973 0.0000000000
25091  42.729  -72.214  2.595 0.0000000000
25092  42.116  -72.384  2.984 0.0000000000
25105  45.127  -71.942  1.349 0.0000000000
25106  44.589  -71.899  1.570 0.0000000000
25139  45.185  -72.502  -0.141 0.0000000000
25140  44.492  -72.540  -0.122 0.0000000000
25141  43.582  -72.491  -0.011 0.0000000000
25142  42.716  -72.174  -0.124 0.0000000000
25143  41.885  -72.170  -0.719 0.0000000000
25159  41.365  -72.257  -1.705 0.0000000000
25160  40.841  -72.695  -1.904 0.0000000000
25167  41.290  -72.063  -2.641 0.0000000000
25168  40.921  -72.482  -2.520 0.0000000000
25188  41.274  -71.973  -3.272 0.0000000000
25189  41.095  -72.325  -3.177 0.0000000000
25212  41.349  -71.975  -4.082 0.0000000000
25213  41.075  -71.857  -4.329 0.0000000000
25233  41.195  -72.233  -4.601 0.0000000000
25234  40.943  -72.348  -4.844 0.0000000000
26132  43.603  -70.625  1.911 0.0000000000
26135  38.300  -71.247  1.935 0.0000000000
26136  37.717  -71.240  1.774 0.0000000000
26153  45.322  -71.280  1.212 0.0000000000
26154  44.585  -71.157  1.392 0.0000000000
26156  38.711  -71.242  1.369 0.0000000000
26157  38.023  -71.295  1.263 0.0000000000
26171  45.412  -71.716  0.410 0.0000000000
26191  44.898  -71.779  -0.041 0.0000000000
26194  42.360  -71.604  -0.510 0.0000000000
26197  37.625  -71.351  -0.506 0.0000000000
26198  36.922  -71.298  -0.883 0.0000000000
26212  42.409  -71.133  -0.605 0.0000000000
26213  41.864  -71.439  -1.094 0.0000000000
26214  40.672  -70.815  -1.445 0.0000000000
26215  40.026  -70.981  -1.017 0.0000000000
26216  38.776  -71.442  -1.316 0.0000000000
26217  37.708  -71.576  -1.453 0.0000000000
26232  40.817  -71.031  -2.031 0.0000000000
26233  39.758  -71.356  -2.215 0.0000000000
27051  46.365  -70.655  14.521 0.0000000000
27072  46.949  -70.403  13.916 0.0000000000
27073  46.453  -70.239  14.142 0.0000000000
27172  41.617  -69.441  4.314 0.0000000000
27175  38.937  -69.569  4.170 0.0000000000
27176  38.473  -69.833  4.181 0.0000000000
27177  37.492  -70.246  4.170 0.0000000000
27178  36.642  -70.282  4.074 0.0000000000
27190  42.371  -69.460  3.366 0.0000000000
27193  39.759  -69.553  3.515 0.0000000000
27194  39.214  -69.760  3.744 0.0000000000
27195  38.103  -70.508  3.499 0.0000000000
27196  36.996  -70.679  3.390 0.0000000000
27197  36.139  -70.248  3.402 0.0000000000
27214  43.539  -69.926  2.098 0.0000000000
27215  42.818  -70.054  2.889 0.0000000000
27217  40.554  -69.646  2.687 0.0000000000
27218  40.044  -69.840  2.994 0.0000000000
27219  38.870  -70.730  2.669 0.0000000000
27220  37.598  -71.018  2.472 0.0000000000
27221  36.509  -70.521  2.359 0.0000000000
27222  35.873  -69.935  2.685 0.0000000000
27240  45.315  -71.275  0.627 0.0000000000
27242  44.098  -70.087  1.536 0.0000000000
27246  38.950  -71.078  1.857 0.0000000000
27247  37.183  -71.024  1.408 0.0000000000
27248  36.399  -70.326  1.231 0.0000000000
27258  44.546  -70.487  0.489 0.0000000000
27259  44.114  -70.165  0.374 0.0000000000
27273  45.076  -71.411  0.030 0.0000000000
27280  36.812  -71.072  -0.442 0.0000000000
27281  36.126  -70.640  -0.715 0.0000000000
27293  41.016  -70.639  -1.092 0.0000000000
28109  45.212  -69.508  14.406 0.0000000000
28110  44.191  -69.339  14.811 0.0000000000
28130  48.318  -69.871  13.206 0.0000000000
28132  46.488  -69.727  13.803 0.0000000000
28133  45.894  -69.560  14.115 0.0000000000
28188  48.383  -68.999  8.039 0.0000000000
28189  48.287  -69.118  7.846 0.0000000000
28209  48.252  -69.118  7.538 0.0000000000
28224  48.195  -69.002  6.995 0.0000000000
28241  38.861  -68.579  4.959 0.0000000000
28242  38.405  -68.710  5.135 0.0000000000
28243  37.414  -69.065  5.313 0.0000000000
28244  36.474  -69.357  5.208 0.0000000000
28255  41.707  -68.937  4.507 0.0000000000
28256  41.357  -69.146  4.967 0.0000000000
28257  39.742  -68.721  4.323 0.0000000000
28258  39.158  -69.003  4.533 0.0000000000
28259  37.965  -69.492  4.702 0.0000000000
28260  36.954  -69.839  4.739 0.0000000000
28261  35.944  -69.758  4.401 0.0000000000
28270  42.337  -69.073  3.645 0.0000000000
28271  42.034  -69.166  3.987 0.0000000000
28272  40.597  -68.881  3.523 0.0000000000
28273  40.043  -69.033  3.796 0.0000000000
28274  39.479  -69.297  4.050 0.0000000000
28275  35.577  -69.491  3.366 0.0000000000
28290  43.297  -69.501  2.099 0.0000000000
28291  42.743  -69.140  2.740 0.0000000000
28292  41.502  -69.025  2.615 0.0000000000
28293  40.784  -69.235  3.045 0.0000000000
28294  40.298  -69.380  3.294 0.0000000000
28295  36.017  -69.813  1.921 0.0000000000
28296  35.678  -69.191  2.415 0.0000000000
28316  44.339  -70.003  0.884 0.0000000000
28317  43.533  -69.533  1.409 0.0000000000
28320  41.270  -69.383  2.405 0.0000000000
28321  36.038  -69.356  1.071 0.0000000000
28322  35.870  -69.301  1.782 0.0000000000
28330  44.271  -70.094  0.570 0.0000000000
28331  43.886  -69.852  0.578 0.0000000000
28342  43.862  -70.074  0.271 0.0000000000
28345  35.844  -70.006  -0.192 0.0000000000
29183  45.253  -68.866  14.130 0.0000000000
29184  44.652  -68.511  14.229 0.0000000000
29203  47.422  -69.073  13.015 0.0000000000
29204  46.865  -68.936  13.222 0.0000000000
29205  45.853  -68.907  13.829 0.0000000000
29206  45.257  -68.551  13.920 0.0000000000
29216  48.401  -69.060  11.930 0.0000000000
29253  49.124  -68.908  9.888 0.0000000000
29254  48.351  -68.710  9.307 0.0000000000
29271  48.101  -69.048  8.215 0.0000000000
29304  47.941  -68.750  6.356 0.0000000000
29309  37.659  -67.689  6.368 0.0000000000
29322  48.168  -68.319  5.537 0.0000000000
29325  39.680  -67.983  5.107 0.0000000000
29326  39.096  -68.118  5.292 0.0000000000
29327  38.004  -68.009  6.009 0.0000000000
29328  36.758  -68.656  5.829 0.0000000000
29338  42.000  -68.653  3.926 0.0000000000
29339  41.373  -68.202  4.491 0.0000000000
29340  40.804  -68.035  4.542 0.0000000000
29341  40.025  -68.216  4.661 0.0000000000
29342  39.494  -68.283  4.893 0.0000000000
29343  35.242  -68.944  4.130 0.0000000000
29344  34.694  -68.341  4.559 0.0000000000
29351  42.358  -68.681  3.191 0.0000000000
29352  41.743  -68.534  3.538 0.0000000000
29353  40.940  -68.519  3.765 0.0000000000
29354  40.489  -68.404  4.212 0.0000000000
29355  35.333  -68.371  3.168 0.0000000000
29356  34.941  -68.356  3.902 0.0000000000
29365  42.634  -68.939  2.502 0.0000000000
29366  42.038  -68.706  2.662 0.0000000000
29367  41.451  -68.721  3.125 0.0000000000
29368  36.027  -68.003  1.804 0.0000000000
29369  35.709  -68.372  2.302 0.0000000000
29389  43.210  -69.286  1.942 0.0000000000
29390  42.993  -69.129  1.972 0.0000000000
29392  36.122  -68.335  1.164 0.0000000000
29393  35.849  -68.766  1.741 0.0000000000
30272  44.494  -67.799  13.820 0.0000000000
30298  46.769  -68.566  12.999 0.0000000000
30299  46.369  -68.340  13.155 0.0000000000
30300  45.278  -67.911  13.457 0.0000000000
30301  44.152  -67.196  13.286 0.0000000000
30317  47.046  -68.430  12.576 0.0000000000
30318  46.123  -67.669  12.444 0.0000000000
30319  44.941  -67.032  12.331 0.0000000000
30320  43.978  -66.731  12.449 0.0000000000
30336  44.835  -66.785  11.383 0.0000000000
30349  46.940  -67.757  10.241 0.0000000000
30364  46.595  -67.816  8.988 0.0000000000
30422  47.768  -68.237  5.682 0.0000000000
30423  47.265  -67.665  6.002 0.0000000000
30442  48.557  -67.903  5.135 0.0000000000
30443  48.025  -67.911  4.952 0.0000000000
30444  47.652  -67.822  5.387 0.0000000000
30447  39.986  -67.562  5.544 0.0000000000
30449  38.470  -67.338  6.522 0.0000000000
30464  48.369  -67.730  4.762 0.0000000000
30465  41.224  -67.865  4.816 0.0000000000
30466  41.054  -67.710  4.891 0.0000000000
30467  40.608  -67.699  5.005 0.0000000000
30479  35.406  -67.309  3.131 0.0000000000
30489  36.305  -67.346  1.813 0.0000000000
30490  35.838  -67.498  2.424 0.0000000000
30504  36.320  -67.661  1.361 0.0000000000
30547  36.475  -67.399  -1.167 0.0000000000
30553  37.395  -66.819  -2.867 0.0000000000
30554  36.869  -67.123  -2.434 0.0000000000
30557  38.294  -66.817  -4.127 0.0000000000
30558  37.694  -66.865  -3.591 0.0000000000
30564  41.129  -67.032  -5.323 0.0000000000
30565  39.929  -67.123  -5.277 0.0000000000
30566  38.616  -67.244  -4.933 0.0000000000
30580  42.166  -67.390  -6.342 0.0000000000
30581  41.502  -67.812  -6.594 0.0000000000
30582  40.860  -68.264  -6.870 0.0000000000
30588  41.909  -67.552  -6.822 0.0000000000
31533  44.140  -66.610  11.740 0.0000000000
31661  47.915  -67.553  4.735 0.0000000000
31662  47.469  -67.126  5.210 0.0000000000
31678  47.748  -66.516  4.537 0.0000000000
31700  36.478  -66.555  2.099 0.0000000000
31701  35.834  -66.538  2.768 0.0000000000
31714  37.339  -66.252  0.814 0.0000000000
31715  36.654  -66.917  1.248 0.0000000000
31746  38.222  -66.107  -2.037 0.0000000000
31747  37.635  -66.397  -1.709 0.0000000000
31748  37.072  -66.769  -1.466 0.0000000000
31758  39.109  -66.029  -3.225 0.0000000000
31759  38.518  -66.143  -2.799 0.0000000000
31760  37.684  -66.528  -2.587 0.0000000000
31761  37.288  -66.675  -2.042 0.0000000000
31769  44.025  -66.400  -4.938 0.0000000000
31774  39.668  -66.159  -3.794 0.0000000000
31775  38.669  -66.535  -3.771 0.0000000000
31776  38.104  -66.454  -3.203 0.0000000000
31779  43.896  -66.348  -5.429 0.0000000000
31782  41.904  -66.616  -4.893 0.0000000000
31783  41.132  -66.429  -4.614 0.0000000000
31784  40.321  -66.542  -4.609 0.0000000000
31785  39.425  -66.674  -4.508 0.0000000000
31790  42.799  -67.011  -5.935 0.0000000000
32853  46.579  -65.927  6.035 0.0000000000
32882  48.129  -65.936  4.048 0.0000000000
32883  47.665  -65.894  4.481 0.0000000000
32901  36.589  -65.269  2.641 0.0000000000
32902  35.856  -65.506  3.099 0.0000000000
32916  37.561  -65.159  1.991 0.0000000000
32917  37.073  -65.485  2.139 0.0000000000
32918  36.358  -65.873  2.543 0.0000000000
32935  38.437  -64.981  1.215 0.0000000000
32936  37.873  -65.292  1.442 0.0000000000
32937  37.072  -66.099  1.552 0.0000000000
32951  39.399  -64.722  0.265 0.0000000000
32952  38.825  -64.953  0.597 0.0000000000
32984  38.756  -65.719  -1.680 0.0000000000
32996  45.262  -65.263  -3.465 0.0000000000
32997  44.937  -65.390  -3.391 0.0000000000
33002  39.316  -65.696  -2.513 0.0000000000
33003  38.689  -65.901  -2.251 0.0000000000
33015  44.430  -65.899  -4.185 0.0000000000
33019  40.096  -65.704  -3.186 0.0000000000
33020  39.525  -65.856  -3.187 0.0000000000
34081  46.401  -65.319  6.086 0.0000000000
34094  46.546  -65.062  5.589 0.0000000000
34095  45.909  -64.207  5.912 0.0000000000
34109  47.831  -65.417  3.855 0.0000000000
34110  47.309  -65.052  4.358 0.0000000000
34127  48.122  -65.059  3.413 0.0000000000
34128  47.331  -64.288  3.793 0.0000000000
34129  37.288  -64.244  2.783 0.0000000000
34130  36.721  -64.523  2.977 0.0000000000
34147  38.482  -64.035  2.156 0.0000000000
34148  37.681  -64.616  2.303 0.0000000000
34149  37.016  -64.982  2.522 0.0000000000
34164  39.389  -64.126  1.237 0.0000000000
34165  38.557  -64.594  1.525 0.0000000000
34166  38.054  -64.863  1.786 0.0000000000
34177  41.111  -63.884  0.038 0.0000000000
34178  40.411  -64.122  0.320 0.0000000000
34179  39.630  -64.436  0.508 0.0000000000
34180  39.099  -64.537  0.978 0.0000000000
34195  40.117  -64.448  0.041 0.0000000000
34204  45.117  -64.261  -2.370 0.0000000000
34220  45.461  -64.854  -3.197 0.0000000000
34221  44.646  -64.884  -2.747 0.0000000000
35328  46.281  -64.057  5.104 0.0000000000
35329  45.360  -63.293  5.676 0.0000000000
35343  46.625  -63.649  4.215 0.0000000000
35344  45.887  -63.237  4.924 0.0000000000
35355  48.504  -63.940  2.819 0.0000000000
35356  47.649  -63.873  3.448 0.0000000000
35357  47.130  -63.757  3.751 0.0000000000
35372  40.205  -62.858  1.759 0.0000000000
35373  39.550  -63.076  2.139 0.0000000000
35375  38.179  -63.725  2.584 0.0000000000
35383  41.194  -63.041  1.002 0.0000000000
35384  40.526  -63.296  1.286 0.0000000000
35385  39.827  -63.513  1.559 0.0000000000
35386  39.103  -63.786  1.842 0.0000000000
35393  42.232  -63.124  0.104 0.0000000000
35394  41.518  -63.359  0.400 0.0000000000
35395  40.815  -63.599  0.680 0.0000000000
35396  40.091  -63.835  0.929 0.0000000000
35404  44.130  -63.134  -1.217 0.0000000000
35405  43.377  -63.341  -0.818 0.0000000000
35406  42.606  -63.486  -0.512 0.0000000000
35407  41.840  -63.646  -0.244 0.0000000000
35417  45.458  -63.466  -2.074 0.0000000000
35418  44.632  -63.683  -1.775 0.0000000000
36465  43.492  -62.087  6.443 0.0000000000
36481  45.340  -62.497  5.244 0.0000000000
36482  44.403  -62.351  5.963 0.0000000000
36498  46.631  -62.762  4.159 0.0000000000
36499  46.095  -62.710  4.638 0.0000000000
36515  47.089  -63.246  3.702 0.0000000000
36541  40.788  -62.635  1.410 0.0000000000
36549  43.151  -62.075  -0.166 0.0000000000
36550  42.494  -62.412  0.276 0.0000000000
36551  41.809  -62.705  0.623 0.0000000000
36563  44.395  -62.309  -1.060 0.0000000000
36564  43.653  -62.623  -0.645 0.0000000000
36565  42.937  -62.880  -0.251 0.0000000000
36578  45.765  -62.651  -1.806 0.0000000000
36579  44.929  -62.892  -1.586 0.0000000000
37616  46.375  -62.372  4.556 0.0000000000
37658  42.855  -60.827  0.401 0.0000000000
37659  42.226  -61.011  0.689 0.0000000000
37673  43.399  -61.097  -0.079 0.0000000000
37674  42.696  -61.578  0.335 0.0000000000
