#!ascii label  , from subject sub-CSI1 vox2ras=TkReg
786
2445  29.543  -94.744  12.835 0.0000000000
3095  29.484  -93.691  12.719 0.0000000000
3112  29.413  -93.979  12.055 0.0000000000
3829  29.287  -93.051  12.234 0.0000000000
3830  28.940  -93.241  11.436 0.0000000000
3892  32.213  -91.916  7.050 0.0000000000
4605  29.035  -92.544  12.542 0.0000000000
4657  31.803  -91.547  7.176 0.0000000000
5192  31.973  -90.706  27.671 0.0000000000
5199  31.554  -90.867  26.851 0.0000000000
5205  31.107  -90.837  25.770 0.0000000000
5206  30.605  -91.331  25.160 0.0000000000
5221  30.805  -90.718  24.932 0.0000000000
5222  30.552  -91.082  24.363 0.0000000000
5241  31.109  -90.240  22.656 0.0000000000
5242  30.621  -90.623  23.393 0.0000000000
5260  33.083  -90.439  21.745 0.0000000000
5261  31.701  -90.451  21.880 0.0000000000
5262  30.571  -91.142  22.360 0.0000000000
5493  32.737  -90.639  7.091 0.0000000000
5494  32.044  -90.738  7.343 0.0000000000
5511  33.633  -90.633  6.633 0.0000000000
5512  33.126  -90.543  6.866 0.0000000000
5938  30.062  -89.149  35.027 0.0000000000
5949  29.661  -89.771  33.351 0.0000000000
5969  33.174  -89.429  31.100 0.0000000000
6008  33.503  -89.332  29.538 0.0000000000
6009  32.945  -89.633  28.906 0.0000000000
6020  32.377  -89.637  27.882 0.0000000000
6021  31.866  -90.052  27.208 0.0000000000
6026  32.039  -89.264  27.077 0.0000000000
6027  31.655  -89.727  26.412 0.0000000000
6035  31.485  -89.516  25.576 0.0000000000
6048  35.547  -89.497  23.903 0.0000000000
6049  35.046  -89.455  23.716 0.0000000000
6050  31.147  -89.857  24.682 0.0000000000
6051  30.808  -90.486  24.534 0.0000000000
6066  35.048  -89.859  23.195 0.0000000000
6067  34.427  -89.585  23.174 0.0000000000
6068  32.137  -89.257  22.747 0.0000000000
6069  31.359  -89.589  23.391 0.0000000000
6070  30.815  -90.288  24.091 0.0000000000
6086  33.959  -89.835  22.600 0.0000000000
6087  32.634  -89.649  22.311 0.0000000000
6088  31.726  -89.748  22.521 0.0000000000
6104  35.554  -89.548  21.100 0.0000000000
6112  35.614  -89.854  20.635 0.0000000000
6113  35.073  -89.592  20.447 0.0000000000
6125  35.456  -89.880  19.761 0.0000000000
6126  34.768  -89.399  19.414 0.0000000000
6138  35.938  -89.620  17.806 0.0000000000
6139  35.476  -89.492  18.382 0.0000000000
6140  34.748  -89.064  18.792 0.0000000000
6221  34.801  -89.658  13.931 0.0000000000
6223  26.703  -88.976  13.497 0.0000000000
6237  34.755  -89.372  13.312 0.0000000000
6238  27.124  -90.262  12.631 0.0000000000
6247  27.364  -90.424  11.237 0.0000000000
6305  32.622  -90.189  7.047 0.0000000000
6306  32.264  -90.049  7.199 0.0000000000
6307  31.464  -89.933  7.283 0.0000000000
6323  33.990  -89.793  6.317 0.0000000000
6324  32.895  -89.861  6.748 0.0000000000
6325  32.212  -89.583  6.940 0.0000000000
6859  30.208  -88.462  33.217 0.0000000000
6868  30.438  -88.548  32.381 0.0000000000
6869  29.926  -89.201  32.830 0.0000000000
6876  34.210  -88.976  31.175 0.0000000000
6877  33.827  -88.835  31.310 0.0000000000
6900  34.302  -88.863  30.464 0.0000000000
6901  33.980  -88.760  29.837 0.0000000000
6912  33.392  -88.666  29.249 0.0000000000
6913  32.807  -88.601  28.472 0.0000000000
6922  32.420  -88.468  27.482 0.0000000000
6930  37.625  -88.075  26.027 0.0000000000
6931  36.988  -88.344  25.750 0.0000000000
6932  32.075  -88.406  26.302 0.0000000000
6933  31.705  -89.094  25.987 0.0000000000
6940  36.545  -88.796  25.194 0.0000000000
6941  35.432  -88.495  24.948 0.0000000000
6942  34.786  -88.273  24.736 0.0000000000
6943  32.111  -88.169  25.279 0.0000000000
6944  31.755  -88.767  25.620 0.0000000000
6962  34.820  -88.890  24.142 0.0000000000
6963  33.614  -88.354  23.959 0.0000000000
6964  32.449  -88.158  24.358 0.0000000000
6965  31.635  -88.798  24.937 0.0000000000
6983  34.681  -89.401  23.518 0.0000000000
6984  33.935  -89.109  23.310 0.0000000000
6985  32.580  -88.713  23.253 0.0000000000
6986  31.670  -88.872  24.078 0.0000000000
7001  36.330  -88.822  22.299 0.0000000000
7003  33.185  -89.170  22.716 0.0000000000
7004  32.631  -89.146  22.710 0.0000000000
7018  35.894  -89.199  21.637 0.0000000000
7041  34.265  -88.391  19.158 0.0000000000
7050  35.130  -88.229  17.888 0.0000000000
7051  34.766  -88.583  18.446 0.0000000000
7060  36.178  -88.850  16.942 0.0000000000
7061  35.777  -88.658  17.360 0.0000000000
7073  36.133  -88.412  16.748 0.0000000000
7126  34.109  -88.330  12.417 0.0000000000
7138  34.427  -88.471  11.993 0.0000000000
7139  34.082  -88.318  12.032 0.0000000000
7201  31.797  -89.508  7.073 0.0000000000
7202  31.206  -89.049  7.165 0.0000000000
7203  30.506  -88.918  7.140 0.0000000000
7212  33.480  -89.341  6.277 0.0000000000
7213  32.972  -88.868  6.242 0.0000000000
7216  29.999  -88.680  6.946 0.0000000000
7231  34.069  -88.800  5.771 0.0000000000
7232  33.077  -88.142  5.812 0.0000000000
7834  35.216  -87.448  31.754 0.0000000000
7835  34.604  -88.124  31.391 0.0000000000
7864  34.453  -87.984  30.258 0.0000000000
7865  33.931  -87.854  29.603 0.0000000000
7875  33.357  -87.707  28.940 0.0000000000
7897  36.706  -87.664  26.212 0.0000000000
7900  32.532  -87.428  26.174 0.0000000000
7912  36.580  -88.248  25.682 0.0000000000
7913  35.901  -88.045  25.584 0.0000000000
7915  33.259  -87.332  25.255 0.0000000000
7916  32.489  -87.602  25.585 0.0000000000
7933  34.258  -88.142  24.542 0.0000000000
7934  33.467  -87.740  24.635 0.0000000000
7935  32.678  -87.671  24.958 0.0000000000
8020  34.959  -87.596  17.769 0.0000000000
8021  34.499  -87.423  18.335 0.0000000000
8035  35.391  -87.424  17.331 0.0000000000
8036  34.883  -87.239  17.701 0.0000000000
8051  36.343  -87.853  16.286 0.0000000000
8052  35.907  -87.841  16.817 0.0000000000
8065  36.634  -88.161  15.417 0.0000000000
8086  27.732  -87.254  13.681 0.0000000000
8107  34.681  -88.161  11.396 0.0000000000
8108  33.916  -87.921  11.777 0.0000000000
8126  34.200  -87.597  11.129 0.0000000000
8158  30.728  -88.501  6.977 0.0000000000
8159  30.306  -88.377  6.931 0.0000000000
8169  32.383  -88.167  6.147 0.0000000000
8170  31.492  -87.640  6.274 0.0000000000
8171  30.550  -87.804  6.706 0.0000000000
8172  29.828  -87.986  6.838 0.0000000000
8188  33.623  -87.467  5.438 0.0000000000
8189  32.448  -87.332  5.678 0.0000000000
8190  31.665  -86.940  5.751 0.0000000000
8781  36.954  -86.110  32.127 0.0000000000
8782  36.575  -86.191  32.176 0.0000000000
8820  34.978  -87.437  30.539 0.0000000000
8831  35.563  -86.289  30.185 0.0000000000
8832  34.618  -86.715  29.804 0.0000000000
8833  33.833  -87.160  29.318 0.0000000000
8843  34.315  -86.213  29.118 0.0000000000
8844  33.722  -86.499  28.636 0.0000000000
8858  36.875  -86.264  27.510 0.0000000000
8859  36.224  -86.281  27.164 0.0000000000
8860  34.382  -85.899  27.186 0.0000000000
8861  33.797  -86.095  27.325 0.0000000000
8862  33.093  -86.584  26.915 0.0000000000
8874  37.410  -86.736  27.263 0.0000000000
8875  36.884  -86.832  26.912 0.0000000000
8876  35.947  -86.688  26.611 0.0000000000
8891  37.142  -86.474  25.296 0.0000000000
8892  36.149  -85.858  25.274 0.0000000000
9007  35.444  -86.583  17.103 0.0000000000
9008  34.851  -86.462  17.619 0.0000000000
9019  36.526  -87.141  15.688 0.0000000000
9020  36.005  -86.785  16.553 0.0000000000
9041  36.239  -86.607  13.693 0.0000000000
9054  28.135  -86.551  13.434 0.0000000000
9055  27.885  -86.819  13.254 0.0000000000
9061  33.361  -86.820  11.951 0.0000000000
9062  33.070  -86.229  11.548 0.0000000000
9063  28.095  -86.233  12.973 0.0000000000
9075  33.676  -87.195  11.259 0.0000000000
9076  33.257  -86.523  11.077 0.0000000000
9096  35.329  -87.093  10.316 0.0000000000
9098  33.414  -86.402  10.668 0.0000000000
9115  34.835  -86.424  9.995 0.0000000000
9116  34.158  -86.175  10.120 0.0000000000
9143  31.208  -86.849  5.999 0.0000000000
9144  30.687  -86.825  6.294 0.0000000000
9161  34.355  -86.358  5.186 0.0000000000
9162  33.071  -86.439  5.356 0.0000000000
9163  32.078  -86.393  5.512 0.0000000000
9164  31.355  -86.373  5.751 0.0000000000
9165  30.980  -86.482  5.983 0.0000000000
9176  35.088  -86.070  5.191 0.0000000000
9177  34.893  -86.217  5.191 0.0000000000
9755  37.371  -85.587  31.958 0.0000000000
9774  37.213  -85.967  32.010 0.0000000000
9785  38.926  -85.114  30.422 0.0000000000
9789  36.559  -86.241  30.735 0.0000000000
9801  36.379  -85.897  30.113 0.0000000000
9802  35.438  -85.871  29.640 0.0000000000
9814  36.059  -85.511  29.002 0.0000000000
9815  34.785  -85.716  28.747 0.0000000000
9816  34.199  -85.797  27.945 0.0000000000
9835  35.883  -85.653  27.834 0.0000000000
9836  34.809  -85.727  27.463 0.0000000000
9837  34.280  -85.847  27.482 0.0000000000
9850  37.895  -85.054  26.650 0.0000000000
9851  37.244  -84.559  26.631 0.0000000000
9865  37.955  -85.990  26.132 0.0000000000
9866  36.806  -85.266  26.070 0.0000000000
9867  35.466  -85.158  25.493 0.0000000000
9868  34.781  -84.963  25.219 0.0000000000
9878  35.508  -85.775  24.986 0.0000000000
9879  34.659  -85.492  24.630 0.0000000000
9979  35.370  -85.714  16.917 0.0000000000
9988  36.226  -86.345  15.723 0.0000000000
9989  35.818  -85.631  16.037 0.0000000000
10001  36.423  -86.553  15.039 0.0000000000
10002  36.026  -85.750  15.162 0.0000000000
10020  36.114  -86.210  14.222 0.0000000000
10040  36.012  -86.303  13.441 0.0000000000
10056  36.137  -86.328  12.562 0.0000000000
10067  36.005  -85.825  11.999 0.0000000000
10068  32.762  -85.835  11.197 0.0000000000
10082  38.289  -85.820  10.193 0.0000000000
10084  36.944  -85.715  10.992 0.0000000000
10086  33.018  -85.989  10.586 0.0000000000
10103  35.318  -85.975  9.529 0.0000000000
10104  34.323  -85.734  9.680 0.0000000000
10121  34.841  -85.402  9.273 0.0000000000
10160  38.219  -85.733  5.662 0.0000000000
10163  34.619  -85.368  5.362 0.0000000000
10164  33.556  -85.481  5.328 0.0000000000
10165  32.514  -85.574  5.399 0.0000000000
10166  31.602  -85.671  5.554 0.0000000000
10167  30.742  -85.926  5.867 0.0000000000
10180  35.124  -85.792  5.259 0.0000000000
10181  34.798  -85.951  5.187 0.0000000000
10769  37.267  -85.247  32.091 0.0000000000
10770  36.707  -84.934  32.398 0.0000000000
10791  38.138  -85.079  31.179 0.0000000000
10792  37.748  -85.176  31.512 0.0000000000
10793  37.264  -84.796  31.835 0.0000000000
10805  39.080  -84.909  30.374 0.0000000000
10806  38.528  -84.830  30.795 0.0000000000
10807  37.634  -84.653  31.238 0.0000000000
10815  39.268  -84.515  29.914 0.0000000000
10816  38.793  -84.332  30.200 0.0000000000
10836  39.695  -84.428  28.090 0.0000000000
10837  39.114  -84.402  27.567 0.0000000000
10838  38.611  -83.930  27.377 0.0000000000
10849  38.482  -84.655  27.161 0.0000000000
10850  37.883  -84.047  27.078 0.0000000000
10851  36.988  -83.775  26.744 0.0000000000
10852  36.452  -83.317  26.644 0.0000000000
10864  36.729  -84.471  26.476 0.0000000000
10865  35.963  -84.139  26.351 0.0000000000
10866  34.715  -84.236  25.562 0.0000000000
10867  34.097  -83.755  25.200 0.0000000000
10876  34.481  -84.800  25.055 0.0000000000
10877  33.948  -84.398  24.763 0.0000000000
10953  41.137  -84.395  19.220 0.0000000000
10967  41.230  -84.242  18.329 0.0000000000
10985  34.882  -84.795  17.042 0.0000000000
10996  35.321  -84.570  16.340 0.0000000000
10997  34.782  -84.113  16.856 0.0000000000
11011  35.615  -84.778  15.373 0.0000000000
11024  35.666  -85.168  14.491 0.0000000000
11037  35.529  -85.438  13.484 0.0000000000
11038  35.100  -85.012  12.992 0.0000000000
11054  35.503  -85.480  12.477 0.0000000000
11055  34.989  -84.825  12.424 0.0000000000
11072  36.570  -85.523  11.156 0.0000000000
11073  35.719  -85.120  11.470 0.0000000000
11074  34.954  -84.604  11.847 0.0000000000
11093  38.097  -85.272  10.246 0.0000000000
11094  36.792  -84.950  10.579 0.0000000000
11095  35.926  -84.612  10.866 0.0000000000
11096  32.435  -85.208  10.597 0.0000000000
11097  31.983  -84.546  10.184 0.0000000000
11110  38.665  -84.794  9.611 0.0000000000
11111  37.692  -84.454  9.994 0.0000000000
11112  37.016  -84.299  10.183 0.0000000000
11113  34.220  -85.123  9.257 0.0000000000
11114  33.545  -85.126  9.506 0.0000000000
11115  32.586  -84.788  9.745 0.0000000000
11130  37.003  -84.847  8.301 0.0000000000
11131  35.858  -84.687  8.507 0.0000000000
11132  34.751  -84.762  8.807 0.0000000000
11133  33.734  -84.562  9.031 0.0000000000
11134  33.143  -84.591  9.303 0.0000000000
11149  36.207  -84.230  7.905 0.0000000000
11150  26.119  -84.543  7.103 0.0000000000
11169  35.225  -83.963  6.532 0.0000000000
11184  38.366  -85.200  5.950 0.0000000000
11185  37.703  -84.957  5.856 0.0000000000
11187  35.058  -84.324  5.940 0.0000000000
11188  33.955  -84.557  5.590 0.0000000000
11189  32.936  -84.676  5.494 0.0000000000
11190  31.974  -84.806  5.471 0.0000000000
11191  31.094  -84.976  5.628 0.0000000000
11820  38.415  -84.181  30.284 0.0000000000
11830  39.587  -83.477  29.217 0.0000000000
11831  38.832  -83.675  29.847 0.0000000000
11840  39.762  -83.727  28.510 0.0000000000
11851  39.536  -83.559  27.957 0.0000000000
11852  39.089  -83.363  27.570 0.0000000000
11853  38.489  -83.169  27.288 0.0000000000
11869  37.757  -83.011  27.024 0.0000000000
11870  37.067  -82.784  26.763 0.0000000000
11871  36.451  -82.624  26.586 0.0000000000
11872  35.884  -82.598  26.473 0.0000000000
11887  35.947  -83.184  26.533 0.0000000000
11888  35.247  -83.129  26.223 0.0000000000
11889  34.371  -83.131  25.583 0.0000000000
11912  33.336  -83.906  24.357 0.0000000000
11942  39.948  -83.007  21.275 0.0000000000
11957  40.466  -83.853  20.394 0.0000000000
11976  40.659  -84.086  19.651 0.0000000000
11977  40.125  -83.453  19.624 0.0000000000
11989  40.600  -83.830  18.669 0.0000000000
11990  40.213  -83.331  18.995 0.0000000000
12006  41.250  -83.927  17.543 0.0000000000
12025  41.403  -83.582  16.659 0.0000000000
12041  41.258  -83.349  16.344 0.0000000000
12042  35.156  -83.545  15.575 0.0000000000
12063  35.372  -84.697  14.023 0.0000000000
12064  34.749  -84.125  13.507 0.0000000000
12080  34.595  -84.202  12.292 0.0000000000
12097  35.535  -84.426  11.028 0.0000000000
12102  26.998  -83.843  11.344 0.0000000000
12103  26.539  -84.022  11.068 0.0000000000
12114  36.618  -84.180  10.279 0.0000000000
12117  31.511  -83.996  10.473 0.0000000000
12119  26.908  -83.099  10.958 0.0000000000
12131  39.556  -83.946  9.072 0.0000000000
12132  39.213  -84.178  9.048 0.0000000000
12133  38.230  -83.674  9.319 0.0000000000
12134  36.808  -83.691  9.818 0.0000000000
12136  32.356  -84.250  9.414 0.0000000000
12151  39.586  -84.079  8.507 0.0000000000
12152  39.041  -83.534  8.675 0.0000000000
12153  38.389  -83.103  8.712 0.0000000000
12154  35.624  -84.194  8.101 0.0000000000
12155  35.035  -84.147  8.192 0.0000000000
12156  34.050  -83.969  8.405 0.0000000000
12157  32.757  -83.926  8.851 0.0000000000
12171  39.926  -83.905  7.536 0.0000000000
12172  35.425  -83.953  7.598 0.0000000000
12173  34.510  -83.716  7.449 0.0000000000
12174  33.358  -83.444  7.642 0.0000000000
12175  32.221  -83.002  7.689 0.0000000000
12177  25.928  -83.644  7.272 0.0000000000
12178  25.366  -83.550  7.945 0.0000000000
12193  35.164  -83.850  6.981 0.0000000000
12194  34.667  -83.839  6.504 0.0000000000
12195  33.808  -83.553  6.649 0.0000000000
12196  32.627  -83.271  6.573 0.0000000000
12197  31.785  -83.487  6.076 0.0000000000
12210  34.663  -83.975  6.119 0.0000000000
12211  34.262  -83.905  6.008 0.0000000000
12212  33.337  -83.843  5.843 0.0000000000
12213  32.347  -83.938  5.694 0.0000000000
12214  31.460  -84.141  5.649 0.0000000000
12801  38.275  -82.332  39.169 0.0000000000
12812  39.017  -82.255  38.657 0.0000000000
12813  38.485  -81.996  38.667 0.0000000000
12832  40.410  -82.091  37.894 0.0000000000
12899  34.454  -82.511  31.947 0.0000000000
12900  34.028  -82.108  31.552 0.0000000000
12913  34.789  -82.687  30.905 0.0000000000
12914  34.217  -82.273  31.177 0.0000000000
12921  39.439  -82.782  28.959 0.0000000000
12922  39.036  -82.823  29.298 0.0000000000
12926  35.320  -82.842  30.327 0.0000000000
12935  39.529  -82.810  28.403 0.0000000000
12939  36.417  -82.416  29.208 0.0000000000
12947  39.398  -82.753  27.835 0.0000000000
12948  39.013  -82.498  27.477 0.0000000000
12949  38.427  -82.271  27.159 0.0000000000
12963  37.771  -82.086  26.871 0.0000000000
12964  37.097  -81.943  26.568 0.0000000000
12965  36.359  -81.938  26.441 0.0000000000
12966  35.603  -82.116  26.330 0.0000000000
12982  34.833  -82.226  26.062 0.0000000000
12983  34.064  -82.145  25.521 0.0000000000
13010  42.831  -82.220  23.374 0.0000000000
13011  42.515  -81.968  23.380 0.0000000000
13028  41.982  -82.459  22.843 0.0000000000
13047  40.086  -82.578  21.640 0.0000000000
13048  39.202  -82.427  21.214 0.0000000000
13049  38.331  -81.830  21.275 0.0000000000
13050  37.956  -81.531  21.278 0.0000000000
13066  39.111  -82.494  20.549 0.0000000000
13083  39.414  -82.684  19.856 0.0000000000
13084  38.829  -82.236  20.171 0.0000000000
13098  40.247  -83.054  18.566 0.0000000000
13099  39.869  -82.885  19.121 0.0000000000
13112  40.593  -83.163  17.732 0.0000000000
13133  40.973  -83.252  16.812 0.0000000000
13134  34.828  -83.040  16.174 0.0000000000
13152  41.069  -82.962  15.998 0.0000000000
13153  34.902  -83.045  15.794 0.0000000000
13154  34.736  -82.567  15.656 0.0000000000
13174  41.329  -82.612  15.349 0.0000000000
13251  29.169  -82.051  10.633 0.0000000000
13252  28.077  -82.076  10.547 0.0000000000
13253  27.053  -82.554  10.375 0.0000000000
13263  37.942  -83.025  8.900 0.0000000000
13264  37.236  -82.926  9.105 0.0000000000
13267  29.949  -82.556  9.873 0.0000000000
13268  28.900  -81.903  9.556 0.0000000000
13281  38.735  -82.885  8.194 0.0000000000
13302  31.943  -82.905  6.865 0.0000000000
13322  31.948  -83.156  6.496 0.0000000000
13323  31.424  -83.041  6.449 0.0000000000
13943  39.409  -82.031  38.232 0.0000000000
13944  38.844  -81.692  38.258 0.0000000000
13961  39.850  -81.647  37.598 0.0000000000
13982  40.711  -81.400  36.933 0.0000000000
13983  40.234  -81.238  36.998 0.0000000000
14037  34.151  -82.277  32.445 0.0000000000
14038  33.801  -81.792  32.090 0.0000000000
14051  34.251  -82.173  30.520 0.0000000000
14052  33.707  -81.793  30.903 0.0000000000
14058  35.830  -82.251  29.216 0.0000000000
14059  34.825  -82.195  29.702 0.0000000000
14060  33.951  -81.749  30.047 0.0000000000
14070  39.441  -82.351  28.012 0.0000000000
14071  39.232  -81.857  28.086 0.0000000000
14073  37.685  -81.553  28.594 0.0000000000
14074  36.492  -81.698  28.732 0.0000000000
14075  35.436  -81.597  28.855 0.0000000000
14083  39.248  -82.163  27.776 0.0000000000
14084  38.845  -81.490  27.427 0.0000000000
14085  38.370  -81.528  26.978 0.0000000000
14096  38.491  -80.900  26.922 0.0000000000
14097  37.862  -81.129  26.659 0.0000000000
14098  36.984  -81.093  26.452 0.0000000000
14099  36.089  -81.190  26.368 0.0000000000
14100  35.358  -81.537  26.220 0.0000000000
14116  35.582  -80.911  26.207 0.0000000000
14117  34.832  -81.183  25.924 0.0000000000
14151  42.935  -81.417  23.748 0.0000000000
14152  42.180  -81.468  23.283 0.0000000000
14167  41.288  -81.529  22.651 0.0000000000
14168  40.120  -81.547  21.952 0.0000000000
14169  39.418  -81.023  21.752 0.0000000000
14187  39.565  -82.088  21.635 0.0000000000
14188  39.029  -81.573  21.585 0.0000000000
14189  38.161  -81.255  21.425 0.0000000000
14232  39.028  -82.156  19.753 0.0000000000
14233  38.425  -81.687  19.846 0.0000000000
14248  39.941  -82.589  18.716 0.0000000000
14249  39.442  -81.981  19.011 0.0000000000
14263  40.187  -82.376  18.144 0.0000000000
14264  39.896  -81.426  17.803 0.0000000000
14283  40.540  -82.153  16.844 0.0000000000
14284  40.181  -81.384  17.087 0.0000000000
14285  33.944  -81.312  16.412 0.0000000000
14307  40.903  -82.116  15.620 0.0000000000
14308  34.444  -81.607  15.962 0.0000000000
14332  41.737  -82.258  14.308 0.0000000000
14333  41.230  -82.057  14.721 0.0000000000
14334  34.347  -81.702  15.239 0.0000000000
14335  33.985  -81.729  14.500 0.0000000000
14359  41.474  -81.770  13.998 0.0000000000
14382  42.336  -81.451  13.085 0.0000000000
14383  41.506  -81.365  13.251 0.0000000000
15099  41.263  -80.971  36.317 0.0000000000
15100  40.513  -80.841  36.530 0.0000000000
15115  42.275  -80.427  35.284 0.0000000000
15116  41.593  -80.533  35.551 0.0000000000
15117  40.966  -80.576  35.990 0.0000000000
15130  41.989  -80.267  34.889 0.0000000000
15153  32.793  -80.166  32.866 0.0000000000
15163  33.257  -80.921  32.428 0.0000000000
15164  32.641  -80.255  31.808 0.0000000000
15174  33.121  -81.051  31.294 0.0000000000
15175  32.589  -80.304  30.714 0.0000000000
15182  34.060  -81.466  29.545 0.0000000000
15183  33.269  -80.813  29.797 0.0000000000
15184  32.615  -80.095  30.023 0.0000000000
15193  38.759  -80.885  27.845 0.0000000000
15194  38.095  -80.678  28.232 0.0000000000
15195  37.054  -80.780  28.303 0.0000000000
15196  35.882  -80.633  28.281 0.0000000000
15197  34.427  -80.917  28.825 0.0000000000
15198  33.622  -80.374  28.921 0.0000000000
15205  38.469  -80.346  27.127 0.0000000000
15206  38.182  -80.106  27.581 0.0000000000
15207  37.345  -80.095  27.892 0.0000000000
15208  36.643  -80.266  28.042 0.0000000000
15215  38.244  -80.283  26.676 0.0000000000
15216  37.618  -80.265  26.383 0.0000000000
15217  36.713  -80.170  26.200 0.0000000000
15218  36.031  -80.574  26.250 0.0000000000
15227  36.479  -79.629  25.895 0.0000000000
15228  35.727  -80.103  25.976 0.0000000000
15229  34.663  -80.241  25.600 0.0000000000
15230  33.831  -80.182  25.231 0.0000000000
15251  33.189  -80.065  24.699 0.0000000000
15270  43.326  -80.582  24.047 0.0000000000
15271  42.584  -80.597  23.656 0.0000000000
15289  41.698  -80.528  23.081 0.0000000000
15290  40.733  -80.488  22.462 0.0000000000
15291  39.821  -80.416  21.896 0.0000000000
15307  38.753  -80.429  21.576 0.0000000000
15308  37.648  -80.548  21.342 0.0000000000
15367  39.224  -80.938  18.477 0.0000000000
15381  39.416  -80.569  17.799 0.0000000000
15382  39.047  -80.365  18.215 0.0000000000
15397  40.261  -81.238  16.607 0.0000000000
15398  39.824  -80.788  17.080 0.0000000000
15399  33.919  -80.925  16.148 0.0000000000
15400  33.553  -80.609  16.315 0.0000000000
15418  40.475  -81.356  15.863 0.0000000000
15419  39.978  -80.641  16.168 0.0000000000
15420  34.154  -81.107  16.007 0.0000000000
15421  33.895  -80.735  15.813 0.0000000000
15435  40.652  -81.517  15.005 0.0000000000
15437  34.152  -81.182  15.617 0.0000000000
15438  33.831  -80.796  15.038 0.0000000000
15447  40.726  -81.248  13.984 0.0000000000
15449  33.516  -81.115  14.213 0.0000000000
15464  41.896  -80.850  12.494 0.0000000000
15465  40.693  -80.446  12.609 0.0000000000
15466  39.805  -79.968  12.947 0.0000000000
15485  40.978  -79.943  11.905 0.0000000000
16264  41.511  -80.156  35.115 0.0000000000
16265  40.849  -79.972  35.457 0.0000000000
16281  41.570  -79.752  34.595 0.0000000000
16282  40.889  -79.340  34.535 0.0000000000
16294  42.769  -79.147  33.525 0.0000000000
16295  41.849  -79.333  33.780 0.0000000000
16296  41.309  -79.302  34.105 0.0000000000
16306  32.164  -79.285  32.321 0.0000000000
16307  31.716  -78.668  32.050 0.0000000000
16319  32.184  -79.587  31.173 0.0000000000
16320  31.742  -78.866  31.407 0.0000000000
16332  32.307  -79.621  30.288 0.0000000000
16333  31.868  -79.039  30.513 0.0000000000
16340  33.192  -79.994  28.977 0.0000000000
16341  32.536  -79.493  29.402 0.0000000000
16342  32.100  -79.184  29.945 0.0000000000
16353  35.739  -80.100  27.999 0.0000000000
16354  35.139  -80.032  28.074 0.0000000000
16355  33.796  -79.610  28.300 0.0000000000
16356  32.997  -79.492  28.715 0.0000000000
16363  38.464  -79.916  27.023 0.0000000000
16364  38.216  -79.644  26.997 0.0000000000
16366  36.223  -79.646  27.696 0.0000000000
16367  34.925  -79.149  27.666 0.0000000000
16368  34.074  -78.803  27.694 0.0000000000
16375  38.331  -79.882  26.838 0.0000000000
16376  37.836  -79.521  26.520 0.0000000000
16377  37.413  -79.593  26.173 0.0000000000
16384  37.498  -79.072  26.042 0.0000000000
16385  37.016  -79.204  25.807 0.0000000000
16386  36.291  -79.183  25.582 0.0000000000
16387  35.343  -79.317  25.401 0.0000000000
16388  34.476  -79.589  25.294 0.0000000000
16401  43.670  -80.065  24.314 0.0000000000
16402  34.742  -78.992  25.097 0.0000000000
16403  33.875  -79.228  24.934 0.0000000000
16422  43.739  -79.530  24.300 0.0000000000
16423  43.118  -79.747  23.956 0.0000000000
16424  42.174  -79.606  23.432 0.0000000000
16446  41.236  -79.355  22.788 0.0000000000
16447  40.308  -79.464  22.209 0.0000000000
16448  39.481  -79.458  21.698 0.0000000000
16467  38.724  -79.330  21.416 0.0000000000
16468  37.894  -79.591  21.317 0.0000000000
16469  36.899  -79.818  21.223 0.0000000000
16470  36.021  -79.952  21.201 0.0000000000
16507  37.055  -79.526  19.107 0.0000000000
16508  36.320  -79.265  19.279 0.0000000000
16530  37.010  -79.100  18.740 0.0000000000
16542  39.412  -80.285  17.357 0.0000000000
16543  38.848  -79.787  17.770 0.0000000000
16544  38.090  -79.095  17.752 0.0000000000
16558  39.462  -80.099  16.774 0.0000000000
16559  38.997  -79.398  16.536 0.0000000000
16576  39.473  -79.923  15.747 0.0000000000
16577  38.864  -79.212  15.519 0.0000000000
16578  33.484  -79.949  15.733 0.0000000000
16593  38.644  -79.048  14.740 0.0000000000
16616  39.937  -79.715  12.415 0.0000000000
16617  39.286  -79.557  12.693 0.0000000000
16632  40.397  -79.449  11.704 0.0000000000
16633  39.402  -79.289  12.121 0.0000000000
16634  38.897  -79.264  12.424 0.0000000000
16640  40.981  -79.286  11.273 0.0000000000
17391  43.448  -78.413  33.753 0.0000000000
17392  42.749  -78.212  33.187 0.0000000000
17393  41.945  -78.709  33.057 0.0000000000
17394  40.870  -78.806  33.561 0.0000000000
17395  40.134  -78.339  33.092 0.0000000000
17404  42.377  -77.744  32.786 0.0000000000
17405  41.991  -77.972  32.580 0.0000000000
17406  41.144  -78.278  32.611 0.0000000000
17407  40.587  -78.338  32.854 0.0000000000
17408  32.109  -78.933  33.085 0.0000000000
17409  31.687  -78.258  32.763 0.0000000000
17421  31.403  -78.149  31.705 0.0000000000
17433  31.395  -78.259  30.714 0.0000000000
17442  32.262  -78.769  29.060 0.0000000000
17443  31.788  -78.524  29.619 0.0000000000
17455  33.445  -78.725  27.912 0.0000000000
17456  32.723  -78.693  28.442 0.0000000000
17457  32.103  -78.310  28.848 0.0000000000
17463  37.568  -78.990  26.730 0.0000000000
17466  34.619  -78.213  27.241 0.0000000000
17467  33.704  -78.230  27.503 0.0000000000
17468  33.060  -78.184  27.768 0.0000000000
17474  37.405  -78.718  26.197 0.0000000000
17477  35.394  -77.859  26.742 0.0000000000
17486  37.220  -78.538  25.815 0.0000000000
17488  36.027  -78.512  25.248 0.0000000000
17489  35.330  -78.592  25.052 0.0000000000
17499  44.071  -78.947  24.297 0.0000000000
17501  35.737  -77.885  24.824 0.0000000000
17516  43.487  -78.857  24.039 0.0000000000
17517  42.657  -78.759  23.616 0.0000000000
17518  41.815  -78.576  23.192 0.0000000000
17541  41.211  -78.317  22.771 0.0000000000
17542  40.630  -78.505  22.416 0.0000000000
17569  36.204  -79.149  21.132 0.0000000000
17610  35.977  -78.648  19.009 0.0000000000
17628  37.384  -78.738  18.087 0.0000000000
17629  36.455  -78.391  18.494 0.0000000000
17639  38.475  -79.044  17.096 0.0000000000
17640  37.800  -78.432  17.099 0.0000000000
17641  36.990  -77.947  17.671 0.0000000000
17655  38.447  -78.715  16.270 0.0000000000
17656  37.844  -78.050  16.025 0.0000000000
17671  38.297  -78.566  15.315 0.0000000000
17672  37.629  -77.991  14.963 0.0000000000
17687  38.181  -78.574  14.406 0.0000000000
17688  37.629  -78.179  14.018 0.0000000000
17698  38.105  -78.660  13.545 0.0000000000
17699  37.474  -78.239  13.233 0.0000000000
17700  37.114  -78.024  12.715 0.0000000000
17730  38.457  -78.803  12.038 0.0000000000
18634  42.053  -77.315  32.681 0.0000000000
18635  41.138  -77.362  32.388 0.0000000000
18637  39.047  -77.572  32.382 0.0000000000
18639  37.127  -76.998  32.738 0.0000000000
18640  31.457  -77.147  33.153 0.0000000000
18653  40.299  -77.151  32.055 0.0000000000
18654  39.604  -77.209  31.946 0.0000000000
18655  38.687  -77.059  31.834 0.0000000000
18656  37.866  -76.885  31.781 0.0000000000
18657  31.174  -77.194  32.154 0.0000000000
18658  30.900  -76.740  31.542 0.0000000000
18669  31.034  -77.413  31.149 0.0000000000
18686  31.024  -77.254  29.970 0.0000000000
18702  32.230  -77.979  28.475 0.0000000000
18703  31.661  -77.498  28.747 0.0000000000
18715  33.904  -77.716  27.133 0.0000000000
18716  33.226  -77.664  27.395 0.0000000000
18717  32.417  -77.444  27.825 0.0000000000
18718  31.811  -77.016  28.119 0.0000000000
18728  37.090  -78.024  25.828 0.0000000000
18730  35.679  -77.262  26.230 0.0000000000
18731  34.543  -77.304  26.622 0.0000000000
18732  33.465  -77.135  26.941 0.0000000000
18733  32.892  -77.222  27.277 0.0000000000
18744  36.571  -77.442  25.288 0.0000000000
18755  45.697  -77.977  25.128 0.0000000000
18756  45.021  -78.117  24.637 0.0000000000
18777  43.082  -77.890  23.675 0.0000000000
18798  41.557  -77.663  22.911 0.0000000000
18799  40.843  -77.529  22.498 0.0000000000
18800  40.288  -77.852  22.144 0.0000000000
18822  40.308  -77.189  22.099 0.0000000000
18874  36.425  -77.742  17.969 0.0000000000
18887  37.182  -77.644  16.719 0.0000000000
18905  37.204  -77.497  15.746 0.0000000000
18919  37.012  -77.482  14.996 0.0000000000
18934  37.150  -77.686  14.274 0.0000000000
18935  36.461  -77.165  14.550 0.0000000000
18950  37.270  -77.900  13.731 0.0000000000
18951  36.732  -77.618  13.461 0.0000000000
19897  36.096  -76.224  32.867 0.0000000000
19912  41.493  -76.462  32.794 0.0000000000
19913  40.480  -76.321  32.302 0.0000000000
19914  39.972  -75.854  32.259 0.0000000000
19915  37.182  -76.853  31.999 0.0000000000
19916  36.550  -76.507  32.365 0.0000000000
19917  36.068  -76.129  32.262 0.0000000000
19918  31.170  -76.018  32.650 0.0000000000
19919  30.967  -75.515  32.083 0.0000000000
19934  39.987  -76.772  31.958 0.0000000000
19935  39.471  -76.346  31.967 0.0000000000
19938  36.643  -76.282  31.819 0.0000000000
19939  36.254  -76.196  31.999 0.0000000000
19940  30.960  -76.474  31.991 0.0000000000
19941  30.731  -75.899  31.566 0.0000000000
19953  30.521  -75.841  30.496 0.0000000000
19986  31.324  -76.473  28.299 0.0000000000
20002  32.283  -76.875  27.502 0.0000000000
20003  31.906  -76.609  27.623 0.0000000000
20019  35.981  -76.720  25.666 0.0000000000
20020  34.989  -76.605  25.906 0.0000000000
20021  33.743  -76.282  26.247 0.0000000000
20022  32.542  -76.574  27.029 0.0000000000
20034  46.189  -77.268  25.398 0.0000000000
20061  43.532  -76.947  23.535 0.0000000000
20062  42.587  -76.893  23.169 0.0000000000
20063  41.934  -77.109  22.974 0.0000000000
20079  41.999  -76.505  22.830 0.0000000000
20080  41.378  -76.687  22.655 0.0000000000
20081  40.633  -76.544  22.293 0.0000000000
20099  40.017  -76.520  21.841 0.0000000000
21253  32.554  -75.059  33.939 0.0000000000
21254  31.951  -75.330  33.587 0.0000000000
21274  35.662  -75.817  32.571 0.0000000000
21275  35.054  -75.459  32.321 0.0000000000
21276  31.589  -75.018  32.700 0.0000000000
21277  31.192  -75.234  32.282 0.0000000000
21298  35.871  -75.716  31.823 0.0000000000
21299  34.961  -75.233  31.751 0.0000000000
21300  31.431  -74.698  32.171 0.0000000000
21301  30.891  -74.887  31.780 0.0000000000
21316  30.458  -74.953  30.913 0.0000000000
21383  46.815  -75.984  26.339 0.0000000000
21408  43.977  -75.900  23.475 0.0000000000
21409  43.043  -75.936  23.145 0.0000000000
21424  42.370  -76.031  22.856 0.0000000000
21425  41.769  -75.791  22.664 0.0000000000
21426  40.992  -75.689  22.448 0.0000000000
21444  40.326  -75.691  22.035 0.0000000000
22500  32.966  -74.876  34.118 0.0000000000
22518  32.904  -74.640  33.302 0.0000000000
22519  32.184  -74.682  32.903 0.0000000000
22560  34.410  -74.562  31.656 0.0000000000
22564  30.840  -74.072  31.160 0.0000000000
22603  44.470  -73.953  28.405 0.0000000000
22616  45.258  -74.296  27.815 0.0000000000
22617  44.258  -74.204  27.793 0.0000000000
22618  43.409  -73.954  28.041 0.0000000000
22619  42.556  -73.662  27.692 0.0000000000
22620  42.138  -73.598  27.468 0.0000000000
22632  46.641  -75.101  26.966 0.0000000000
22633  45.926  -74.508  26.969 0.0000000000
22635  43.672  -74.006  27.288 0.0000000000
22636  42.764  -73.813  27.387 0.0000000000
22637  42.319  -73.681  27.389 0.0000000000
22651  46.756  -75.522  26.642 0.0000000000
22663  44.587  -74.199  24.561 0.0000000000
22676  44.408  -74.792  23.946 0.0000000000
22677  43.382  -74.881  23.272 0.0000000000
22688  42.430  -75.033  22.794 0.0000000000
22689  41.514  -74.833  22.562 0.0000000000
22690  40.516  -74.628  22.169 0.0000000000
22691  39.980  -74.037  22.000 0.0000000000
22708  40.017  -75.129  21.863 0.0000000000
23691  40.839  -73.173  27.314 0.0000000000
23692  39.728  -73.062  27.181 0.0000000000
23704  43.064  -73.714  26.657 0.0000000000
23705  41.819  -73.672  26.995 0.0000000000
23706  40.377  -73.266  26.768 0.0000000000
23724  43.789  -73.571  25.764 0.0000000000
23725  42.559  -73.124  25.609 0.0000000000
23726  41.261  -73.030  26.124 0.0000000000
23727  40.442  -72.865  26.088 0.0000000000
23735  44.561  -73.861  25.108 0.0000000000
23736  43.702  -73.622  24.447 0.0000000000
23737  42.745  -73.110  24.364 0.0000000000
23747  43.560  -74.187  23.669 0.0000000000
23748  42.573  -73.706  23.396 0.0000000000
23749  41.789  -73.249  23.232 0.0000000000
23761  41.987  -74.286  22.817 0.0000000000
23762  41.369  -73.699  22.739 0.0000000000
23763  40.310  -73.511  22.328 0.0000000000
24722  39.740  -72.842  26.251 0.0000000000
24749  41.632  -72.748  25.304 0.0000000000
24750  40.855  -72.625  25.424 0.0000000000
24751  40.066  -72.557  25.528 0.0000000000
24770  42.118  -72.771  24.587 0.0000000000
24771  41.308  -72.503  24.585 0.0000000000
24772  40.426  -72.292  24.672 0.0000000000
24782  42.382  -72.976  23.962 0.0000000000
24783  41.827  -72.797  23.743 0.0000000000
24784  40.827  -72.381  23.724 0.0000000000
24785  40.189  -72.296  23.230 0.0000000000
24793  41.343  -72.913  23.175 0.0000000000
24794  40.676  -72.808  22.836 0.0000000000
25843  40.342  -72.131  24.099 0.0000000000
25857  40.160  -72.099  23.749 0.0000000000
