#!ascii label  , from subject sub-CSI1 vox2ras=TkReg
1028
17931  24.071  -78.171  -1.623 0.0000000000
17991  23.455  -78.376  -4.078 0.0000000000
17992  22.392  -78.304  -4.193 0.0000000000
17993  21.581  -78.067  -4.282 0.0000000000
19143  24.608  -77.213  -0.846 0.0000000000
19144  24.162  -77.240  -0.737 0.0000000000
19170  24.917  -77.608  -1.332 0.0000000000
19198  25.076  -78.052  -2.145 0.0000000000
19217  20.873  -77.856  -3.923 0.0000000000
19233  24.364  -77.563  -4.756 0.0000000000
19234  23.063  -78.023  -5.009 0.0000000000
19235  21.995  -77.873  -4.985 0.0000000000
19236  21.137  -77.590  -4.824 0.0000000000
19253  24.174  -77.226  -5.492 0.0000000000
19254  23.625  -77.462  -5.860 0.0000000000
19255  22.454  -77.688  -5.809 0.0000000000
19256  21.425  -77.333  -5.724 0.0000000000
19257  20.744  -77.210  -5.371 0.0000000000
19278  23.398  -77.270  -6.544 0.0000000000
19279  22.788  -77.373  -6.540 0.0000000000
19280  21.929  -77.237  -6.414 0.0000000000
20482  25.518  -76.317  -0.852 0.0000000000
20483  24.671  -76.654  -0.710 0.0000000000
20510  25.782  -76.929  -1.163 0.0000000000
20511  25.246  -76.928  -0.910 0.0000000000
20554  25.037  -76.458  -4.939 0.0000000000
20581  23.865  -77.055  -6.538 0.0000000000
20582  20.867  -76.913  -5.838 0.0000000000
20609  24.237  -76.516  -7.115 0.0000000000
20610  23.221  -76.955  -7.161 0.0000000000
20612  21.154  -76.308  -6.526 0.0000000000
21794  25.002  -75.462  -0.707 0.0000000000
21795  24.049  -75.696  -0.663 0.0000000000
21828  24.207  -74.984  -0.712 0.0000000000
21829  23.509  -74.962  -0.817 0.0000000000
21831  21.933  -74.861  -1.294 0.0000000000
21832  21.393  -74.678  -1.470 0.0000000000
21880  25.380  -75.455  -4.751 0.0000000000
21881  24.968  -75.504  -5.375 0.0000000000
21914  24.817  -75.500  -6.432 0.0000000000
21915  21.019  -75.501  -6.992 0.0000000000
21916  20.459  -75.321  -6.811 0.0000000000
21918  18.649  -75.174  -6.935 0.0000000000
21931  20.859  -75.152  -7.253 0.0000000000
21932  18.550  -75.008  -7.528 0.0000000000
21933  17.866  -75.279  -7.726 0.0000000000
22995  23.810  -74.379  -0.825 0.0000000000
22996  23.153  -74.323  -1.254 0.0000000000
22997  22.405  -74.282  -1.503 0.0000000000
22998  21.616  -74.081  -1.767 0.0000000000
23017  21.344  -73.651  -2.143 0.0000000000
23018  21.184  -73.829  -2.088 0.0000000000
23042  25.752  -74.472  -4.567 0.0000000000
23043  25.030  -74.397  -5.291 0.0000000000
23044  24.873  -74.902  -5.515 0.0000000000
23061  24.711  -73.906  -5.622 0.0000000000
23062  24.856  -74.402  -5.728 0.0000000000
23074  19.519  -74.837  -7.170 0.0000000000
23075  18.983  -74.836  -7.467 0.0000000000
23086  20.918  -74.998  -7.565 0.0000000000
23087  20.341  -74.773  -7.447 0.0000000000
23089  18.726  -74.841  -7.923 0.0000000000
24084  23.444  -73.718  -1.088 0.0000000000
24085  22.738  -73.647  -1.486 0.0000000000
24086  22.140  -73.725  -1.726 0.0000000000
24099  22.267  -73.297  -1.792 0.0000000000
24100  21.727  -73.372  -2.136 0.0000000000
24101  20.930  -73.284  -2.581 0.0000000000
24137  25.300  -73.402  -4.865 0.0000000000
24138  24.713  -73.386  -5.613 0.0000000000
24139  24.499  -73.047  -5.870 0.0000000000
24140  14.023  -72.873  -4.344 0.0000000000
24159  24.605  -73.692  -5.724 0.0000000000
24160  24.686  -73.467  -5.894 0.0000000000
25162  22.999  -73.330  -1.255 0.0000000000
25163  22.585  -72.893  -1.447 0.0000000000
25175  22.092  -72.901  -2.050 0.0000000000
25176  21.572  -72.644  -2.583 0.0000000000
25177  21.158  -72.566  -3.039 0.0000000000
25199  21.320  -72.219  -3.197 0.0000000000
25200  20.777  -72.297  -3.610 0.0000000000
25222  25.949  -72.404  -4.597 0.0000000000
25223  25.172  -72.436  -5.481 0.0000000000
25224  24.659  -72.771  -5.862 0.0000000000
25225  20.187  -71.764  -4.128 0.0000000000
25226  19.664  -71.638  -4.280 0.0000000000
25243  24.981  -72.215  -5.980 0.0000000000
26241  21.986  -72.365  -1.932 0.0000000000
26242  21.427  -71.830  -2.623 0.0000000000
26256  21.120  -71.722  -3.504 0.0000000000
26257  20.490  -71.305  -4.107 0.0000000000
26271  25.662  -71.456  -5.219 0.0000000000
26273  20.004  -71.257  -4.445 0.0000000000
26274  19.346  -71.227  -4.538 0.0000000000
26275  18.421  -71.197  -4.539 0.0000000000
26276  17.272  -71.366  -4.389 0.0000000000
26277  16.229  -71.509  -4.308 0.0000000000
27314  20.165  -70.708  -3.916 0.0000000000
27318  15.127  -70.255  -2.636 0.0000000000
27319  14.276  -70.470  -2.440 0.0000000000
27328  20.145  -70.846  -4.409 0.0000000000
27329  19.642  -70.619  -4.297 0.0000000000
27330  18.814  -70.470  -4.104 0.0000000000
27342  26.165  -70.524  -5.397 0.0000000000
27343  25.572  -70.997  -5.618 0.0000000000
27344  20.187  -71.027  -4.480 0.0000000000
27345  19.803  -70.926  -4.550 0.0000000000
27346  19.035  -70.845  -4.437 0.0000000000
27347  17.912  -70.653  -4.315 0.0000000000
27348  16.804  -70.822  -4.303 0.0000000000
28367  15.463  -69.629  -2.160 0.0000000000
28368  14.705  -69.863  -1.984 0.0000000000
28388  17.640  -70.368  -3.945 0.0000000000
31744  20.158  -65.742  -1.315 0.0000000000
31753  23.566  -66.687  -2.255 0.0000000000
31754  22.410  -66.623  -2.449 0.0000000000
31764  24.607  -65.858  -3.049 0.0000000000
31765  23.943  -65.951  -2.903 0.0000000000
31766  22.853  -66.156  -2.778 0.0000000000
32923  25.303  -65.139  2.654 0.0000000000
32924  24.577  -65.391  2.643 0.0000000000
32925  23.523  -65.415  2.299 0.0000000000
32943  25.139  -65.174  1.931 0.0000000000
32944  24.365  -65.449  1.584 0.0000000000
32945  23.435  -65.538  1.152 0.0000000000
32958  25.045  -65.159  1.043 0.0000000000
32959  24.350  -65.394  0.403 0.0000000000
32960  23.262  -65.510  0.079 0.0000000000
32979  20.252  -65.220  -1.386 0.0000000000
32994  21.307  -65.903  -2.025 0.0000000000
34153  26.337  -64.136  2.266 0.0000000000
34154  25.632  -64.759  2.272 0.0000000000
34172  26.064  -64.034  0.959 0.0000000000
34173  25.617  -64.648  1.406 0.0000000000
34185  25.897  -63.885  0.346 0.0000000000
34186  25.339  -64.507  0.007 0.0000000000
35378  26.852  -63.270  2.274 0.0000000000
35392  26.568  -63.338  1.361 0.0000000000
35402  26.233  -63.394  0.520 0.0000000000
35403  25.874  -63.527  -0.049 0.0000000000
35414  25.540  -63.472  -0.849 0.0000000000
36533  27.420  -61.961  2.443 0.0000000000
36534  27.242  -62.717  2.801 0.0000000000
36548  27.077  -62.628  1.759 0.0000000000
36558  26.716  -62.452  0.444 0.0000000000
36559  26.200  -63.047  0.130 0.0000000000
36575  26.029  -62.827  -0.376 0.0000000000
36600  27.057  -61.897  -2.613 0.0000000000
36601  26.581  -62.103  -2.536 0.0000000000
36602  25.772  -62.503  -2.310 0.0000000000
36614  27.180  -62.418  -2.933 0.0000000000
36616  25.577  -63.057  -2.840 0.0000000000
37602  27.366  -61.011  4.532 0.0000000000
37619  27.383  -61.487  4.084 0.0000000000
37668  27.679  -61.123  1.335 0.0000000000
37716  27.637  -61.056  -2.600 0.0000000000
37717  27.007  -61.321  -2.435 0.0000000000
37718  26.396  -61.545  -2.074 0.0000000000
37719  26.071  -62.005  -1.705 0.0000000000
37728  28.166  -61.468  -2.893 0.0000000000
37729  27.424  -61.649  -2.683 0.0000000000
38719  27.440  -60.486  5.050 0.0000000000
38720  27.088  -60.880  5.683 0.0000000000
38824  26.760  -60.846  -1.736 0.0000000000
38831  28.197  -60.572  -2.657 0.0000000000
38832  27.470  -60.299  -2.240 0.0000000000
38833  26.811  -60.933  -2.177 0.0000000000
39829  21.876  -59.062  4.758 0.0000000000
39846  21.964  -58.856  3.571 0.0000000000
39892  29.497  -58.737  1.504 0.0000000000
39912  29.508  -58.701  0.856 0.0000000000
39923  28.234  -59.586  -0.663 0.0000000000
39934  28.184  -59.217  -1.322 0.0000000000
40942  25.270  -58.720  8.633 0.0000000000
40943  24.140  -58.435  9.062 0.0000000000
40944  23.145  -58.294  8.809 0.0000000000
40945  22.527  -58.272  8.140 0.0000000000
40962  26.078  -58.521  8.002 0.0000000000
40963  22.224  -58.304  7.166 0.0000000000
40978  22.183  -58.188  6.282 0.0000000000
41006  22.401  -58.370  4.297 0.0000000000
41018  29.539  -58.143  3.566 0.0000000000
41032  30.124  -57.950  2.359 0.0000000000
41033  29.779  -58.252  2.496 0.0000000000
41045  30.163  -57.954  2.113 0.0000000000
41046  29.968  -58.151  1.649 0.0000000000
41063  29.797  -58.277  1.025 0.0000000000
41064  29.536  -58.351  0.398 0.0000000000
41088  28.535  -58.567  -1.368 0.0000000000
41089  28.168  -59.093  -1.567 0.0000000000
41102  28.163  -58.962  -1.819 0.0000000000
42127  24.880  -57.421  8.564 0.0000000000
42128  23.727  -57.368  8.836 0.0000000000
42129  22.888  -57.386  8.450 0.0000000000
42130  22.474  -57.449  7.661 0.0000000000
42147  27.272  -57.515  7.337 0.0000000000
42149  25.713  -57.875  8.238 0.0000000000
42150  22.280  -57.487  6.735 0.0000000000
42161  27.759  -57.729  6.767 0.0000000000
42162  22.333  -57.558  5.782 0.0000000000
42176  22.523  -57.735  4.922 0.0000000000
42201  30.558  -57.070  3.300 0.0000000000
42202  30.112  -57.758  3.123 0.0000000000
42204  22.905  -57.530  2.842 0.0000000000
42215  30.365  -57.573  2.448 0.0000000000
42216  30.106  -57.885  2.698 0.0000000000
42225  30.299  -57.600  1.595 0.0000000000
42226  30.086  -57.881  1.192 0.0000000000
42227  23.107  -56.706  1.842 0.0000000000
42228  22.616  -56.855  1.586 0.0000000000
42234  30.206  -57.580  1.109 0.0000000000
42235  30.019  -57.650  0.669 0.0000000000
42236  29.624  -57.519  -0.141 0.0000000000
42244  29.050  -57.406  -0.902 0.0000000000
43342  27.126  -56.023  8.235 0.0000000000
43343  26.316  -56.127  8.397 0.0000000000
43344  25.297  -56.230  8.385 0.0000000000
43345  24.285  -56.383  8.599 0.0000000000
43346  23.352  -56.499  8.513 0.0000000000
43363  28.938  -56.053  7.207 0.0000000000
43364  28.351  -56.243  7.400 0.0000000000
43365  27.628  -56.377  7.679 0.0000000000
43366  26.758  -56.801  7.902 0.0000000000
43367  25.848  -57.014  8.096 0.0000000000
43383  30.048  -56.095  6.169 0.0000000000
43384  29.417  -56.258  6.630 0.0000000000
43386  28.003  -56.999  7.062 0.0000000000
43387  22.416  -56.785  6.218 0.0000000000
43404  22.713  -56.784  5.165 0.0000000000
43434  23.888  -55.672  2.680 0.0000000000
43445  30.764  -56.463  2.577 0.0000000000
43446  23.735  -55.595  2.172 0.0000000000
43447  23.512  -56.175  2.151 0.0000000000
43452  30.575  -56.702  1.679 0.0000000000
43453  30.461  -56.407  1.033 0.0000000000
43454  23.148  -56.155  1.576 0.0000000000
43461  30.355  -57.117  1.041 0.0000000000
43462  30.145  -56.603  0.357 0.0000000000
43463  29.544  -56.438  -0.473 0.0000000000
43472  29.136  -56.313  -1.167 0.0000000000
44509  28.557  -55.096  8.242 0.0000000000
44510  27.950  -55.419  8.334 0.0000000000
44511  26.916  -55.259  8.625 0.0000000000
44512  25.897  -55.273  8.722 0.0000000000
44513  24.845  -55.319  8.677 0.0000000000
44514  23.800  -55.480  8.419 0.0000000000
44515  23.047  -55.908  8.197 0.0000000000
44528  29.442  -55.504  7.261 0.0000000000
44529  28.714  -55.461  7.781 0.0000000000
44530  28.140  -55.856  7.779 0.0000000000
44531  23.165  -55.241  7.910 0.0000000000
44532  22.710  -55.912  7.539 0.0000000000
44549  30.402  -55.362  5.956 0.0000000000
44550  29.995  -55.489  6.689 0.0000000000
44551  22.945  -55.229  6.972 0.0000000000
44552  22.587  -56.039  6.582 0.0000000000
44571  30.775  -55.345  5.060 0.0000000000
44572  23.051  -55.595  5.669 0.0000000000
44573  22.620  -56.276  5.897 0.0000000000
44589  31.332  -54.945  4.018 0.0000000000
44590  31.155  -55.273  4.139 0.0000000000
44592  23.738  -55.394  4.388 0.0000000000
44599  31.303  -54.944  3.770 0.0000000000
44600  31.190  -55.173  3.384 0.0000000000
44611  24.021  -54.869  2.165 0.0000000000
44612  23.524  -55.606  1.841 0.0000000000
44620  30.729  -55.540  1.786 0.0000000000
44621  30.579  -56.046  1.331 0.0000000000
44622  23.671  -54.513  1.740 0.0000000000
44623  23.259  -55.144  1.532 0.0000000000
44634  30.584  -55.049  1.239 0.0000000000
44635  30.448  -55.531  0.870 0.0000000000
44636  29.815  -55.454  0.067 0.0000000000
44649  29.390  -55.372  -0.677 0.0000000000
45638  26.351  -53.846  9.357 0.0000000000
45651  29.080  -54.483  8.257 0.0000000000
45652  28.599  -54.546  8.540 0.0000000000
45653  27.666  -54.300  9.121 0.0000000000
45654  26.559  -54.508  9.131 0.0000000000
45655  25.568  -54.286  9.045 0.0000000000
45656  24.469  -54.311  8.541 0.0000000000
45657  23.682  -54.713  8.194 0.0000000000
45672  30.057  -54.265  7.335 0.0000000000
45673  29.446  -54.621  7.800 0.0000000000
45674  28.900  -54.863  8.159 0.0000000000
45675  23.858  -54.154  8.084 0.0000000000
45676  23.461  -54.513  7.527 0.0000000000
45689  30.340  -54.523  6.618 0.0000000000
45690  29.921  -54.915  7.193 0.0000000000
45691  23.952  -53.958  5.942 0.0000000000
45692  23.500  -54.470  6.507 0.0000000000
45707  30.733  -54.391  5.614 0.0000000000
45708  24.203  -53.988  5.117 0.0000000000
45709  23.708  -54.646  5.342 0.0000000000
45726  31.115  -54.390  4.555 0.0000000000
45727  24.379  -54.162  4.151 0.0000000000
45728  24.034  -54.597  4.604 0.0000000000
45739  31.175  -54.413  3.648 0.0000000000
45740  24.381  -54.059  3.104 0.0000000000
45748  30.892  -54.572  2.561 0.0000000000
45749  24.214  -53.824  2.380 0.0000000000
45757  30.503  -54.362  1.411 0.0000000000
45758  30.187  -53.851  0.989 0.0000000000
45759  23.929  -53.934  1.892 0.0000000000
45768  30.470  -54.813  0.986 0.0000000000
45769  30.052  -54.399  0.617 0.0000000000
45770  29.485  -54.429  -0.161 0.0000000000
46825  28.317  -53.189  9.329 0.0000000000
46826  27.600  -53.399  9.479 0.0000000000
46827  26.762  -53.224  9.574 0.0000000000
46828  25.942  -53.288  9.363 0.0000000000
46842  29.277  -53.824  8.387 0.0000000000
46843  28.611  -53.647  8.966 0.0000000000
46844  28.062  -53.663  9.287 0.0000000000
46845  25.197  -53.475  8.887 0.0000000000
46846  24.705  -53.556  8.552 0.0000000000
46863  30.303  -53.662  7.068 0.0000000000
46864  29.902  -53.484  7.714 0.0000000000
46865  24.308  -53.515  8.062 0.0000000000
46866  23.829  -53.926  7.596 0.0000000000
46881  30.573  -53.454  6.266 0.0000000000
46882  24.023  -53.454  6.950 0.0000000000
46898  30.892  -53.214  5.097 0.0000000000
46899  24.238  -53.201  5.825 0.0000000000
46913  31.013  -53.378  3.970 0.0000000000
46914  24.417  -53.202  4.832 0.0000000000
46922  30.808  -53.481  2.985 0.0000000000
46923  24.459  -53.189  3.819 0.0000000000
46927  30.495  -53.489  2.046 0.0000000000
46928  24.360  -53.097  2.866 0.0000000000
46937  30.154  -53.380  1.314 0.0000000000
46938  29.835  -53.406  0.806 0.0000000000
46939  24.153  -53.065  2.141 0.0000000000
46940  23.811  -53.169  1.760 0.0000000000
46948  29.537  -53.517  0.253 0.0000000000
46949  29.375  -53.532  -0.380 0.0000000000
47920  29.492  -52.420  8.870 0.0000000000
47921  29.081  -52.682  9.158 0.0000000000
47922  28.229  -52.501  9.626 0.0000000000
47923  27.338  -52.448  9.824 0.0000000000
47924  26.450  -52.396  9.635 0.0000000000
47940  30.203  -52.296  7.822 0.0000000000
47941  29.788  -52.585  8.306 0.0000000000
47942  29.194  -53.199  8.726 0.0000000000
47943  25.615  -52.444  9.140 0.0000000000
47944  24.914  -52.916  8.551 0.0000000000
47963  30.362  -52.513  7.233 0.0000000000
47964  30.022  -52.865  7.758 0.0000000000
47965  25.242  -52.125  8.531 0.0000000000
47966  24.727  -52.449  7.757 0.0000000000
47978  30.627  -52.366  5.866 0.0000000000
47979  24.541  -52.371  6.613 0.0000000000
47992  30.730  -52.165  5.000 0.0000000000
47993  24.472  -52.302  5.567 0.0000000000
48006  30.787  -52.372  4.237 0.0000000000
48007  24.413  -52.271  4.529 0.0000000000
48015  30.743  -52.475  3.292 0.0000000000
48016  24.332  -52.223  3.473 0.0000000000
48019  30.470  -52.580  2.408 0.0000000000
48020  24.266  -52.128  2.500 0.0000000000
48028  30.134  -52.616  1.647 0.0000000000
48029  29.774  -52.665  1.077 0.0000000000
48030  24.094  -52.180  1.860 0.0000000000
48039  29.561  -52.676  0.562 0.0000000000
48040  29.399  -52.680  -0.017 0.0000000000
48049  29.393  -52.816  -0.602 0.0000000000
49022  29.583  -51.952  9.064 0.0000000000
49023  28.955  -51.663  9.624 0.0000000000
49024  28.041  -51.535  10.034 0.0000000000
49025  27.037  -51.501  10.054 0.0000000000
49026  26.186  -51.435  9.616 0.0000000000
49043  30.302  -51.737  7.845 0.0000000000
49044  29.994  -51.309  8.517 0.0000000000
49045  25.533  -51.383  9.053 0.0000000000
49061  30.479  -51.125  7.095 0.0000000000
49062  25.239  -51.390  8.189 0.0000000000
49063  24.921  -51.433  7.284 0.0000000000
49075  30.592  -51.398  6.245 0.0000000000
49076  24.669  -51.390  6.315 0.0000000000
49088  30.633  -51.420  5.316 0.0000000000
49089  24.339  -51.356  5.320 0.0000000000
49102  30.686  -51.444  4.458 0.0000000000
49103  24.003  -51.288  4.191 0.0000000000
49104  23.810  -50.692  3.563 0.0000000000
49116  30.660  -51.541  3.592 0.0000000000
49117  24.076  -51.291  3.048 0.0000000000
49118  24.046  -50.397  2.812 0.0000000000
49123  30.419  -51.553  2.647 0.0000000000
49124  29.927  -51.139  1.900 0.0000000000
49125  29.545  -50.898  1.407 0.0000000000
49126  24.263  -50.886  2.025 0.0000000000
49127  24.238  -50.126  2.266 0.0000000000
49136  30.187  -51.904  1.917 0.0000000000
49137  29.678  -51.757  1.270 0.0000000000
49138  29.302  -51.024  0.990 0.0000000000
49139  23.948  -51.491  1.570 0.0000000000
49147  29.566  -52.184  0.835 0.0000000000
49148  29.386  -51.673  0.448 0.0000000000
49156  29.426  -51.930  -0.344 0.0000000000
50066  28.143  -49.820  10.359 0.0000000000
50067  27.415  -49.805  10.362 0.0000000000
50068  26.905  -49.697  10.249 0.0000000000
50083  29.563  -50.825  9.190 0.0000000000
50084  28.824  -50.294  9.905 0.0000000000
50085  27.707  -50.592  10.266 0.0000000000
50086  26.746  -50.425  10.097 0.0000000000
50087  25.916  -50.426  9.554 0.0000000000
50104  30.372  -50.485  7.825 0.0000000000
50105  29.988  -50.186  8.587 0.0000000000
50106  25.411  -50.421  8.791 0.0000000000
50119  30.602  -50.192  7.014 0.0000000000
50120  25.154  -50.472  7.875 0.0000000000
50121  24.773  -50.469  7.048 0.0000000000
50133  30.609  -50.408  6.348 0.0000000000
50134  24.368  -50.397  6.146 0.0000000000
50145  30.585  -50.539  5.557 0.0000000000
50146  23.802  -50.399  5.139 0.0000000000
50147  23.496  -49.905  4.569 0.0000000000
50158  30.551  -50.611  4.742 0.0000000000
50159  23.671  -50.468  4.227 0.0000000000
50160  23.604  -49.855  3.644 0.0000000000
50173  30.566  -50.591  3.848 0.0000000000
50174  30.311  -50.249  3.188 0.0000000000
50175  23.901  -49.631  2.629 0.0000000000
50185  30.460  -50.867  3.138 0.0000000000
50186  30.124  -50.477  2.516 0.0000000000
50187  29.679  -50.309  1.796 0.0000000000
50188  24.033  -50.224  1.690 0.0000000000
50200  29.358  -50.282  1.190 0.0000000000
50201  24.042  -50.825  1.606 0.0000000000
50208  29.219  -50.470  0.574 0.0000000000
51226  28.665  -49.185  10.212 0.0000000000
51227  27.918  -49.104  10.426 0.0000000000
51228  27.169  -49.120  10.327 0.0000000000
51246  30.266  -48.849  8.680 0.0000000000
51247  29.858  -49.448  9.121 0.0000000000
51248  29.309  -49.135  9.843 0.0000000000
51249  26.456  -49.412  9.945 0.0000000000
51250  25.661  -49.414  9.353 0.0000000000
51265  30.309  -49.360  8.262 0.0000000000
51266  30.052  -49.675  8.667 0.0000000000
51267  25.131  -49.378  8.481 0.0000000000
51281  30.532  -49.421  7.270 0.0000000000
51283  24.366  -49.357  7.040 0.0000000000
51295  30.577  -49.506  6.433 0.0000000000
51296  23.703  -49.404  6.038 0.0000000000
51297  23.350  -48.957  5.473 0.0000000000
51310  30.548  -49.692  5.712 0.0000000000
51311  23.476  -49.577  5.192 0.0000000000
51312  23.347  -49.036  4.570 0.0000000000
51323  30.438  -49.718  4.957 0.0000000000
51324  30.305  -49.328  4.294 0.0000000000
51325  23.566  -48.684  3.337 0.0000000000
51339  30.419  -49.969  4.293 0.0000000000
51340  30.206  -49.636  3.617 0.0000000000
51354  30.039  -49.762  2.901 0.0000000000
51355  29.729  -49.613  2.316 0.0000000000
51371  29.465  -49.490  1.599 0.0000000000
51382  29.241  -49.492  0.890 0.0000000000
51393  29.173  -49.612  0.200 0.0000000000
52401  28.440  -48.331  10.401 0.0000000000
52402  27.629  -48.302  10.506 0.0000000000
52403  26.821  -48.365  10.286 0.0000000000
52425  30.294  -48.257  8.960 0.0000000000
52426  29.734  -48.298  9.530 0.0000000000
52427  29.137  -48.343  10.072 0.0000000000
52428  26.115  -48.404  9.761 0.0000000000
52429  25.432  -48.364  9.154 0.0000000000
52443  30.539  -48.294  8.289 0.0000000000
52445  24.352  -48.033  7.620 0.0000000000
52459  30.629  -48.438  7.473 0.0000000000
52460  23.757  -48.397  6.764 0.0000000000
52473  23.295  -48.395  6.072 0.0000000000
52474  23.137  -48.226  5.315 0.0000000000
52489  23.259  -47.858  4.397 0.0000000000
52500  30.461  -49.215  5.284 0.0000000000
52501  30.290  -48.684  4.793 0.0000000000
52502  23.613  -47.538  3.427 0.0000000000
52503  23.469  -47.238  4.011 0.0000000000
52504  20.609  -48.280  4.887 0.0000000000
52514  30.012  -48.698  3.849 0.0000000000
52516  22.348  -48.120  3.112 0.0000000000
52517  21.682  -48.429  4.089 0.0000000000
52529  29.722  -48.928  2.979 0.0000000000
52530  29.472  -48.735  2.176 0.0000000000
52545  29.242  -48.566  1.405 0.0000000000
53594  28.218  -47.358  10.515 0.0000000000
53595  27.274  -47.441  10.559 0.0000000000
53596  26.499  -47.443  10.217 0.0000000000
53602  15.146  -46.929  10.620 0.0000000000
53613  30.282  -47.181  9.327 0.0000000000
53614  29.525  -47.411  9.927 0.0000000000
53615  28.906  -47.612  10.301 0.0000000000
53616  25.846  -47.407  9.629 0.0000000000
53617  25.304  -47.314  8.943 0.0000000000
53632  30.714  -47.356  8.522 0.0000000000
53633  24.727  -47.168  8.338 0.0000000000
53634  24.190  -46.936  7.864 0.0000000000
53642  30.881  -47.447  7.692 0.0000000000
53643  23.580  -47.208  7.090 0.0000000000
53644  23.124  -46.765  6.732 0.0000000000
53655  30.781  -47.503  6.750 0.0000000000
53656  23.353  -47.847  6.519 0.0000000000
53657  22.850  -47.309  6.026 0.0000000000
53658  22.687  -46.733  5.472 0.0000000000
53671  22.949  -47.645  5.171 0.0000000000
53672  22.848  -47.053  4.872 0.0000000000
53685  23.609  -46.737  3.555 0.0000000000
53686  23.315  -46.766  4.195 0.0000000000
53687  21.208  -47.263  4.486 0.0000000000
53698  29.499  -47.758  3.280 0.0000000000
53699  29.137  -47.132  2.856 0.0000000000
53702  21.897  -47.205  3.372 0.0000000000
53716  29.447  -48.257  2.657 0.0000000000
53718  23.536  -47.055  2.373 0.0000000000
54675  14.240  -46.813  11.176 0.0000000000
54676  13.324  -46.883  11.543 0.0000000000
54686  28.361  -46.612  10.554 0.0000000000
54687  27.763  -46.589  10.626 0.0000000000
54688  26.929  -46.531  10.569 0.0000000000
54700  30.468  -46.169  9.436 0.0000000000
54701  29.975  -46.448  9.945 0.0000000000
54702  29.072  -46.560  10.433 0.0000000000
54703  26.248  -46.479  10.044 0.0000000000
54704  25.635  -46.414  9.426 0.0000000000
54717  31.209  -45.662  8.419 0.0000000000
54718  30.903  -46.208  8.715 0.0000000000
54720  24.555  -46.182  8.255 0.0000000000
54729  31.308  -45.840  7.939 0.0000000000
54730  31.141  -46.669  8.010 0.0000000000
54731  23.892  -46.036  7.731 0.0000000000
54732  23.254  -46.200  7.147 0.0000000000
54746  31.327  -45.625  7.406 0.0000000000
54747  31.185  -46.307  7.106 0.0000000000
54748  22.830  -46.280  6.550 0.0000000000
54749  22.604  -46.264  5.849 0.0000000000
54751  18.119  -47.011  6.527 0.0000000000
54761  30.716  -46.516  6.042 0.0000000000
54763  22.697  -46.196  5.040 0.0000000000
54776  29.728  -46.859  4.135 0.0000000000
54778  23.044  -46.274  4.434 0.0000000000
54791  29.206  -46.603  3.296 0.0000000000
54792  28.861  -46.526  2.598 0.0000000000
54793  23.576  -46.022  3.056 0.0000000000
54809  23.157  -46.153  2.360 0.0000000000
55748  28.348  -45.925  10.670 0.0000000000
55749  27.513  -45.656  10.656 0.0000000000
55750  26.695  -45.561  10.332 0.0000000000
55760  30.313  -45.646  9.828 0.0000000000
55761  29.784  -45.579  10.287 0.0000000000
55762  29.027  -45.370  10.564 0.0000000000
55763  26.059  -45.509  9.722 0.0000000000
55764  25.410  -45.458  9.209 0.0000000000
55775  31.122  -45.384  8.732 0.0000000000
55776  30.772  -45.325  9.303 0.0000000000
55777  24.879  -45.384  8.664 0.0000000000
55778  24.311  -45.287  8.240 0.0000000000
55791  31.318  -45.157  8.284 0.0000000000
55792  23.839  -45.123  7.912 0.0000000000
55793  23.406  -45.313  7.455 0.0000000000
55807  31.370  -45.101  7.647 0.0000000000
55808  31.263  -45.211  7.014 0.0000000000
55809  22.919  -45.487  6.921 0.0000000000
55810  22.607  -45.506  6.311 0.0000000000
55812  18.567  -46.384  6.357 0.0000000000
55820  30.910  -45.407  6.302 0.0000000000
55821  30.409  -45.499  5.439 0.0000000000
55822  22.518  -45.386  5.434 0.0000000000
55825  18.459  -46.751  6.028 0.0000000000
55835  29.148  -45.137  3.910 0.0000000000
55839  20.755  -45.256  4.679 0.0000000000
55847  29.330  -45.912  3.784 0.0000000000
55848  28.772  -45.443  3.152 0.0000000000
55849  28.387  -44.923  2.570 0.0000000000
55866  23.522  -45.254  2.120 0.0000000000
56771  29.055  -44.144  10.750 0.0000000000
56772  28.287  -44.716  10.791 0.0000000000
56773  27.204  -44.627  10.520 0.0000000000
56774  26.433  -44.581  10.004 0.0000000000
56785  30.878  -44.056  9.550 0.0000000000
56786  30.372  -44.649  9.998 0.0000000000
56787  29.523  -44.682  10.465 0.0000000000
56788  28.986  -44.728  10.622 0.0000000000
56789  25.713  -44.560  9.524 0.0000000000
56799  31.226  -44.515  8.925 0.0000000000
56800  30.853  -44.648  9.458 0.0000000000
56801  24.579  -44.526  8.576 0.0000000000
56802  24.038  -44.485  8.192 0.0000000000
56813  31.412  -44.368  8.051 0.0000000000
56814  23.557  -44.499  7.721 0.0000000000
56815  22.920  -44.531  7.097 0.0000000000
56816  22.593  -44.050  6.736 0.0000000000
56828  31.333  -44.358  7.280 0.0000000000
56829  31.075  -44.417  6.557 0.0000000000
56830  22.722  -45.012  6.650 0.0000000000
56831  22.405  -44.512  6.199 0.0000000000
56833  17.523  -43.678  6.837 0.0000000000
56834  17.021  -43.451  6.662 0.0000000000
56842  30.640  -44.456  5.814 0.0000000000
56843  30.110  -44.424  5.000 0.0000000000
56844  22.290  -44.467  4.937 0.0000000000
56848  17.283  -43.477  6.598 0.0000000000
56859  28.752  -44.389  3.676 0.0000000000
56862  20.747  -44.248  4.753 0.0000000000
56873  28.380  -44.320  3.048 0.0000000000
56874  28.328  -44.156  2.427 0.0000000000
56875  23.530  -44.682  2.608 0.0000000000
56876  22.838  -44.208  2.929 0.0000000000
56890  23.785  -44.815  2.139 0.0000000000
56891  23.322  -44.593  2.188 0.0000000000
57759  12.951  -43.393  14.744 0.0000000000
57760  12.231  -43.179  14.741 0.0000000000
57775  15.206  -42.923  14.282 0.0000000000
57776  12.070  -42.833  14.477 0.0000000000
57793  29.117  -43.519  10.889 0.0000000000
57794  28.518  -43.569  10.889 0.0000000000
57795  27.617  -43.641  10.714 0.0000000000
57796  26.786  -43.629  10.255 0.0000000000
57807  30.890  -43.457  9.624 0.0000000000
57808  30.552  -43.524  10.017 0.0000000000
57809  29.760  -43.595  10.614 0.0000000000
57810  26.035  -43.619  9.769 0.0000000000
57811  25.211  -43.616  9.391 0.0000000000
57822  31.172  -43.497  9.243 0.0000000000
57823  24.776  -43.904  8.891 0.0000000000
57837  31.399  -43.522  8.518 0.0000000000
57838  23.726  -43.909  8.033 0.0000000000
57844  17.057  -42.940  7.429 0.0000000000
57845  16.802  -42.629  7.183 0.0000000000
57854  31.459  -43.495  7.676 0.0000000000
57855  31.333  -43.517  6.867 0.0000000000
57856  22.325  -43.507  6.467 0.0000000000
57857  17.208  -43.472  7.243 0.0000000000
57858  16.835  -43.102  6.939 0.0000000000
57869  30.929  -43.522  6.175 0.0000000000
57870  30.462  -43.454  5.460 0.0000000000
57873  19.891  -43.325  5.521 0.0000000000
57876  17.211  -42.948  6.470 0.0000000000
57885  29.800  -43.223  4.708 0.0000000000
57886  28.886  -43.317  3.978 0.0000000000
57887  28.346  -42.952  3.460 0.0000000000
57889  21.486  -43.606  4.658 0.0000000000
57890  20.651  -43.270  5.018 0.0000000000
57902  28.446  -43.661  3.417 0.0000000000
57905  22.146  -44.038  3.552 0.0000000000
57919  28.202  -43.242  2.229 0.0000000000
58876  14.622  -42.667  14.246 0.0000000000
58877  13.924  -42.789  14.331 0.0000000000
58878  13.140  -42.921  14.398 0.0000000000
58879  12.665  -43.024  14.486 0.0000000000
58893  16.184  -42.277  13.524 0.0000000000
58894  15.129  -42.280  13.877 0.0000000000
58895  14.141  -42.143  14.025 0.0000000000
58896  13.259  -42.250  14.135 0.0000000000
58897  12.411  -42.583  14.256 0.0000000000
58905  18.208  -42.029  13.285 0.0000000000
58906  17.410  -42.019  13.239 0.0000000000
58907  16.763  -41.958  13.243 0.0000000000
58919  29.632  -42.250  10.882 0.0000000000
58920  29.026  -42.720  11.056 0.0000000000
58921  27.955  -42.647  10.791 0.0000000000
58922  27.052  -42.659  10.523 0.0000000000
58923  26.319  -42.667  10.015 0.0000000000
58933  30.949  -42.738  9.775 0.0000000000
58934  30.247  -42.604  10.497 0.0000000000
58935  29.725  -42.800  10.820 0.0000000000
58939  22.448  -42.740  9.860 0.0000000000
58940  22.162  -42.667  9.350 0.0000000000
58948  31.425  -42.631  9.046 0.0000000000
58952  21.611  -42.570  8.719 0.0000000000
58953  20.764  -42.534  8.006 0.0000000000
58962  31.607  -42.586  8.181 0.0000000000
58965  19.669  -42.464  7.587 0.0000000000
58966  18.427  -42.266  7.420 0.0000000000
58967  17.345  -42.152  7.528 0.0000000000
58968  16.861  -42.241  7.381 0.0000000000
58969  16.740  -42.247  7.106 0.0000000000
58978  31.567  -42.576  7.258 0.0000000000
58979  31.282  -42.654  6.480 0.0000000000
58993  30.874  -42.614  5.874 0.0000000000
58994  30.416  -42.460  5.255 0.0000000000
58999  17.453  -41.976  6.443 0.0000000000
59008  29.970  -42.219  4.766 0.0000000000
59012  20.276  -41.925  5.138 0.0000000000
59025  27.936  -42.209  3.278 0.0000000000
59039  27.653  -42.101  2.659 0.0000000000
60077  16.209  -41.275  13.410 0.0000000000
60078  15.337  -41.496  13.521 0.0000000000
60079  14.415  -41.510  13.679 0.0000000000
60080  13.477  -41.494  13.795 0.0000000000
60089  21.386  -41.665  11.995 0.0000000000
60090  20.578  -41.241  12.194 0.0000000000
60091  19.498  -41.299  12.626 0.0000000000
60092  18.479  -41.244  12.905 0.0000000000
60093  17.573  -41.240  13.179 0.0000000000
60094  16.931  -41.404  13.287 0.0000000000
60098  21.755  -41.494  11.283 0.0000000000
60099  21.166  -41.167  11.751 0.0000000000
60107  29.928  -41.560  10.848 0.0000000000
60108  29.074  -41.576  11.176 0.0000000000
60109  28.175  -41.653  10.936 0.0000000000
60110  27.294  -41.678  10.651 0.0000000000
60111  26.562  -41.702  10.192 0.0000000000
60112  22.451  -42.086  10.047 0.0000000000
60113  22.111  -41.377  10.356 0.0000000000
60121  31.410  -41.720  9.679 0.0000000000
60122  30.739  -41.679  10.333 0.0000000000
60123  25.900  -41.730  9.666 0.0000000000
60126  22.343  -42.277  9.648 0.0000000000
60127  22.094  -41.652  9.373 0.0000000000
60134  31.742  -41.641  8.799 0.0000000000
60138  21.247  -41.562  8.395 0.0000000000
60139  20.350  -41.599  7.664 0.0000000000
60148  31.884  -41.578  7.806 0.0000000000
60149  22.116  -41.646  6.724 0.0000000000
60151  17.933  -41.035  7.280 0.0000000000
60152  16.945  -41.627  7.296 0.0000000000
60153  16.770  -41.940  7.219 0.0000000000
60154  16.698  -42.044  7.008 0.0000000000
60163  31.578  -41.549  6.686 0.0000000000
60164  31.193  -42.083  6.174 0.0000000000
60170  16.707  -41.863  7.010 0.0000000000
60179  31.466  -40.993  6.221 0.0000000000
60180  31.040  -41.500  5.677 0.0000000000
60182  21.025  -41.326  4.877 0.0000000000
60200  20.571  -41.263  4.984 0.0000000000
60201  20.099  -41.052  5.276 0.0000000000
60228  27.039  -41.191  2.815 0.0000000000
60229  26.676  -40.494  2.689 0.0000000000
61255  16.005  -40.614  13.339 0.0000000000
61256  15.438  -40.725  13.380 0.0000000000
61257  14.620  -40.803  13.453 0.0000000000
61258  13.771  -40.818  13.521 0.0000000000
61276  20.249  -40.543  11.879 0.0000000000
61277  19.704  -40.546  12.164 0.0000000000
61278  18.739  -40.216  12.328 0.0000000000
61279  17.720  -40.311  12.781 0.0000000000
61280  16.661  -40.402  13.187 0.0000000000
61281  15.655  -40.048  13.198 0.0000000000
61282  14.793  -40.055  13.271 0.0000000000
61283  13.973  -40.192  13.310 0.0000000000
61284  13.425  -40.340  13.354 0.0000000000
61286  21.623  -40.767  10.740 0.0000000000
61287  20.889  -40.347  11.341 0.0000000000
61288  19.829  -40.075  11.684 0.0000000000
61289  19.282  -40.063  11.911 0.0000000000
61296  30.319  -40.616  10.830 0.0000000000
61298  28.255  -40.592  11.146 0.0000000000
61300  26.828  -40.755  10.219 0.0000000000
61301  21.842  -40.446  9.994 0.0000000000
61302  21.420  -40.203  10.624 0.0000000000
61309  31.687  -40.696  9.465 0.0000000000
61310  31.196  -40.726  10.261 0.0000000000
61311  26.205  -40.786  9.706 0.0000000000
61320  32.317  -39.908  8.086 0.0000000000
61321  32.109  -40.523  8.537 0.0000000000
61322  24.900  -40.119  9.090 0.0000000000
61324  23.370  -40.725  8.457 0.0000000000
61325  22.650  -40.688  7.979 0.0000000000
61335  32.287  -39.722  7.705 0.0000000000
61336  32.095  -40.412  7.432 0.0000000000
61337  22.239  -40.544  7.094 0.0000000000
61339  19.583  -40.383  7.151 0.0000000000
61340  18.921  -40.241  6.430 0.0000000000
61348  31.730  -40.479  6.622 0.0000000000
61349  21.692  -40.482  6.209 0.0000000000
61350  21.212  -40.524  5.354 0.0000000000
61359  31.425  -40.412  5.968 0.0000000000
61361  20.450  -40.444  5.222 0.0000000000
61376  27.677  -40.216  3.593 0.0000000000
61377  26.904  -40.062  3.392 0.0000000000
61378  20.373  -40.843  5.140 0.0000000000
61379  20.151  -40.659  5.286 0.0000000000
61391  26.446  -39.913  3.051 0.0000000000
61404  26.541  -39.633  2.555 0.0000000000
62498  18.353  -39.561  11.968 0.0000000000
62499  17.855  -39.576  12.257 0.0000000000
62500  16.948  -39.288  12.410 0.0000000000
62501  15.972  -39.301  12.779 0.0000000000
62502  15.001  -39.283  12.876 0.0000000000
62503  14.083  -39.374  13.117 0.0000000000
62512  20.549  -39.595  10.917 0.0000000000
62513  19.986  -39.587  11.243 0.0000000000
62514  18.924  -39.395  11.460 0.0000000000
62515  17.899  -39.135  11.741 0.0000000000
62516  17.419  -39.105  12.026 0.0000000000
62523  31.536  -38.993  10.208 0.0000000000
62524  30.799  -39.517  10.714 0.0000000000
62525  29.638  -39.524  11.320 0.0000000000
62526  28.455  -39.503  11.244 0.0000000000
62527  27.440  -39.536  10.523 0.0000000000
62531  20.116  -39.141  10.748 0.0000000000
62532  19.561  -39.182  11.050 0.0000000000
62539  32.345  -38.825  8.971 0.0000000000
62540  31.950  -39.562  9.386 0.0000000000
62541  31.538  -39.927  10.075 0.0000000000
62542  27.129  -39.032  9.811 0.0000000000
62544  25.918  -40.179  9.392 0.0000000000
62545  21.225  -39.464  8.692 0.0000000000
62546  21.284  -39.292  9.436 0.0000000000
62553  32.392  -39.139  8.108 0.0000000000
62554  32.264  -39.608  8.632 0.0000000000
62556  25.454  -39.565  9.085 0.0000000000
62557  24.492  -39.540  8.832 0.0000000000
62558  23.428  -39.540  8.441 0.0000000000
62559  22.918  -40.099  8.220 0.0000000000
62560  20.497  -39.313  7.702 0.0000000000
62561  20.027  -38.734  7.370 0.0000000000
62568  32.188  -39.378  7.224 0.0000000000
62569  31.937  -39.949  6.957 0.0000000000
62570  22.887  -38.913  7.993 0.0000000000
62571  22.508  -39.481  7.623 0.0000000000
62572  19.939  -39.693  7.351 0.0000000000
62573  19.447  -39.318  7.114 0.0000000000
62574  18.645  -39.136  6.326 0.0000000000
62575  18.136  -38.857  6.174 0.0000000000
62583  32.077  -39.186  6.828 0.0000000000
62584  31.808  -39.517  6.512 0.0000000000
62585  21.799  -39.427  6.629 0.0000000000
62586  21.268  -39.366  5.827 0.0000000000
62598  20.668  -39.347  5.431 0.0000000000
62599  19.830  -39.340  5.492 0.0000000000
62615  27.397  -39.296  3.502 0.0000000000
62616  26.744  -39.183  3.235 0.0000000000
62628  26.541  -38.991  2.806 0.0000000000
62640  26.481  -38.758  2.289 0.0000000000
63642  16.713  -38.753  12.090 0.0000000000
63643  16.210  -38.521  12.169 0.0000000000
63655  18.709  -38.530  11.239 0.0000000000
63656  18.067  -38.477  11.426 0.0000000000
63657  16.967  -38.485  11.657 0.0000000000
63658  16.072  -37.839  11.551 0.0000000000
63665  31.523  -38.246  10.303 0.0000000000
63666  31.002  -38.322  10.747 0.0000000000
63667  30.025  -38.409  11.326 0.0000000000
63668  28.769  -38.390  11.357 0.0000000000
63669  27.887  -38.497  10.687 0.0000000000
63670  20.791  -38.507  9.919 0.0000000000
63671  20.275  -38.478  10.350 0.0000000000
63672  19.356  -38.506  10.905 0.0000000000
63679  32.344  -38.161  9.165 0.0000000000
63680  31.988  -38.268  9.742 0.0000000000
63681  27.428  -38.487  9.925 0.0000000000
63683  21.143  -38.990  8.779 0.0000000000
63684  21.079  -38.623  9.158 0.0000000000
63691  32.507  -38.064  8.533 0.0000000000
63693  25.520  -38.563  8.795 0.0000000000
63694  24.834  -38.769  8.650 0.0000000000
63695  24.060  -38.660  8.524 0.0000000000
63696  20.993  -38.900  8.439 0.0000000000
63697  20.668  -38.208  7.908 0.0000000000
63704  32.496  -38.374  7.580 0.0000000000
63705  23.226  -38.375  8.176 0.0000000000
63706  22.533  -38.308  7.549 0.0000000000
63707  19.665  -38.343  6.679 0.0000000000
63708  18.613  -38.820  5.977 0.0000000000
63709  18.195  -38.605  5.981 0.0000000000
63717  32.215  -38.630  6.758 0.0000000000
63718  31.767  -38.604  5.995 0.0000000000
63719  22.020  -38.419  6.793 0.0000000000
63720  21.425  -38.376  6.172 0.0000000000
63722  19.083  -38.576  5.971 0.0000000000
63733  20.910  -38.280  5.688 0.0000000000
63734  20.227  -38.449  5.693 0.0000000000
63752  27.076  -38.364  3.438 0.0000000000
63753  26.492  -38.265  3.100 0.0000000000
63769  26.264  -38.105  2.529 0.0000000000
64723  18.590  -37.651  11.267 0.0000000000
64724  17.440  -37.503  11.375 0.0000000000
64725  16.355  -37.196  11.173 0.0000000000
64733  31.466  -37.347  10.468 0.0000000000
64734  30.409  -37.336  11.197 0.0000000000
64735  29.207  -37.307  11.300 0.0000000000
64736  28.174  -37.377  10.353 0.0000000000
64737  27.720  -37.948  10.029 0.0000000000
64738  20.517  -37.609  9.823 0.0000000000
64739  19.724  -37.702  10.566 0.0000000000
64740  19.218  -37.757  10.923 0.0000000000
64741  16.059  -36.742  10.947 0.0000000000
64750  32.298  -37.425  9.296 0.0000000000
64751  31.991  -37.443  9.880 0.0000000000
64752  27.810  -36.865  9.647 0.0000000000
64753  27.330  -37.419  9.291 0.0000000000
64755  20.865  -37.658  8.860 0.0000000000
64761  32.578  -37.091  8.621 0.0000000000
64764  25.628  -37.646  8.592 0.0000000000
64765  24.895  -37.982  8.574 0.0000000000
64766  24.448  -38.236  8.533 0.0000000000
64767  20.774  -37.271  8.226 0.0000000000
64773  32.734  -37.359  7.888 0.0000000000
64774  25.441  -37.066  8.386 0.0000000000
64775  24.960  -37.216  8.324 0.0000000000
64776  24.027  -37.617  8.229 0.0000000000
64777  22.858  -37.452  7.681 0.0000000000
64778  20.496  -37.301  7.337 0.0000000000
64784  32.628  -37.576  7.031 0.0000000000
64785  32.230  -37.674  6.263 0.0000000000
64786  22.134  -37.448  6.717 0.0000000000
64787  21.686  -37.703  6.279 0.0000000000
64788  20.386  -37.208  6.404 0.0000000000
64797  21.658  -37.211  6.090 0.0000000000
64798  21.316  -37.410  5.815 0.0000000000
65853  19.285  -36.553  11.077 0.0000000000
65854  18.752  -36.586  11.285 0.0000000000
65855  17.892  -36.626  11.471 0.0000000000
65856  16.910  -36.428  11.296 0.0000000000
65864  31.597  -36.059  10.540 0.0000000000
65865  30.767  -36.289  11.074 0.0000000000
65866  29.681  -36.295  11.223 0.0000000000
65867  28.764  -36.333  10.572 0.0000000000
65868  20.707  -36.383  10.082 0.0000000000
65869  19.865  -36.683  10.657 0.0000000000
65870  19.211  -37.152  10.921 0.0000000000
65871  16.194  -36.380  11.017 0.0000000000
65882  32.616  -36.230  9.183 0.0000000000
65883  32.077  -36.675  9.928 0.0000000000
65884  28.141  -36.339  9.801 0.0000000000
65885  27.656  -36.339  9.207 0.0000000000
65887  20.856  -36.803  9.068 0.0000000000
65896  32.876  -36.381  8.247 0.0000000000
65899  25.825  -36.985  8.442 0.0000000000
65902  21.502  -36.466  7.806 0.0000000000
65903  20.976  -36.768  8.014 0.0000000000
65911  32.841  -36.550  7.360 0.0000000000
65918  20.859  -36.622  7.030 0.0000000000
65926  32.511  -36.701  6.581 0.0000000000
65927  32.077  -36.748  5.877 0.0000000000
66954  19.268  -35.750  11.342 0.0000000000
66955  18.257  -35.773  11.441 0.0000000000
66956  17.398  -35.779  11.382 0.0000000000
66957  16.879  -35.774  11.289 0.0000000000
66966  31.029  -35.315  10.925 0.0000000000
66967  30.085  -35.315  11.163 0.0000000000
66968  29.186  -35.357  10.625 0.0000000000
66970  21.162  -35.414  10.264 0.0000000000
66971  20.296  -35.614  10.864 0.0000000000
66972  16.440  -35.697  11.079 0.0000000000
66982  33.133  -34.737  9.180 0.0000000000
66983  32.896  -35.112  9.354 0.0000000000
66985  28.414  -35.373  9.886 0.0000000000
66986  27.964  -35.699  9.337 0.0000000000
66991  21.324  -36.137  9.631 0.0000000000
66999  33.190  -34.944  9.045 0.0000000000
67001  28.038  -35.046  9.211 0.0000000000
67008  22.042  -36.203  8.556 0.0000000000
67014  33.065  -35.569  7.728 0.0000000000
67025  32.817  -35.620  6.788 0.0000000000
67026  32.380  -36.010  6.177 0.0000000000
68007  19.099  -34.956  11.481 0.0000000000
68008  18.548  -34.994  11.463 0.0000000000
68009  17.640  -34.900  11.374 0.0000000000
68010  16.871  -35.205  11.268 0.0000000000
68019  29.545  -34.372  10.709 0.0000000000
68022  20.634  -34.593  10.874 0.0000000000
68023  19.653  -34.628  11.379 0.0000000000
68024  16.923  -34.448  11.215 0.0000000000
68025  16.261  -34.725  10.757 0.0000000000
68038  33.013  -34.475  9.335 0.0000000000
68056  33.250  -34.436  8.809 0.0000000000
68057  33.203  -34.816  8.094 0.0000000000
68070  33.296  -34.076  7.992 0.0000000000
68071  33.169  -34.559  7.277 0.0000000000
69017  18.872  -34.427  11.493 0.0000000000
69018  18.165  -34.159  11.378 0.0000000000
69019  17.414  -34.032  11.260 0.0000000000
69028  29.984  -33.385  10.938 0.0000000000
69029  29.048  -33.349  10.066 0.0000000000
69034  17.747  -33.286  11.030 0.0000000000
69035  16.816  -33.599  10.761 0.0000000000
69068  33.328  -33.331  8.504 0.0000000000
69080  33.342  -33.190  7.276 0.0000000000
69081  33.090  -33.951  6.771 0.0000000000
69088  33.159  -32.780  6.549 0.0000000000
70063  30.647  -32.405  10.978 0.0000000000
70064  29.678  -32.325  10.459 0.0000000000
70069  17.271  -32.645  10.318 0.0000000000
70081  33.311  -32.335  9.244 0.0000000000
70091  17.971  -31.700  9.814 0.0000000000
70092  17.471  -31.936  9.882 0.0000000000
70102  33.523  -32.258  8.208 0.0000000000
70106  25.849  -32.544  9.267 0.0000000000
70115  33.447  -32.005  7.429 0.0000000000
70125  33.236  -32.147  6.769 0.0000000000
70126  32.899  -32.300  6.124 0.0000000000
71169  31.289  -31.441  10.863 0.0000000000
71170  30.297  -31.356  10.557 0.0000000000
71189  33.279  -31.452  9.399 0.0000000000
71192  29.513  -31.328  9.938 0.0000000000
71219  33.496  -31.366  8.800 0.0000000000
71238  33.612  -31.206  7.884 0.0000000000
71249  33.415  -31.185  6.982 0.0000000000
71250  33.065  -31.382  6.247 0.0000000000
72296  31.829  -30.533  10.764 0.0000000000
72297  30.877  -30.436  10.652 0.0000000000
72298  29.988  -30.263  10.165 0.0000000000
72323  18.567  -30.873  9.171 0.0000000000
72345  33.570  -30.280  8.479 0.0000000000
72369  33.547  -30.050  7.381 0.0000000000
73368  32.463  -29.565  10.479 0.0000000000
73369  31.384  -29.527  10.714 0.0000000000
73370  30.542  -29.522  10.463 0.0000000000
73371  30.068  -29.355  10.169 0.0000000000
73392  33.551  -29.247  9.170 0.0000000000
73417  33.735  -29.177  8.102 0.0000000000
73440  33.603  -28.987  7.338 0.0000000000
73457  33.413  -29.196  6.633 0.0000000000
74449  32.647  -28.285  10.494 0.0000000000
74450  31.811  -28.562  10.834 0.0000000000
74451  30.767  -28.605  10.513 0.0000000000
74452  30.336  -29.002  10.317 0.0000000000
74468  33.640  -28.023  9.412 0.0000000000
74469  33.251  -28.742  10.058 0.0000000000
74470  30.435  -28.296  10.256 0.0000000000
74471  30.051  -28.564  10.066 0.0000000000
74488  33.830  -28.193  8.527 0.0000000000
74502  33.834  -28.227  7.649 0.0000000000
74516  33.626  -28.277  6.851 0.0000000000
74529  33.314  -28.353  6.121 0.0000000000
75489  32.630  -27.533  10.395 0.0000000000
75490  32.130  -27.747  10.639 0.0000000000
75491  31.351  -27.798  10.590 0.0000000000
75506  33.542  -27.187  9.430 0.0000000000
75507  33.208  -27.604  10.060 0.0000000000
75508  30.557  -27.781  10.195 0.0000000000
76590  32.332  -27.293  10.441 0.0000000000
76591  31.871  -27.176  10.482 0.0000000000
76592  31.177  -27.157  10.312 0.0000000000
76608  32.666  -26.763  10.247 0.0000000000
