#!ascii label  , from subject sub-CSI1 vox2ras=TkReg
682
12943  16.485  -82.235  28.078 0.0000000000
14065  15.707  -80.993  29.416 0.0000000000
14081  15.395  -81.732  29.269 0.0000000000
14082  14.645  -81.601  29.553 0.0000000000
14123  16.849  -82.182  25.487 0.0000000000
15202  17.920  -80.118  28.365 0.0000000000
15213  18.321  -80.110  27.396 0.0000000000
15223  18.330  -80.146  26.635 0.0000000000
15235  18.370  -79.940  26.226 0.0000000000
15256  17.055  -81.359  24.380 0.0000000000
16347  17.636  -78.904  29.551 0.0000000000
16348  16.981  -79.219  29.719 0.0000000000
16349  16.091  -79.636  29.692 0.0000000000
16360  17.858  -79.458  29.021 0.0000000000
16361  17.144  -79.960  29.189 0.0000000000
16373  19.065  -79.044  27.745 0.0000000000
16374  18.711  -79.358  28.008 0.0000000000
16382  19.104  -79.085  27.401 0.0000000000
16383  18.749  -79.523  26.724 0.0000000000
16393  18.439  -79.626  25.615 0.0000000000
16394  17.871  -79.997  25.015 0.0000000000
16410  12.095  -79.709  24.340 0.0000000000
17447  18.622  -78.202  29.529 0.0000000000
17449  16.982  -78.454  29.941 0.0000000000
17450  16.232  -78.619  30.005 0.0000000000
17461  19.170  -78.337  28.869 0.0000000000
17483  19.025  -79.045  25.891 0.0000000000
17511  12.538  -78.539  24.304 0.0000000000
17528  13.434  -78.026  24.117 0.0000000000
18675  19.164  -76.808  30.158 0.0000000000
18676  18.534  -76.938  30.347 0.0000000000
18677  17.496  -76.973  30.436 0.0000000000
18678  16.484  -77.018  30.341 0.0000000000
18691  19.241  -77.445  29.648 0.0000000000
18692  18.165  -77.698  30.108 0.0000000000
18694  16.313  -77.859  30.159 0.0000000000
18695  15.844  -78.080  30.191 0.0000000000
18709  19.811  -77.537  28.415 0.0000000000
19959  19.031  -76.242  30.546 0.0000000000
19960  17.993  -76.162  30.762 0.0000000000
19961  16.878  -76.116  30.562 0.0000000000
19962  15.932  -76.168  30.491 0.0000000000
19977  20.171  -76.211  29.303 0.0000000000
19978  19.663  -76.442  29.880 0.0000000000
19993  20.423  -76.411  28.455 0.0000000000
19994  19.924  -76.846  29.160 0.0000000000
20054  14.093  -76.432  24.354 0.0000000000
21306  18.478  -74.783  31.088 0.0000000000
21307  18.111  -74.774  31.130 0.0000000000
21321  20.188  -75.387  29.855 0.0000000000
21322  19.705  -75.517  30.345 0.0000000000
21323  18.667  -75.180  30.948 0.0000000000
21324  17.379  -75.212  30.922 0.0000000000
21325  16.318  -75.322  30.681 0.0000000000
21336  20.427  -75.388  29.167 0.0000000000
21337  20.100  -75.821  29.746 0.0000000000
22565  19.223  -74.056  31.105 0.0000000000
22566  18.640  -74.389  31.171 0.0000000000
22567  17.436  -74.240  31.206 0.0000000000
22568  16.316  -74.208  31.310 0.0000000000
22578  20.246  -74.738  30.015 0.0000000000
22579  19.449  -74.536  30.803 0.0000000000
22580  18.955  -74.721  31.043 0.0000000000
22581  16.594  -74.705  30.927 0.0000000000
22582  15.947  -74.813  30.846 0.0000000000
22592  20.447  -74.425  29.242 0.0000000000
22668  23.353  -73.851  24.732 0.0000000000
22669  22.848  -74.414  24.876 0.0000000000
22681  23.464  -73.693  24.125 0.0000000000
22682  23.054  -74.236  23.896 0.0000000000
23644  19.043  -73.678  31.322 0.0000000000
23645  18.269  -73.467  31.474 0.0000000000
23646  17.184  -73.202  31.499 0.0000000000
23647  16.565  -73.134  31.836 0.0000000000
23656  20.052  -73.963  30.375 0.0000000000
23657  19.617  -73.571  30.904 0.0000000000
23665  20.352  -73.802  29.696 0.0000000000
23679  20.487  -73.658  28.854 0.0000000000
23731  23.561  -73.233  25.638 0.0000000000
23741  23.772  -73.200  24.468 0.0000000000
23752  23.520  -73.313  23.444 0.0000000000
23753  23.141  -73.914  23.163 0.0000000000
23768  23.389  -72.973  22.809 0.0000000000
23769  23.056  -73.498  22.491 0.0000000000
24659  19.210  -72.822  31.433 0.0000000000
24660  18.122  -72.510  31.755 0.0000000000
24662  16.747  -72.660  31.891 0.0000000000
24670  20.201  -73.149  30.232 0.0000000000
24671  19.826  -72.784  30.763 0.0000000000
24676  20.321  -72.885  29.366 0.0000000000
24677  20.118  -72.322  28.846 0.0000000000
24732  24.174  -71.803  26.127 0.0000000000
24761  24.287  -71.965  25.539 0.0000000000
24762  23.997  -72.416  25.758 0.0000000000
24779  24.380  -71.752  25.101 0.0000000000
24780  24.188  -72.453  24.996 0.0000000000
24789  24.366  -71.832  24.546 0.0000000000
24790  24.112  -72.322  23.916 0.0000000000
24800  23.580  -72.306  22.939 0.0000000000
24801  23.250  -72.694  22.485 0.0000000000
24816  23.274  -72.125  22.327 0.0000000000
24817  22.884  -72.529  21.963 0.0000000000
24818  22.161  -72.523  21.348 0.0000000000
24820  18.920  -72.876  21.062 0.0000000000
24846  21.337  -72.634  20.778 0.0000000000
24847  20.474  -72.645  20.334 0.0000000000
25746  20.095  -72.474  30.267 0.0000000000
25747  19.793  -71.913  30.785 0.0000000000
25752  20.249  -72.609  29.871 0.0000000000
25753  20.035  -71.977  29.545 0.0000000000
25763  23.196  -70.935  27.871 0.0000000000
25764  22.971  -71.040  28.008 0.0000000000
25765  22.388  -71.148  28.105 0.0000000000
25766  19.859  -71.762  28.590 0.0000000000
25767  19.472  -71.343  28.176 0.0000000000
25785  23.343  -71.127  27.597 0.0000000000
25786  22.729  -71.623  27.727 0.0000000000
25787  21.814  -71.679  27.889 0.0000000000
25805  24.262  -71.185  26.290 0.0000000000
25806  23.930  -71.263  26.837 0.0000000000
25829  24.401  -71.247  25.658 0.0000000000
25848  24.444  -71.166  24.778 0.0000000000
25862  24.348  -71.347  24.024 0.0000000000
25869  23.368  -71.213  22.418 0.0000000000
25870  22.942  -70.848  21.893 0.0000000000
25877  23.116  -71.848  22.027 0.0000000000
25878  22.694  -71.490  21.635 0.0000000000
25879  21.887  -71.577  21.028 0.0000000000
26803  19.764  -70.916  29.981 0.0000000000
26816  23.255  -70.629  27.968 0.0000000000
26817  22.645  -70.541  28.315 0.0000000000
26818  21.705  -70.730  28.373 0.0000000000
26819  20.857  -70.578  28.325 0.0000000000
26820  19.489  -71.084  28.784 0.0000000000
26837  24.183  -70.007  26.967 0.0000000000
26838  23.872  -70.278  27.348 0.0000000000
26839  21.074  -71.184  28.147 0.0000000000
26840  20.290  -70.851  27.975 0.0000000000
26841  19.482  -70.635  27.581 0.0000000000
26842  18.877  -70.413  27.367 0.0000000000
26861  24.303  -70.339  26.452 0.0000000000
26862  24.099  -70.646  26.908 0.0000000000
26876  24.446  -70.383  25.247 0.0000000000
26883  24.300  -70.392  24.184 0.0000000000
26884  24.018  -69.939  23.786 0.0000000000
26896  23.788  -70.382  23.331 0.0000000000
26908  23.404  -70.179  22.622 0.0000000000
26909  23.088  -70.298  22.081 0.0000000000
26914  22.321  -70.978  21.190 0.0000000000
27866  11.913  -69.300  29.534 0.0000000000
27867  11.282  -70.092  29.229 0.0000000000
27877  23.225  -69.710  28.306 0.0000000000
27878  22.132  -69.808  28.670 0.0000000000
27879  21.076  -69.880  28.625 0.0000000000
27880  20.395  -69.969  28.023 0.0000000000
27881  18.905  -70.483  28.429 0.0000000000
27901  24.151  -69.378  27.003 0.0000000000
27902  23.780  -69.268  27.703 0.0000000000
27903  19.741  -69.964  27.510 0.0000000000
27904  18.935  -69.700  26.753 0.0000000000
27930  24.298  -69.316  26.326 0.0000000000
27931  18.598  -69.208  26.092 0.0000000000
27932  18.254  -69.291  25.805 0.0000000000
27945  24.391  -69.557  25.657 0.0000000000
27954  24.342  -69.591  24.818 0.0000000000
27955  24.095  -69.506  24.135 0.0000000000
27959  23.786  -69.506  23.603 0.0000000000
27972  23.520  -69.506  23.001 0.0000000000
27973  23.241  -69.498  22.337 0.0000000000
27990  22.941  -69.660  21.803 0.0000000000
28941  21.913  -68.097  29.230 0.0000000000
28942  20.919  -68.229  29.166 0.0000000000
28943  20.456  -68.165  28.837 0.0000000000
28948  12.548  -68.884  29.199 0.0000000000
28957  23.380  -68.460  28.206 0.0000000000
28958  22.534  -68.812  28.762 0.0000000000
28959  21.461  -68.987  28.948 0.0000000000
28960  20.294  -68.834  28.356 0.0000000000
28961  19.682  -68.397  27.693 0.0000000000
28980  24.089  -68.725  26.993 0.0000000000
28981  23.873  -68.535  27.357 0.0000000000
28982  19.977  -69.497  27.723 0.0000000000
28983  19.531  -69.028  27.155 0.0000000000
29004  24.171  -68.609  26.584 0.0000000000
29005  24.051  -68.424  26.957 0.0000000000
29006  18.963  -68.966  26.260 0.0000000000
29007  18.490  -68.803  25.643 0.0000000000
29018  24.280  -68.726  25.890 0.0000000000
29019  24.223  -68.424  25.313 0.0000000000
29020  18.131  -68.845  25.172 0.0000000000
29030  24.316  -69.000  25.239 0.0000000000
29031  24.130  -68.738  24.603 0.0000000000
29039  23.849  -68.905  23.946 0.0000000000
29044  23.618  -68.780  23.408 0.0000000000
29045  23.354  -68.688  22.734 0.0000000000
29067  22.964  -68.678  21.910 0.0000000000
30015  22.297  -67.159  29.249 0.0000000000
30016  21.362  -67.376  29.479 0.0000000000
30017  20.353  -67.546  29.118 0.0000000000
30018  19.782  -67.220  28.819 0.0000000000
30032  23.228  -67.499  28.301 0.0000000000
30033  22.778  -67.809  28.803 0.0000000000
30034  20.205  -68.075  28.647 0.0000000000
30035  19.725  -67.772  28.237 0.0000000000
30050  23.556  -67.671  27.672 0.0000000000
30051  19.266  -67.903  27.017 0.0000000000
30068  24.147  -68.169  26.392 0.0000000000
30069  23.970  -67.889  26.831 0.0000000000
30070  19.186  -68.546  26.529 0.0000000000
30071  18.811  -68.191  25.935 0.0000000000
30088  24.210  -68.339  26.200 0.0000000000
30089  24.139  -67.912  25.931 0.0000000000
30104  24.011  -67.827  24.967 0.0000000000
30114  23.801  -67.968  23.964 0.0000000000
30115  23.414  -67.494  23.451 0.0000000000
30120  23.462  -68.101  23.232 0.0000000000
31242  22.505  -66.371  29.040 0.0000000000
31243  21.833  -66.430  29.496 0.0000000000
31244  20.861  -66.620  29.701 0.0000000000
31245  19.872  -66.672  29.372 0.0000000000
31246  19.180  -66.334  29.119 0.0000000000
31265  23.338  -66.747  28.040 0.0000000000
31266  22.891  -66.894  28.658 0.0000000000
31267  19.330  -66.856  28.366 0.0000000000
31268  18.657  -66.296  28.443 0.0000000000
31284  23.590  -66.949  27.245 0.0000000000
31285  19.267  -67.268  27.642 0.0000000000
31287  17.875  -66.255  26.616 0.0000000000
31305  23.743  -67.054  26.340 0.0000000000
31323  23.810  -67.179  25.503 0.0000000000
31326  16.341  -66.638  24.363 0.0000000000
31336  23.594  -66.906  24.588 0.0000000000
31337  23.258  -66.296  24.348 0.0000000000
31345  23.517  -67.228  23.879 0.0000000000
32444  20.769  -65.132  30.207 0.0000000000
32445  20.027  -65.230  30.432 0.0000000000
32446  19.087  -65.292  30.291 0.0000000000
32448  17.730  -65.162  29.832 0.0000000000
32464  22.266  -65.584  29.190 0.0000000000
32465  21.385  -65.544  29.797 0.0000000000
32466  20.420  -65.874  29.972 0.0000000000
32467  19.543  -65.867  29.793 0.0000000000
32468  18.648  -65.790  29.407 0.0000000000
32470  17.321  -65.428  28.685 0.0000000000
32488  23.243  -66.274  28.045 0.0000000000
32489  22.935  -65.901  28.343 0.0000000000
32490  18.193  -65.836  28.673 0.0000000000
32493  16.435  -65.368  27.645 0.0000000000
32512  23.349  -66.232  27.682 0.0000000000
32513  23.142  -65.496  27.410 0.0000000000
32514  18.184  -66.055  27.947 0.0000000000
32515  17.705  -65.894  27.316 0.0000000000
32517  16.032  -65.383  26.894 0.0000000000
32518  15.246  -65.352  26.554 0.0000000000
32537  23.498  -66.185  26.816 0.0000000000
32538  23.193  -65.331  26.413 0.0000000000
32541  15.750  -65.651  25.827 0.0000000000
32542  14.876  -65.573  25.658 0.0000000000
32543  13.990  -65.529  25.612 0.0000000000
32557  23.514  -66.277  25.697 0.0000000000
32559  17.095  -66.215  25.495 0.0000000000
32560  16.319  -66.209  25.045 0.0000000000
32561  15.403  -65.917  24.909 0.0000000000
32562  14.531  -65.881  24.822 0.0000000000
32572  23.324  -66.078  24.865 0.0000000000
32574  15.820  -66.454  24.455 0.0000000000
32575  15.128  -66.465  24.381 0.0000000000
33694  18.189  -64.026  31.229 0.0000000000
33695  17.139  -64.014  31.206 0.0000000000
33696  16.120  -63.848  31.241 0.0000000000
33697  15.431  -63.619  31.335 0.0000000000
33698  9.967  -64.390  30.748 0.0000000000
33713  21.197  -64.718  29.956 0.0000000000
33714  20.553  -64.252  30.319 0.0000000000
33716  18.606  -64.680  30.711 0.0000000000
33717  17.549  -64.769  30.322 0.0000000000
33718  16.365  -64.410  30.316 0.0000000000
33719  15.110  -64.063  30.564 0.0000000000
33720  14.338  -63.950  30.293 0.0000000000
33723  10.788  -64.401  29.951 0.0000000000
33724  10.134  -64.592  30.105 0.0000000000
33741  22.467  -65.018  28.709 0.0000000000
33742  21.849  -64.480  29.261 0.0000000000
33743  21.211  -64.241  29.842 0.0000000000
33744  17.438  -65.137  29.645 0.0000000000
33745  16.775  -65.119  29.109 0.0000000000
33746  15.481  -64.559  29.279 0.0000000000
33766  22.634  -64.764  27.973 0.0000000000
33767  22.331  -64.522  28.550 0.0000000000
33768  16.495  -65.272  28.209 0.0000000000
33769  15.779  -65.053  27.983 0.0000000000
33770  14.656  -64.651  28.235 0.0000000000
33788  15.495  -65.177  27.180 0.0000000000
33789  14.937  -64.999  27.267 0.0000000000
33793  11.096  -64.806  27.452 0.0000000000
34943  17.789  -63.176  31.535 0.0000000000
34944  16.800  -63.225  31.714 0.0000000000
34945  15.914  -63.191  31.747 0.0000000000
34946  15.165  -63.159  31.684 0.0000000000
34947  14.415  -63.239  31.626 0.0000000000
34948  13.544  -63.334  31.526 0.0000000000
34951  10.255  -63.691  31.351 0.0000000000
34952  9.028  -63.388  31.617 0.0000000000
34953  7.965  -63.234  31.629 0.0000000000
34954  7.069  -63.150  31.521 0.0000000000
34955  6.627  -63.178  31.329 0.0000000000
34969  14.861  -63.595  31.251 0.0000000000
34970  14.190  -63.703  30.896 0.0000000000
34973  11.130  -64.054  30.696 0.0000000000
34974  10.482  -64.294  30.614 0.0000000000
34987  21.620  -63.605  28.855 0.0000000000
34988  21.108  -63.567  29.617 0.0000000000
34989  13.855  -63.907  30.237 0.0000000000
35003  22.478  -64.305  27.889 0.0000000000
35004  22.241  -63.920  28.142 0.0000000000
35018  22.528  -64.282  27.505 0.0000000000
35019  22.333  -63.757  27.219 0.0000000000
35033  22.184  -63.531  26.418 0.0000000000
35050  21.943  -63.502  25.469 0.0000000000
35087  17.878  -62.810  21.325 0.0000000000
35102  17.813  -62.975  21.133 0.0000000000
35103  12.432  -63.566  20.303 0.0000000000
35133  13.791  -63.346  18.728 0.0000000000
36056  15.855  -62.070  32.310 0.0000000000
36057  15.223  -62.048  32.403 0.0000000000
36058  14.388  -62.033  32.467 0.0000000000
36059  13.447  -62.031  32.472 0.0000000000
36062  10.434  -61.922  32.279 0.0000000000
36063  9.888  -61.804  32.191 0.0000000000
36073  18.272  -62.231  31.348 0.0000000000
36074  17.330  -62.355  31.765 0.0000000000
36075  16.398  -62.422  32.070 0.0000000000
36076  15.563  -62.605  32.077 0.0000000000
36077  14.786  -62.650  32.073 0.0000000000
36078  13.933  -62.731  32.101 0.0000000000
36082  9.678  -62.406  31.976 0.0000000000
36083  8.465  -62.370  31.803 0.0000000000
36084  7.402  -62.383  31.590 0.0000000000
36085  6.357  -62.557  31.202 0.0000000000
36086  5.745  -62.084  30.824 0.0000000000
36114  21.225  -62.972  28.902 0.0000000000
36129  21.621  -63.152  28.281 0.0000000000
36130  21.020  -62.397  28.092 0.0000000000
36144  21.806  -63.060  27.310 0.0000000000
36145  21.048  -62.306  26.768 0.0000000000
36159  21.640  -62.873  26.120 0.0000000000
36160  20.966  -62.374  25.652 0.0000000000
36161  3.187  -62.617  25.690 0.0000000000
36178  21.407  -62.971  25.135 0.0000000000
36179  20.849  -62.569  24.758 0.0000000000
36199  21.169  -63.062  24.428 0.0000000000
36200  20.718  -62.817  23.931 0.0000000000
36201  20.189  -62.414  23.765 0.0000000000
36211  20.319  -62.818  23.127 0.0000000000
36212  19.632  -62.367  23.219 0.0000000000
36213  18.915  -62.167  22.943 0.0000000000
36221  19.888  -62.820  22.553 0.0000000000
36222  19.214  -62.662  22.283 0.0000000000
36223  18.337  -62.294  22.346 0.0000000000
36224  17.741  -62.209  22.023 0.0000000000
36233  18.036  -62.610  21.661 0.0000000000
36234  17.783  -62.382  21.467 0.0000000000
37168  16.262  -61.724  32.211 0.0000000000
37169  15.725  -61.432  32.319 0.0000000000
37170  14.920  -61.250  32.457 0.0000000000
37171  13.954  -61.203  32.631 0.0000000000
37173  11.920  -61.186  32.624 0.0000000000
37175  9.910  -61.141  32.210 0.0000000000
37176  9.322  -60.626  32.095 0.0000000000
37184  18.139  -61.647  31.172 0.0000000000
37185  17.612  -61.504  31.412 0.0000000000
37186  16.863  -61.578  31.912 0.0000000000
37187  9.586  -61.680  32.129 0.0000000000
37188  8.951  -61.312  31.966 0.0000000000
37189  7.799  -61.442  31.665 0.0000000000
37190  6.805  -61.568  31.425 0.0000000000
37191  5.963  -61.550  31.088 0.0000000000
37201  19.125  -61.697  30.367 0.0000000000
37202  18.573  -61.603  30.726 0.0000000000
37203  17.976  -61.296  30.968 0.0000000000
37217  19.516  -61.655  29.750 0.0000000000
37218  18.974  -61.333  30.180 0.0000000000
37230  19.638  -61.355  28.855 0.0000000000
37245  19.565  -61.098  27.833 0.0000000000
37313  19.118  -61.799  23.572 0.0000000000
37314  18.339  -61.640  23.231 0.0000000000
37315  17.403  -61.322  23.185 0.0000000000
37316  16.472  -61.073  22.945 0.0000000000
37317  15.977  -60.720  22.821 0.0000000000
37327  17.787  -61.802  22.548 0.0000000000
37328  17.222  -61.661  22.216 0.0000000000
37339  17.573  -61.602  21.510 0.0000000000
38282  16.329  -61.095  32.058 0.0000000000
38283  15.639  -60.389  32.022 0.0000000000
38284  14.482  -60.347  32.415 0.0000000000
38285  13.450  -60.289  32.541 0.0000000000
38286  12.408  -60.263  32.623 0.0000000000
38287  11.404  -60.308  32.571 0.0000000000
38288  10.492  -60.335  32.348 0.0000000000
38289  9.736  -60.222  32.163 0.0000000000
38290  9.224  -60.102  32.126 0.0000000000
38304  17.626  -60.987  31.059 0.0000000000
38305  16.912  -60.487  31.318 0.0000000000
38306  16.089  -59.932  31.455 0.0000000000
38307  8.814  -60.313  32.028 0.0000000000
38308  8.089  -60.457  31.786 0.0000000000
38309  7.066  -60.561  31.455 0.0000000000
38310  6.333  -60.914  31.269 0.0000000000
38320  18.604  -61.089  30.259 0.0000000000
38321  17.946  -60.686  30.428 0.0000000000
38322  17.290  -60.125  30.518 0.0000000000
38323  6.338  -60.306  31.141 0.0000000000
38324  5.727  -60.619  30.793 0.0000000000
38336  19.313  -61.141  29.230 0.0000000000
38337  18.814  -60.850  29.590 0.0000000000
38338  18.061  -60.154  29.344 0.0000000000
38340  4.653  -60.559  29.478 0.0000000000
38352  19.169  -60.837  28.666 0.0000000000
38353  18.530  -60.367  28.605 0.0000000000
38354  17.922  -59.845  28.466 0.0000000000
38355  4.159  -60.492  28.592 0.0000000000
38370  18.888  -60.547  27.795 0.0000000000
38371  18.243  -60.073  27.727 0.0000000000
38372  17.708  -59.672  27.781 0.0000000000
38387  19.127  -60.741  27.212 0.0000000000
38388  18.533  -60.396  26.711 0.0000000000
38389  17.760  -59.755  26.996 0.0000000000
38390  3.141  -60.462  25.887 0.0000000000
38401  18.386  -60.497  25.591 0.0000000000
38402  17.536  -59.889  25.790 0.0000000000
38403  16.834  -59.673  25.462 0.0000000000
38404  2.606  -60.531  25.528 0.0000000000
38423  17.802  -60.597  24.597 0.0000000000
38424  16.630  -59.961  24.724 0.0000000000
38438  15.896  -60.276  23.701 0.0000000000
38479  3.657  -60.353  20.226 0.0000000000
38494  4.278  -60.181  20.087 0.0000000000
38526  20.821  -60.734  16.479 0.0000000000
39394  14.793  -59.632  31.994 0.0000000000
39395  13.924  -59.543  32.164 0.0000000000
39396  12.881  -59.242  32.253 0.0000000000
39397  11.811  -59.385  32.518 0.0000000000
39398  10.902  -59.551  32.334 0.0000000000
39399  10.132  -59.616  32.136 0.0000000000
39400  9.386  -59.504  31.964 0.0000000000
39401  8.958  -59.846  32.044 0.0000000000
39420  16.247  -59.603  30.983 0.0000000000
39421  15.426  -59.385  31.310 0.0000000000
39422  14.178  -59.004  31.346 0.0000000000
39424  9.058  -59.035  31.724 0.0000000000
39425  8.532  -59.502  31.765 0.0000000000
39426  7.520  -59.609  31.507 0.0000000000
39427  6.641  -59.642  31.197 0.0000000000
39442  17.423  -59.812  29.835 0.0000000000
39443  16.758  -59.619  30.361 0.0000000000
39444  15.788  -58.920  30.157 0.0000000000
39445  14.880  -58.827  30.650 0.0000000000
39448  4.763  -59.262  29.864 0.0000000000
39459  17.487  -59.641  29.014 0.0000000000
39460  16.584  -59.154  29.079 0.0000000000
39462  4.861  -59.917  29.796 0.0000000000
39463  4.356  -59.518  29.168 0.0000000000
39473  17.295  -59.421  28.277 0.0000000000
39474  16.670  -59.071  27.861 0.0000000000
39475  3.848  -59.434  28.268 0.0000000000
39488  17.216  -59.387  27.423 0.0000000000
39489  16.633  -59.143  27.039 0.0000000000
39505  17.088  -59.438  26.573 0.0000000000
39506  16.380  -59.204  26.312 0.0000000000
39509  2.726  -59.185  25.874 0.0000000000
39520  16.842  -59.499  25.914 0.0000000000
39521  16.262  -59.497  25.489 0.0000000000
39524  2.810  -59.788  25.751 0.0000000000
39525  2.344  -59.574  25.583 0.0000000000
39544  15.371  -59.410  24.492 0.0000000000
39545  14.830  -58.708  24.782 0.0000000000
39598  3.816  -59.552  20.227 0.0000000000
39599  3.241  -59.693  20.303 0.0000000000
39610  4.464  -59.445  19.865 0.0000000000
39629  20.334  -59.137  17.237 0.0000000000
40556  12.558  -58.641  31.899 0.0000000000
40557  12.029  -58.629  32.173 0.0000000000
40558  11.176  -58.797  32.168 0.0000000000
40559  10.373  -58.972  32.072 0.0000000000
40560  9.881  -59.154  31.979 0.0000000000
40577  13.065  -58.598  31.374 0.0000000000
40578  12.170  -58.311  31.506 0.0000000000
40579  11.389  -58.251  31.607 0.0000000000
40580  10.550  -58.331  31.745 0.0000000000
40581  9.609  -58.588  31.767 0.0000000000
40582  8.674  -58.558  31.547 0.0000000000
40583  7.860  -58.751  31.391 0.0000000000
40584  7.018  -58.775  31.215 0.0000000000
40598  14.813  -58.634  29.921 0.0000000000
40599  14.017  -58.558  30.300 0.0000000000
40601  12.219  -57.981  30.583 0.0000000000
40602  11.679  -57.989  31.105 0.0000000000
40604  5.003  -58.627  30.237 0.0000000000
40605  4.478  -58.539  29.515 0.0000000000
40622  12.523  -58.009  29.697 0.0000000000
40623  3.823  -58.401  28.541 0.0000000000
40638  11.242  -58.028  28.405 0.0000000000
40639  10.790  -57.857  28.273 0.0000000000
40658  10.569  -58.029  27.704 0.0000000000
40659  9.989  -57.824  27.397 0.0000000000
40680  9.042  -58.191  25.878 0.0000000000
40681  2.820  -58.665  26.288 0.0000000000
40682  2.372  -58.807  26.007 0.0000000000
40688  14.335  -58.258  25.410 0.0000000000
40689  13.640  -57.908  25.670 0.0000000000
40691  10.246  -58.413  26.045 0.0000000000
40692  9.400  -58.438  25.602 0.0000000000
40708  9.838  -58.410  25.195 0.0000000000
40710  8.545  -58.353  24.100 0.0000000000
40722  9.727  -58.310  24.419 0.0000000000
40725  7.964  -58.019  22.599 0.0000000000
40756  18.785  -58.528  21.720 0.0000000000
40774  3.439  -59.192  20.234 0.0000000000
40786  3.805  -58.578  20.012 0.0000000000
40797  20.607  -58.442  18.174 0.0000000000
40808  20.122  -58.294  17.570 0.0000000000
40809  19.549  -58.410  17.107 0.0000000000
40810  19.185  -58.034  16.993 0.0000000000
41791  11.289  -57.923  31.139 0.0000000000
41792  10.798  -57.870  31.196 0.0000000000
41793  9.959  -57.767  31.311 0.0000000000
41794  9.018  -57.764  31.317 0.0000000000
41795  7.974  -57.832  31.242 0.0000000000
41796  7.399  -58.232  31.249 0.0000000000
41808  11.730  -57.673  30.140 0.0000000000
41809  11.272  -57.666  30.547 0.0000000000
41810  10.335  -57.428  30.600 0.0000000000
41811  9.417  -57.191  30.634 0.0000000000
41815  5.328  -57.504  30.231 0.0000000000
41816  4.741  -58.014  29.863 0.0000000000
41826  11.964  -57.741  29.736 0.0000000000
41827  11.367  -57.553  29.676 0.0000000000
41828  10.651  -57.280  29.796 0.0000000000
41829  9.884  -56.947  30.001 0.0000000000
41830  4.768  -56.788  29.674 0.0000000000
41831  4.259  -57.405  29.327 0.0000000000
41832  3.587  -57.313  28.394 0.0000000000
41840  12.127  -57.846  29.289 0.0000000000
41841  11.649  -57.759  29.088 0.0000000000
41842  10.798  -57.561  28.812 0.0000000000
41843  10.038  -57.020  29.113 0.0000000000
41844  3.228  -57.391  27.685 0.0000000000
41850  10.563  -57.684  28.182 0.0000000000
41851  10.022  -57.336  28.024 0.0000000000
41852  2.819  -57.865  26.965 0.0000000000
41861  12.631  -57.859  26.196 0.0000000000
41862  11.878  -58.034  26.285 0.0000000000
41863  11.377  -58.210  26.334 0.0000000000
41865  9.145  -57.556  26.391 0.0000000000
41866  2.574  -58.389  26.450 0.0000000000
41867  2.280  -58.272  26.562 0.0000000000
41872  13.023  -57.495  25.661 0.0000000000
41873  11.987  -57.516  25.665 0.0000000000
41874  11.014  -57.945  25.755 0.0000000000
41875  10.348  -58.220  25.477 0.0000000000
41889  11.197  -57.276  24.703 0.0000000000
41890  10.343  -57.937  24.888 0.0000000000
41908  8.074  -58.017  23.689 0.0000000000
41909  7.595  -57.469  23.199 0.0000000000
41910  7.252  -57.047  22.913 0.0000000000
41964  20.074  -57.128  18.595 0.0000000000
41975  20.212  -57.752  18.027 0.0000000000
41976  19.648  -57.325  17.832 0.0000000000
41989  19.759  -57.893  17.550 0.0000000000
41990  19.334  -57.718  17.310 0.0000000000
43053  6.218  -56.754  30.329 0.0000000000
43064  9.273  -56.596  29.509 0.0000000000
43066  7.532  -55.973  29.823 0.0000000000
43067  6.552  -55.990  29.896 0.0000000000
43068  5.441  -56.266  29.729 0.0000000000
43070  3.786  -56.747  28.759 0.0000000000
43081  8.816  -56.250  28.860 0.0000000000
43082  3.907  -55.512  28.587 0.0000000000
43094  9.018  -56.256  28.067 0.0000000000
43095  3.018  -57.124  27.584 0.0000000000
43104  9.098  -56.681  27.135 0.0000000000
43107  8.736  -56.741  25.990 0.0000000000
43131  7.474  -56.549  23.573 0.0000000000
43132  7.214  -56.679  23.049 0.0000000000
43247  10.794  -55.928  14.790 0.0000000000
43248  10.309  -56.234  14.970 0.0000000000
43259  11.974  -56.549  14.201 0.0000000000
43260  11.158  -56.359  14.694 0.0000000000
43268  12.449  -56.392  13.724 0.0000000000
44227  8.400  -55.946  29.006 0.0000000000
44228  7.899  -55.720  29.062 0.0000000000
44229  7.040  -55.411  29.232 0.0000000000
44230  6.043  -55.508  29.229 0.0000000000
44242  8.403  -55.803  28.458 0.0000000000
44243  7.530  -55.259  28.160 0.0000000000
44246  4.571  -54.990  28.567 0.0000000000
44247  3.726  -54.877  28.460 0.0000000000
44258  8.500  -55.760  27.551 0.0000000000
44272  8.394  -55.897  25.500 0.0000000000
44273  7.839  -55.244  25.043 0.0000000000
44276  8.089  -55.985  24.721 0.0000000000
44283  7.454  -55.757  23.244 0.0000000000
44313  11.749  -55.209  22.414 0.0000000000
44314  10.831  -55.352  22.257 0.0000000000
44408  11.034  -55.673  14.616 0.0000000000
44409  10.558  -55.292  14.902 0.0000000000
44410  9.907  -55.290  15.426 0.0000000000
44419  12.148  -55.916  13.849 0.0000000000
44420  11.643  -55.494  14.252 0.0000000000
44421  11.054  -55.065  14.553 0.0000000000
44431  12.181  -55.318  13.744 0.0000000000
45419  6.345  -54.269  27.466 0.0000000000
45421  4.044  -53.277  27.563 0.0000000000
45436  7.396  -54.548  25.520 0.0000000000
45441  7.296  -54.554  24.620 0.0000000000
45447  7.261  -54.408  23.789 0.0000000000
45448  6.719  -53.916  24.352 0.0000000000
45470  11.319  -54.385  22.012 0.0000000000
45529  17.165  -54.761  16.422 0.0000000000
45530  16.567  -54.165  16.354 0.0000000000
45546  10.114  -54.385  15.248 0.0000000000
45555  11.256  -54.409  14.193 0.0000000000
45556  10.679  -54.337  14.706 0.0000000000
46607  4.678  -53.097  27.176 0.0000000000
46621  5.580  -53.090  26.223 0.0000000000
46622  5.124  -52.535  26.418 0.0000000000
46631  5.708  -52.839  25.161 0.0000000000
46635  6.224  -53.409  24.699 0.0000000000
46641  6.415  -53.271  23.895 0.0000000000
46660  11.823  -53.371  21.637 0.0000000000
46677  11.270  -53.024  21.084 0.0000000000
46709  15.705  -53.081  16.993 0.0000000000
46721  16.030  -53.554  16.622 0.0000000000
46722  15.659  -53.093  16.554 0.0000000000
46737  15.798  -53.315  16.297 0.0000000000
46738  10.127  -53.331  14.872 0.0000000000
46749  10.814  -53.424  14.268 0.0000000000
47712  5.383  -52.512  25.770 0.0000000000
47713  5.113  -52.026  25.928 0.0000000000
47723  5.397  -52.130  25.294 0.0000000000
47724  5.251  -51.910  25.563 0.0000000000
47749  12.485  -52.542  21.411 0.0000000000
47750  11.750  -52.633  21.171 0.0000000000
47767  13.029  -51.808  20.894 0.0000000000
47768  12.071  -51.987  20.835 0.0000000000
47769  11.229  -52.416  20.692 0.0000000000
47778  14.485  -51.615  19.746 0.0000000000
47784  15.166  -51.824  18.442 0.0000000000
47785  14.734  -51.494  18.116 0.0000000000
47802  15.614  -52.523  17.615 0.0000000000
47803  15.026  -51.763  17.674 0.0000000000
47818  15.381  -52.460  16.768 0.0000000000
47819  15.206  -52.122  17.230 0.0000000000
47835  9.963  -52.564  14.842 0.0000000000
47849  11.126  -52.432  13.840 0.0000000000
47850  10.420  -52.364  14.426 0.0000000000
48860  13.350  -51.431  20.188 0.0000000000
48861  12.518  -51.448  20.194 0.0000000000
48862  11.593  -51.631  20.157 0.0000000000
48871  14.553  -51.572  19.279 0.0000000000
48872  13.896  -51.377  19.541 0.0000000000
48873  12.988  -51.095  19.558 0.0000000000
48874  12.082  -50.984  19.409 0.0000000000
48881  14.835  -51.630  18.966 0.0000000000
48882  14.329  -51.356  18.634 0.0000000000
48883  13.312  -50.843  18.790 0.0000000000
48884  12.697  -50.800  19.114 0.0000000000
48897  14.333  -51.088  17.783 0.0000000000
48898  13.838  -50.907  18.302 0.0000000000
48913  15.233  -51.985  16.600 0.0000000000
48914  14.918  -51.659  16.958 0.0000000000
48928  15.177  -51.739  16.533 0.0000000000
48945  10.931  -51.387  14.052 0.0000000000
48946  10.306  -51.266  14.703 0.0000000000
49929  11.981  -50.668  19.049 0.0000000000
49937  13.026  -50.493  18.513 0.0000000000
49938  12.374  -50.379  18.689 0.0000000000
49947  14.022  -50.568  17.604 0.0000000000
49948  13.362  -50.329  18.054 0.0000000000
49949  12.778  -50.121  18.317 0.0000000000
49965  14.434  -50.564  17.061 0.0000000000
49966  13.913  -50.289  17.521 0.0000000000
