#!ascii label  , from subject sub-CSI2 vox2ras=TkReg
1385
84  -12.639  -95.841  15.768 0.0000000000
85  -12.733  -95.516  15.430 0.0000000000
98  -13.096  -95.437  15.134 0.0000000000
99  -13.485  -95.244  14.889 0.0000000000
114  -14.691  -95.231  13.859 0.0000000000
138  -13.143  -94.709  10.065 0.0000000000
216  -12.425  -95.091  15.405 0.0000000000
224  -12.915  -94.982  14.969 0.0000000000
225  -13.677  -94.794  14.562 0.0000000000
226  -14.316  -94.830  14.025 0.0000000000
233  -10.325  -95.207  13.506 0.0000000000
234  -10.576  -94.986  13.141 0.0000000000
235  -14.685  -94.924  13.620 0.0000000000
236  -15.093  -94.969  13.245 0.0000000000
245  -10.518  -94.893  12.781 0.0000000000
246  -15.622  -94.765  12.705 0.0000000000
257  -14.295  -94.163  10.947 0.0000000000
258  -14.944  -94.238  11.100 0.0000000000
269  -10.651  -93.621  10.368 0.0000000000
270  -12.067  -94.105  10.024 0.0000000000
271  -12.888  -94.482  10.187 0.0000000000
272  -13.514  -94.600  10.336 0.0000000000
273  -14.243  -94.590  10.575 0.0000000000
286  -12.697  -94.558  10.022 0.0000000000
321  -7.506  -94.002  20.714 0.0000000000
329  -11.160  -94.450  19.588 0.0000000000
335  -12.118  -94.487  18.782 0.0000000000
340  -12.337  -94.266  17.929 0.0000000000
350  -12.941  -94.473  16.981 0.0000000000
351  -14.000  -94.611  16.715 0.0000000000
352  -14.877  -94.260  16.980 0.0000000000
353  -15.762  -94.093  17.596 0.0000000000
364  -12.970  -93.704  16.714 0.0000000000
365  -13.852  -93.903  16.596 0.0000000000
366  -14.558  -93.680  16.763 0.0000000000
378  -12.414  -94.647  15.226 0.0000000000
389  -10.865  -94.073  13.794 0.0000000000
390  -12.618  -94.308  14.933 0.0000000000
391  -13.171  -94.184  14.662 0.0000000000
392  -14.006  -94.062  14.197 0.0000000000
400  -10.543  -94.762  13.632 0.0000000000
401  -10.823  -94.296  13.336 0.0000000000
402  -14.697  -94.400  13.461 0.0000000000
403  -14.976  -94.588  13.124 0.0000000000
408  -10.400  -94.156  12.269 0.0000000000
409  -10.740  -93.998  12.596 0.0000000000
410  -14.761  -93.864  13.107 0.0000000000
411  -15.102  -94.223  12.710 0.0000000000
412  -15.663  -94.240  12.136 0.0000000000
418  -10.824  -93.637  11.829 0.0000000000
419  -13.726  -93.837  10.894 0.0000000000
421  -15.145  -93.884  11.791 0.0000000000
422  -15.450  -94.126  11.582 0.0000000000
426  -10.758  -93.504  10.851 0.0000000000
427  -11.477  -93.544  10.404 0.0000000000
428  -12.464  -93.902  10.388 0.0000000000
429  -13.275  -94.198  10.519 0.0000000000
430  -13.916  -94.319  10.745 0.0000000000
449  -7.403  -93.734  8.495 0.0000000000
488  -7.956  -93.278  24.619 0.0000000000
509  -7.479  -93.524  22.530 0.0000000000
510  -8.121  -93.381  22.638 0.0000000000
511  -12.111  -93.327  22.562 0.0000000000
522  -7.849  -93.533  21.670 0.0000000000
523  -11.839  -93.244  21.696 0.0000000000
529  -11.121  -93.745  20.043 0.0000000000
532  -12.852  -93.272  21.047 0.0000000000
538  -12.021  -93.841  19.569 0.0000000000
546  -12.220  -93.660  18.557 0.0000000000
547  -17.162  -93.789  18.224 0.0000000000
559  -12.504  -93.470  17.393 0.0000000000
560  -15.125  -93.393  17.109 0.0000000000
561  -15.964  -93.337  17.584 0.0000000000
562  -16.789  -93.489  17.894 0.0000000000
563  -17.456  -93.491  18.035 0.0000000000
564  -17.838  -93.593  18.165 0.0000000000
577  -12.772  -93.244  16.826 0.0000000000
578  -13.306  -93.156  16.591 0.0000000000
579  -14.268  -93.075  16.663 0.0000000000
610  -11.166  -93.772  14.518 0.0000000000
611  -12.306  -93.763  14.473 0.0000000000
612  -13.294  -93.566  14.180 0.0000000000
613  -13.832  -93.554  13.958 0.0000000000
627  -11.584  -93.622  13.505 0.0000000000
628  -12.748  -93.009  13.621 0.0000000000
629  -13.597  -93.208  13.772 0.0000000000
630  -14.286  -93.478  13.502 0.0000000000
640  -11.612  -93.188  12.632 0.0000000000
641  -12.047  -92.953  13.102 0.0000000000
642  -14.642  -93.384  12.612 0.0000000000
643  -14.999  -93.730  12.165 0.0000000000
655  -11.413  -93.201  11.702 0.0000000000
656  -12.632  -92.735  11.378 0.0000000000
657  -13.853  -93.186  11.272 0.0000000000
658  -14.729  -93.481  11.777 0.0000000000
659  -14.994  -93.713  11.906 0.0000000000
660  -18.224  -93.068  11.466 0.0000000000
668  -11.180  -93.339  10.982 0.0000000000
669  -12.002  -93.209  10.770 0.0000000000
670  -13.006  -93.528  10.809 0.0000000000
671  -18.862  -93.124  10.509 0.0000000000
682  -14.867  -93.393  9.366 0.0000000000
683  -15.632  -93.341  9.720 0.0000000000
684  -16.642  -93.359  9.758 0.0000000000
685  -17.625  -93.435  9.242 0.0000000000
694  -6.486  -93.399  9.050 0.0000000000
704  -7.009  -93.417  8.578 0.0000000000
710  -16.103  -93.129  7.282 0.0000000000
715  -12.978  -92.880  6.409 0.0000000000
764  -9.525  -92.980  24.396 0.0000000000
765  -10.375  -92.855  24.282 0.0000000000
766  -11.222  -92.885  24.040 0.0000000000
775  -8.803  -92.797  23.312 0.0000000000
776  -9.527  -92.570  23.528 0.0000000000
777  -10.915  -92.510  23.602 0.0000000000
778  -11.498  -92.857  23.570 0.0000000000
788  -8.653  -92.746  22.585 0.0000000000
790  -10.730  -92.056  22.630 0.0000000000
791  -11.626  -92.770  22.820 0.0000000000
800  -8.382  -92.587  21.256 0.0000000000
801  -8.947  -92.150  21.802 0.0000000000
809  -8.232  -92.517  20.423 0.0000000000
811  -11.440  -93.202  20.883 0.0000000000
812  -12.796  -92.808  20.349 0.0000000000
813  -13.004  -93.062  20.935 0.0000000000
821  -8.247  -92.368  19.592 0.0000000000
823  -12.385  -92.808  19.400 0.0000000000
836  -12.243  -92.821  18.137 0.0000000000
837  -18.939  -93.328  17.973 0.0000000000
838  -19.773  -93.016  17.998 0.0000000000
839  -20.705  -92.290  18.020 0.0000000000
849  -12.399  -92.758  17.478 0.0000000000
850  -14.886  -92.724  16.851 0.0000000000
851  -15.481  -92.609  17.059 0.0000000000
852  -16.384  -92.636  17.321 0.0000000000
853  -17.242  -92.903  17.630 0.0000000000
854  -18.147  -92.990  17.718 0.0000000000
855  -19.194  -92.649  17.652 0.0000000000
856  -19.935  -92.277  17.709 0.0000000000
865  -12.639  -92.563  16.873 0.0000000000
866  -13.559  -92.359  16.512 0.0000000000
867  -14.454  -92.266  16.637 0.0000000000
868  -15.008  -92.316  16.790 0.0000000000
870  -17.132  -92.412  17.034 0.0000000000
871  -17.623  -92.593  17.300 0.0000000000
887  -17.811  -92.750  13.998 0.0000000000
898  -13.062  -92.582  13.149 0.0000000000
899  -13.681  -92.778  13.268 0.0000000000
900  -14.280  -92.981  13.042 0.0000000000
902  -18.182  -92.287  13.452 0.0000000000
903  -19.194  -92.362  13.885 0.0000000000
904  -20.408  -92.873  14.039 0.0000000000
916  -12.020  -92.784  12.691 0.0000000000
917  -12.543  -92.602  12.811 0.0000000000
918  -13.305  -92.433  12.655 0.0000000000
919  -14.084  -92.658  12.572 0.0000000000
921  -17.921  -92.450  12.407 0.0000000000
922  -21.118  -92.220  13.217 0.0000000000
934  -12.059  -92.630  12.209 0.0000000000
935  -12.782  -92.376  12.156 0.0000000000
936  -13.577  -92.472  11.898 0.0000000000
937  -14.345  -92.863  11.942 0.0000000000
938  -18.435  -92.025  11.655 0.0000000000
939  -19.058  -91.752  11.205 0.0000000000
948  -15.711  -91.967  10.145 0.0000000000
949  -16.361  -91.851  10.243 0.0000000000
950  -16.899  -91.545  10.186 0.0000000000
951  -18.810  -92.414  11.029 0.0000000000
963  -14.721  -92.899  9.051 0.0000000000
964  -15.293  -92.569  9.609 0.0000000000
965  -16.081  -92.639  10.082 0.0000000000
966  -17.375  -92.356  9.697 0.0000000000
967  -18.112  -91.960  9.184 0.0000000000
975  -8.247  -92.493  8.729 0.0000000000
976  -14.655  -92.897  8.641 0.0000000000
978  -17.824  -93.015  8.940 0.0000000000
979  -18.307  -92.565  8.826 0.0000000000
992  -7.984  -92.922  8.296 0.0000000000
993  -8.941  -92.687  8.004 0.0000000000
996  -11.833  -92.323  7.649 0.0000000000
997  -12.745  -92.008  7.436 0.0000000000
999  -14.815  -92.969  8.099 0.0000000000
1000  -15.573  -92.732  7.716 0.0000000000
1002  -16.867  -92.015  7.306 0.0000000000
1013  -9.088  -93.107  7.705 0.0000000000
1014  -9.478  -92.993  7.360 0.0000000000
1017  -12.378  -92.601  6.945 0.0000000000
1022  -17.252  -92.139  6.655 0.0000000000
1023  -17.741  -91.608  5.871 0.0000000000
1042  -4.690  -90.315  2.672 0.0000000000
1168  -9.948  -91.644  21.737 0.0000000000
1169  -10.341  -91.746  21.948 0.0000000000
1171  -15.869  -91.575  22.449 0.0000000000
1182  -8.833  -92.009  21.248 0.0000000000
1185  -13.556  -91.958  21.369 0.0000000000
1186  -14.316  -91.801  21.930 0.0000000000
1187  -15.034  -91.396  22.187 0.0000000000
1188  -16.838  -91.196  21.985 0.0000000000
1189  -17.293  -91.162  21.883 0.0000000000
1190  -17.959  -91.059  21.880 0.0000000000
1202  -12.620  -92.040  20.112 0.0000000000
1203  -13.034  -92.341  20.821 0.0000000000
1213  -12.332  -91.602  19.371 0.0000000000
1214  -21.910  -91.814  19.305 0.0000000000
1223  -8.544  -91.952  19.083 0.0000000000
1226  -12.171  -91.917  18.456 0.0000000000
1227  -20.927  -91.399  17.998 0.0000000000
1228  -21.375  -91.570  18.552 0.0000000000
1236  -12.250  -92.161  17.571 0.0000000000
1239  -18.744  -92.264  17.150 0.0000000000
1240  -19.495  -91.728  17.173 0.0000000000
1241  -20.337  -91.421  17.599 0.0000000000
1248  -12.438  -91.672  17.061 0.0000000000
1249  -12.950  -91.586  16.566 0.0000000000
1250  -13.929  -91.473  16.486 0.0000000000
1253  -17.011  -91.835  16.466 0.0000000000
1254  -17.960  -92.098  16.678 0.0000000000
1255  -18.802  -91.601  16.667 0.0000000000
1298  -18.992  -91.756  13.227 0.0000000000
1299  -19.849  -91.948  13.281 0.0000000000
1300  -20.499  -92.137  13.289 0.0000000000
1315  -18.543  -91.734  12.519 0.0000000000
1316  -19.428  -91.418  12.487 0.0000000000
1317  -20.519  -91.427  12.550 0.0000000000
1330  -18.975  -91.457  11.804 0.0000000000
1331  -19.832  -91.276  11.321 0.0000000000
1332  -21.095  -91.094  11.397 0.0000000000
1341  -9.890  -91.546  10.678 0.0000000000
1342  -10.534  -91.230  10.425 0.0000000000
1343  -15.955  -91.346  10.163 0.0000000000
1344  -16.507  -91.180  10.235 0.0000000000
1345  -16.916  -91.113  10.264 0.0000000000
1353  -9.580  -91.983  9.712 0.0000000000
1354  -10.485  -91.450  9.823 0.0000000000
1355  -11.361  -91.068  9.601 0.0000000000
1356  -12.216  -90.725  9.449 0.0000000000
1357  -12.971  -90.447  9.254 0.0000000000
1358  -15.703  -91.459  9.549 0.0000000000
1359  -16.098  -90.979  8.942 0.0000000000
1360  -17.346  -91.207  10.054 0.0000000000
1361  -18.073  -91.336  9.599 0.0000000000
1373  -10.149  -92.144  9.091 0.0000000000
1374  -10.967  -91.689  9.046 0.0000000000
1375  -11.832  -91.354  8.881 0.0000000000
1376  -12.800  -91.118  8.809 0.0000000000
1377  -13.644  -90.522  8.529 0.0000000000
1379  -15.897  -91.623  8.583 0.0000000000
1380  -16.375  -91.121  8.430 0.0000000000
1381  -18.756  -91.525  8.852 0.0000000000
1382  -19.443  -91.591  8.121 0.0000000000
1394  -5.513  -91.013  7.412 0.0000000000
1396  -9.396  -92.305  8.081 0.0000000000
1397  -9.924  -92.280  8.278 0.0000000000
1398  -10.629  -92.152  8.516 0.0000000000
1399  -11.397  -92.003  8.371 0.0000000000
1400  -12.331  -91.721  8.185 0.0000000000
1401  -13.300  -91.431  7.957 0.0000000000
1403  -15.854  -92.176  7.984 0.0000000000
1404  -16.450  -91.698  7.845 0.0000000000
1405  -17.045  -91.377  7.405 0.0000000000
1423  -17.472  -90.922  6.859 0.0000000000
1439  -11.384  -91.057  4.508 0.0000000000
1448  -3.617  -89.756  4.267 0.0000000000
1449  -8.277  -90.483  3.195 0.0000000000
1450  -8.794  -90.553  3.268 0.0000000000
1451  -9.916  -90.545  3.816 0.0000000000
1457  -15.065  -90.708  4.198 0.0000000000
1464  -4.518  -89.983  3.091 0.0000000000
1465  -5.992  -90.251  2.907 0.0000000000
1621  -18.628  -90.451  23.370 0.0000000000
1634  -16.128  -90.952  22.187 0.0000000000
1635  -16.491  -91.195  22.161 0.0000000000
1636  -18.353  -90.113  22.505 0.0000000000
1637  -23.361  -91.095  21.961 0.0000000000
1647  -13.775  -91.023  21.448 0.0000000000
1648  -14.542  -90.881  21.825 0.0000000000
1649  -15.485  -90.662  22.036 0.0000000000
1650  -16.551  -90.587  21.688 0.0000000000
1651  -17.467  -90.414  21.377 0.0000000000
1652  -18.126  -90.381  21.800 0.0000000000
1653  -23.139  -90.877  21.763 0.0000000000
1654  -23.318  -90.306  22.056 0.0000000000
1661  -12.569  -91.359  19.945 0.0000000000
1662  -12.995  -91.199  20.617 0.0000000000
1663  -17.009  -90.148  20.941 0.0000000000
1664  -17.348  -90.071  20.986 0.0000000000
1665  -22.822  -90.485  20.926 0.0000000000
1672  -12.544  -90.625  19.626 0.0000000000
1673  -12.950  -90.353  20.238 0.0000000000
1674  -21.965  -90.633  19.108 0.0000000000
1688  -12.243  -90.873  18.623 0.0000000000
1689  -20.798  -90.948  17.739 0.0000000000
1690  -21.245  -90.592  18.128 0.0000000000
1705  -12.268  -91.230  17.704 0.0000000000
1706  -19.936  -90.905  17.053 0.0000000000
1707  -20.578  -90.306  17.348 0.0000000000
1708  -21.205  -89.750  17.749 0.0000000000
1718  -12.586  -90.864  17.008 0.0000000000
1719  -13.245  -90.635  16.549 0.0000000000
1723  -17.553  -91.182  16.054 0.0000000000
1724  -18.389  -90.920  16.098 0.0000000000
1725  -19.269  -90.786  16.511 0.0000000000
1726  -19.893  -90.237  16.702 0.0000000000
1746  -17.888  -90.588  15.730 0.0000000000
1748  -24.232  -90.069  15.140 0.0000000000
1749  -25.228  -90.484  15.248 0.0000000000
1760  -23.451  -90.695  14.535 0.0000000000
1762  -25.206  -90.751  14.619 0.0000000000
1772  -24.015  -90.893  13.856 0.0000000000
1773  -24.443  -90.998  13.802 0.0000000000
1783  -10.532  -90.722  12.572 0.0000000000
1794  -10.496  -90.950  11.924 0.0000000000
1795  -11.102  -90.442  11.522 0.0000000000
1802  -10.121  -91.317  11.349 0.0000000000
1803  -10.697  -90.972  10.981 0.0000000000
1804  -11.374  -90.164  10.837 0.0000000000
1805  -11.961  -89.771  10.501 0.0000000000
1806  -15.875  -91.092  9.989 0.0000000000
1807  -16.210  -90.763  10.056 0.0000000000
1808  -16.914  -90.613  10.145 0.0000000000
1813  -11.052  -90.905  10.318 0.0000000000
1814  -11.729  -90.397  10.105 0.0000000000
1815  -12.433  -89.857  9.821 0.0000000000
1816  -13.210  -89.772  9.122 0.0000000000
1817  -15.949  -90.933  9.829 0.0000000000
1818  -16.263  -90.616  9.476 0.0000000000
1820  -18.648  -90.549  9.298 0.0000000000
1821  -18.940  -90.173  9.060 0.0000000000
1829  -7.167  -90.222  8.573 0.0000000000
1830  -13.763  -89.862  8.567 0.0000000000
1833  -16.912  -90.083  8.087 0.0000000000
1834  -18.897  -90.893  8.973 0.0000000000
1835  -19.240  -90.625  8.716 0.0000000000
1840  -5.464  -90.474  6.957 0.0000000000
1841  -6.302  -90.528  7.565 0.0000000000
1842  -6.866  -90.453  8.090 0.0000000000
1845  -16.734  -90.959  7.999 0.0000000000
1846  -17.187  -90.315  7.644 0.0000000000
1847  -19.936  -90.923  8.024 0.0000000000
1848  -20.595  -90.339  7.642 0.0000000000
1852  -4.702  -89.667  6.447 0.0000000000
1853  -5.750  -89.979  6.866 0.0000000000
1856  -17.586  -90.217  7.019 0.0000000000
1857  -17.829  -90.192  6.439 0.0000000000
1868  -4.210  -89.192  5.749 0.0000000000
1869  -10.093  -90.203  4.511 0.0000000000
1871  -11.485  -90.681  4.943 0.0000000000
1872  -12.488  -90.357  5.243 0.0000000000
1877  -18.070  -90.138  5.585 0.0000000000
1884  -3.999  -89.563  4.194 0.0000000000
1885  -8.174  -90.034  3.416 0.0000000000
1886  -9.204  -90.004  3.761 0.0000000000
1887  -9.697  -90.104  4.179 0.0000000000
1888  -11.725  -91.109  4.435 0.0000000000
1889  -12.352  -90.898  4.530 0.0000000000
1897  -4.953  -89.759  3.089 0.0000000000
1898  -6.017  -90.051  3.052 0.0000000000
1899  -6.910  -90.183  3.165 0.0000000000
1900  -7.516  -90.166  3.249 0.0000000000
2031  -19.473  -89.827  25.308 0.0000000000
2032  -19.928  -89.565  25.996 0.0000000000
2038  -19.050  -89.938  24.513 0.0000000000
2050  -18.557  -89.786  23.302 0.0000000000
2051  -18.791  -90.046  23.879 0.0000000000
2052  -24.257  -90.125  22.985 0.0000000000
2069  -18.319  -89.388  22.589 0.0000000000
2070  -23.252  -89.497  22.128 0.0000000000
2071  -23.580  -89.860  22.420 0.0000000000
2084  -14.104  -90.451  21.477 0.0000000000
2085  -14.635  -90.028  21.541 0.0000000000
2086  -15.631  -89.781  21.399 0.0000000000
2087  -16.396  -89.836  21.025 0.0000000000
2088  -17.822  -89.985  21.304 0.0000000000
2089  -18.107  -89.332  21.414 0.0000000000
2090  -23.082  -89.705  21.680 0.0000000000
2091  -23.312  -89.978  22.054 0.0000000000
2105  -13.600  -90.011  20.876 0.0000000000
2106  -14.749  -89.231  20.656 0.0000000000
2107  -15.845  -89.331  20.514 0.0000000000
2108  -16.676  -89.678  20.366 0.0000000000
2109  -17.510  -89.792  20.580 0.0000000000
2110  -17.979  -89.158  20.159 0.0000000000
2111  -22.752  -89.721  20.873 0.0000000000
2123  -12.570  -90.083  19.436 0.0000000000
2124  -12.935  -89.720  19.687 0.0000000000
2125  -13.817  -89.258  20.082 0.0000000000
2126  -15.727  -89.047  19.988 0.0000000000
2127  -16.206  -89.203  19.816 0.0000000000
2129  -17.600  -89.265  19.666 0.0000000000
2130  -22.230  -89.708  19.199 0.0000000000
2131  -22.498  -89.815  20.074 0.0000000000
2139  -12.430  -90.021  18.947 0.0000000000
2140  -12.867  -89.300  18.612 0.0000000000
2141  -21.768  -89.448  18.393 0.0000000000
2147  -30.188  -89.551  18.140 0.0000000000
2155  -12.490  -90.032  17.713 0.0000000000
2156  -13.097  -88.993  17.684 0.0000000000
2157  -20.999  -89.132  17.190 0.0000000000
2158  -21.380  -89.180  17.733 0.0000000000
2168  -12.735  -90.189  16.879 0.0000000000
2169  -13.224  -89.424  16.666 0.0000000000
2171  -18.790  -90.264  16.067 0.0000000000
2172  -19.301  -89.723  16.170 0.0000000000
2173  -20.215  -89.418  16.624 0.0000000000
2196  -24.209  -89.761  15.992 0.0000000000
2197  -24.707  -89.975  15.680 0.0000000000
2236  -10.659  -90.372  13.147 0.0000000000
2246  -11.073  -90.372  12.318 0.0000000000
2263  -16.727  -90.166  9.766 0.0000000000
2264  -17.161  -90.057  9.902 0.0000000000
2275  -8.490  -89.131  9.387 0.0000000000
2276  -12.445  -89.083  9.452 0.0000000000
2277  -12.922  -89.253  8.999 0.0000000000
2278  -16.731  -89.944  9.165 0.0000000000
2279  -17.435  -89.618  9.284 0.0000000000
2280  -18.316  -89.683  9.330 0.0000000000
2281  -18.760  -89.973  9.210 0.0000000000
2293  -8.162  -89.375  8.555 0.0000000000
2294  -13.388  -89.478  8.608 0.0000000000
2295  -13.892  -89.641  8.215 0.0000000000
2297  -17.060  -89.683  8.687 0.0000000000
2298  -18.479  -89.299  8.926 0.0000000000
2299  -18.995  -89.623  8.855 0.0000000000
2308  -6.816  -90.093  7.429 0.0000000000
2311  -12.570  -89.078  7.858 0.0000000000
2312  -13.270  -89.217  8.005 0.0000000000
2315  -17.369  -89.479  7.933 0.0000000000
2316  -19.829  -89.736  8.140 0.0000000000
2317  -20.465  -89.211  7.250 0.0000000000
2323  -5.449  -89.155  6.543 0.0000000000
2324  -6.505  -89.580  7.080 0.0000000000
2325  -7.083  -89.195  7.307 0.0000000000
2326  -10.455  -89.426  5.568 0.0000000000
2327  -10.924  -89.417  5.882 0.0000000000
2328  -11.591  -89.381  6.511 0.0000000000
2329  -12.668  -89.323  7.190 0.0000000000
2330  -14.022  -89.430  7.057 0.0000000000
2333  -17.658  -89.422  7.040 0.0000000000
2334  -17.992  -89.247  6.050 0.0000000000
2339  -24.032  -89.374  6.867 0.0000000000
2343  -4.124  -89.071  4.910 0.0000000000
2344  -4.670  -88.708  5.653 0.0000000000
2345  -10.244  -89.771  5.081 0.0000000000
2347  -11.656  -89.909  5.673 0.0000000000
2348  -12.626  -89.758  6.078 0.0000000000
2352  -18.228  -89.103  5.049 0.0000000000
2353  -21.160  -88.928  5.696 0.0000000000
2360  -4.325  -89.236  4.231 0.0000000000
2361  -4.828  -88.735  4.232 0.0000000000
2362  -5.751  -88.954  3.704 0.0000000000
2363  -7.843  -89.110  3.673 0.0000000000
2364  -8.716  -89.241  3.926 0.0000000000
2365  -9.539  -89.575  4.580 0.0000000000
2366  -18.360  -89.014  4.322 0.0000000000
2368  -21.617  -88.860  4.834 0.0000000000
2369  -22.421  -89.086  4.762 0.0000000000
2373  -4.592  -89.357  3.720 0.0000000000
2374  -5.365  -89.415  3.411 0.0000000000
2375  -6.274  -89.562  3.347 0.0000000000
2376  -7.143  -89.457  3.409 0.0000000000
2379  -13.571  -88.987  3.281 0.0000000000
2380  -14.720  -89.054  3.260 0.0000000000
2393  -13.340  -89.333  2.335 0.0000000000
2394  -14.399  -89.337  2.423 0.0000000000
2399  -18.970  -88.657  2.994 0.0000000000
2407  -13.061  -89.341  1.397 0.0000000000
2408  -14.105  -89.368  1.495 0.0000000000
2409  -15.279  -89.372  1.542 0.0000000000
2423  -14.770  -89.281  0.754 0.0000000000
2424  -15.336  -89.196  0.910 0.0000000000
2573  -19.740  -89.078  25.756 0.0000000000
2574  -20.259  -89.095  26.305 0.0000000000
2581  -19.071  -89.342  24.959 0.0000000000
2590  -18.427  -89.013  23.389 0.0000000000
2591  -18.713  -89.528  24.097 0.0000000000
2592  -24.178  -89.582  23.112 0.0000000000
2609  -18.209  -88.547  22.398 0.0000000000
2610  -23.186  -89.049  22.174 0.0000000000
2611  -23.724  -88.813  22.807 0.0000000000
2612  -24.320  -88.385  22.892 0.0000000000
2613  -25.891  -88.456  23.341 0.0000000000
2614  -26.288  -88.306  23.196 0.0000000000
2627  -18.210  -88.147  21.283 0.0000000000
2628  -22.271  -87.847  20.901 0.0000000000
2629  -22.804  -88.499  21.500 0.0000000000
2641  -14.983  -88.843  20.044 0.0000000000
2642  -15.347  -88.996  20.168 0.0000000000
2643  -18.140  -88.480  20.304 0.0000000000
2644  -22.302  -88.154  20.136 0.0000000000
2645  -22.609  -88.911  20.784 0.0000000000
2656  -13.603  -88.943  19.236 0.0000000000
2657  -14.470  -88.851  19.716 0.0000000000
2658  -15.404  -88.828  19.479 0.0000000000
2660  -17.177  -88.929  19.004 0.0000000000
2661  -17.884  -88.631  19.292 0.0000000000
2662  -22.287  -88.824  19.351 0.0000000000
2663  -22.492  -88.901  20.107 0.0000000000
2673  -13.473  -88.686  18.410 0.0000000000
2674  -14.415  -88.404  18.723 0.0000000000
2677  -17.433  -88.332  18.306 0.0000000000
2678  -17.923  -87.960  18.596 0.0000000000
2679  -21.917  -88.351  18.541 0.0000000000
2689  -13.796  -88.357  17.706 0.0000000000
2694  -21.063  -88.479  17.112 0.0000000000
2695  -21.407  -88.373  17.693 0.0000000000
2696  -30.618  -88.905  17.900 0.0000000000
2701  -13.460  -88.682  17.151 0.0000000000
2704  -20.589  -88.225  16.547 0.0000000000
2705  -21.082  -88.165  17.097 0.0000000000
2773  -12.465  -87.876  12.490 0.0000000000
2802  -12.466  -87.913  10.707 0.0000000000
2810  -9.095  -88.770  9.989 0.0000000000
2813  -12.477  -88.797  9.098 0.0000000000
2814  -17.918  -89.128  9.106 0.0000000000
2815  -18.031  -89.162  8.984 0.0000000000
2822  -9.041  -88.353  8.882 0.0000000000
2823  -9.511  -87.732  9.370 0.0000000000
2824  -12.053  -87.767  8.381 0.0000000000
2825  -12.270  -88.401  8.801 0.0000000000
2826  -12.786  -89.124  8.663 0.0000000000
2827  -17.776  -89.086  8.469 0.0000000000
2828  -18.630  -88.922  8.450 0.0000000000
2829  -19.325  -89.123  8.348 0.0000000000
2838  -7.611  -88.609  7.470 0.0000000000
2839  -8.280  -88.733  8.121 0.0000000000
2840  -11.863  -88.022  7.803 0.0000000000
2841  -12.300  -88.698  8.219 0.0000000000
2842  -12.581  -88.998  8.444 0.0000000000
2843  -17.764  -88.893  7.477 0.0000000000
2844  -18.410  -88.629  7.556 0.0000000000
2845  -19.511  -88.701  7.552 0.0000000000
2846  -20.039  -88.759  7.100 0.0000000000
2850  -5.302  -88.468  6.063 0.0000000000
2851  -5.996  -88.587  6.433 0.0000000000
2852  -6.806  -88.618  6.842 0.0000000000
2853  -10.446  -89.148  5.848 0.0000000000
2854  -10.686  -88.794  6.249 0.0000000000
2855  -11.420  -88.564  7.184 0.0000000000
2856  -12.071  -88.838  7.757 0.0000000000
2857  -17.774  -88.898  7.082 0.0000000000
2858  -18.113  -88.693  6.779 0.0000000000
2860  -20.086  -88.547  6.519 0.0000000000
2865  -5.130  -88.300  5.575 0.0000000000
2866  -5.687  -88.051  5.515 0.0000000000
2867  -9.948  -88.928  5.492 0.0000000000
2869  -13.400  -88.068  5.078 0.0000000000
2870  -13.710  -88.027  5.159 0.0000000000
2871  -15.643  -88.149  5.181 0.0000000000
2872  -15.939  -88.161  5.207 0.0000000000
2873  -18.612  -88.575  5.710 0.0000000000
2875  -20.760  -88.581  5.447 0.0000000000
2876  -21.292  -88.732  5.028 0.0000000000
2880  -5.072  -88.158  4.997 0.0000000000
2881  -5.943  -88.242  4.318 0.0000000000
2882  -7.048  -88.404  3.770 0.0000000000
2883  -8.127  -88.258  4.076 0.0000000000
2884  -9.101  -88.389  4.624 0.0000000000
2885  -12.044  -88.260  4.074 0.0000000000
2886  -12.719  -88.313  4.372 0.0000000000
2887  -13.444  -88.268  4.747 0.0000000000
2888  -14.502  -88.253  4.894 0.0000000000
2889  -15.583  -88.324  4.813 0.0000000000
2890  -16.398  -88.066  4.678 0.0000000000
2893  -21.063  -88.490  4.722 0.0000000000
2894  -21.360  -88.723  4.792 0.0000000000
2898  -6.482  -88.912  3.605 0.0000000000
2899  -6.880  -88.914  3.528 0.0000000000
2900  -11.655  -88.728  3.256 0.0000000000
2902  -13.287  -88.593  4.053 0.0000000000
2903  -14.114  -88.634  4.041 0.0000000000
2904  -15.169  -88.755  4.025 0.0000000000
2905  -16.337  -88.578  3.660 0.0000000000
2909  -21.381  -87.987  4.460 0.0000000000
2910  -22.155  -88.144  4.525 0.0000000000
2930  -15.669  -89.070  1.063 0.0000000000
3157  -19.697  -88.315  26.062 0.0000000000
3158  -20.223  -88.667  26.339 0.0000000000
3175  -18.614  -88.761  24.393 0.0000000000
3176  -25.030  -88.402  23.159 0.0000000000
3177  -25.536  -88.433  23.270 0.0000000000
3178  -26.819  -88.415  23.412 0.0000000000
3193  -18.030  -87.436  22.256 0.0000000000
3194  -23.183  -88.077  21.964 0.0000000000
3197  -25.632  -88.029  22.729 0.0000000000
3198  -26.734  -87.963  22.772 0.0000000000
3214  -18.110  -87.323  21.172 0.0000000000
3216  -22.697  -87.560  21.322 0.0000000000
3217  -25.101  -87.508  21.823 0.0000000000
3218  -26.038  -87.504  21.645 0.0000000000
3233  -18.178  -87.717  20.498 0.0000000000
3234  -22.114  -87.087  20.139 0.0000000000
3235  -26.153  -87.320  21.095 0.0000000000
3236  -26.607  -87.363  21.057 0.0000000000
3249  -18.074  -87.673  19.463 0.0000000000
3250  -21.922  -87.554  19.228 0.0000000000
3262  -18.029  -87.189  18.252 0.0000000000
3263  -21.653  -87.655  18.333 0.0000000000
3264  -31.329  -87.629  18.252 0.0000000000
3279  -21.372  -87.402  17.856 0.0000000000
3280  -31.307  -87.739  17.055 0.0000000000
3292  -20.783  -87.068  16.498 0.0000000000
3293  -21.138  -87.556  17.147 0.0000000000
3311  -20.142  -87.252  15.822 0.0000000000
3366  -10.212  -86.590  12.151 0.0000000000
3379  -10.345  -86.833  11.843 0.0000000000
3396  -10.387  -86.932  11.417 0.0000000000
3421  -8.877  -87.255  8.269 0.0000000000
3422  -9.507  -87.096  8.957 0.0000000000
3437  -7.900  -87.487  7.106 0.0000000000
3438  -8.270  -87.822  7.926 0.0000000000
3451  -6.501  -87.944  6.034 0.0000000000
3452  -7.255  -87.803  6.608 0.0000000000
3453  -10.681  -87.682  6.425 0.0000000000
3454  -11.220  -87.367  7.282 0.0000000000
3455  -15.053  -87.420  6.224 0.0000000000
3456  -15.961  -87.513  6.309 0.0000000000
3457  -16.428  -87.240  6.102 0.0000000000
3460  -23.771  -87.881  6.078 0.0000000000
3461  -24.172  -88.157  5.867 0.0000000000
3467  -6.469  -87.634  5.041 0.0000000000
3468  -7.139  -87.340  5.679 0.0000000000
3469  -8.986  -87.312  4.951 0.0000000000
3470  -9.576  -87.605  5.236 0.0000000000
3472  -12.779  -87.358  5.001 0.0000000000
3473  -13.161  -87.786  5.135 0.0000000000
3474  -14.157  -87.597  5.640 0.0000000000
3475  -15.402  -87.931  5.510 0.0000000000
3476  -16.384  -87.642  5.493 0.0000000000
3477  -16.962  -87.129  5.224 0.0000000000
3478  -22.939  -87.013  6.004 0.0000000000
3479  -23.259  -87.377  5.635 0.0000000000
3480  -24.100  -87.899  5.398 0.0000000000
3484  -6.688  -87.849  4.395 0.0000000000
3485  -7.461  -87.438  4.707 0.0000000000
3486  -8.489  -87.449  4.669 0.0000000000
3487  -9.051  -87.669  4.813 0.0000000000
3488  -11.948  -87.980  4.176 0.0000000000
3489  -12.374  -87.678  4.396 0.0000000000
3490  -12.852  -88.070  4.775 0.0000000000
3491  -14.785  -87.971  5.293 0.0000000000
3492  -15.069  -88.092  5.113 0.0000000000
3493  -16.823  -87.514  4.767 0.0000000000
3494  -17.333  -87.000  4.514 0.0000000000
3495  -23.349  -87.534  4.868 0.0000000000
3499  -11.697  -87.981  3.854 0.0000000000
3500  -11.822  -87.474  3.568 0.0000000000
3501  -17.020  -87.704  3.935 0.0000000000
3504  -20.891  -87.555  4.171 0.0000000000
3505  -21.566  -87.547  4.502 0.0000000000
3513  -11.324  -87.688  2.868 0.0000000000
3517  -19.812  -87.597  2.865 0.0000000000
3518  -20.445  -87.357  3.556 0.0000000000
3519  -21.071  -87.281  4.195 0.0000000000
3520  -21.315  -87.332  4.421 0.0000000000
3531  -19.993  -87.183  2.807 0.0000000000
3763  -23.027  -87.420  21.511 0.0000000000
3764  -23.353  -87.326  21.710 0.0000000000
3779  -22.820  -86.622  21.147 0.0000000000
3782  -25.187  -87.087  21.183 0.0000000000
3799  -25.875  -87.037  20.627 0.0000000000
3800  -26.941  -86.925  20.365 0.0000000000
3817  -21.380  -86.319  19.637 0.0000000000
3823  -31.879  -87.109  19.132 0.0000000000
3824  -32.680  -87.045  19.836 0.0000000000
3837  -21.331  -86.769  18.539 0.0000000000
3838  -31.500  -86.916  18.506 0.0000000000
3849  -21.120  -86.682  17.572 0.0000000000
3850  -30.807  -86.497  17.143 0.0000000000
3851  -31.018  -86.837  17.542 0.0000000000
3862  -21.104  -86.873  16.975 0.0000000000
3863  -30.759  -86.515  16.508 0.0000000000
3864  -31.276  -87.287  16.246 0.0000000000
3880  -31.277  -86.788  15.229 0.0000000000
3881  -31.595  -87.482  15.222 0.0000000000
3961  -10.235  -86.810  10.129 0.0000000000
4004  -8.043  -87.043  6.940 0.0000000000
4005  -8.415  -86.691  7.320 0.0000000000
4008  -14.321  -86.111  7.021 0.0000000000
4009  -14.910  -86.334  7.357 0.0000000000
4010  -15.779  -86.378  7.466 0.0000000000
4023  -7.765  -86.983  6.463 0.0000000000
4024  -8.380  -86.313  6.160 0.0000000000
4025  -10.105  -86.055  6.266 0.0000000000
4028  -13.626  -86.585  6.019 0.0000000000
4029  -14.268  -86.726  6.499 0.0000000000
4030  -15.440  -86.985  6.898 0.0000000000
4031  -16.496  -86.582  6.620 0.0000000000
4032  -17.021  -85.797  6.234 0.0000000000
4033  -20.695  -86.402  6.126 0.0000000000
4034  -21.951  -87.022  6.325 0.0000000000
4035  -22.628  -87.024  6.108 0.0000000000
4036  -26.840  -86.267  6.652 0.0000000000
4044  -7.840  -86.864  5.409 0.0000000000
4045  -8.768  -86.699  5.312 0.0000000000
4046  -9.828  -86.582  5.835 0.0000000000
4047  -10.383  -87.014  6.082 0.0000000000
4048  -12.651  -87.074  4.815 0.0000000000
4049  -13.131  -86.877  5.442 0.0000000000
4050  -13.724  -86.971  5.968 0.0000000000
4051  -16.732  -87.009  5.799 0.0000000000
4052  -17.157  -86.242  5.379 0.0000000000
4053  -20.606  -86.312  5.207 0.0000000000
4054  -21.432  -86.732  5.413 0.0000000000
4055  -22.536  -86.971  5.505 0.0000000000
4056  -23.104  -86.994  5.119 0.0000000000
4057  -27.318  -86.438  5.486 0.0000000000
4063  -7.766  -87.084  5.007 0.0000000000
4064  -8.022  -87.009  4.959 0.0000000000
4065  -12.524  -86.970  4.345 0.0000000000
4066  -12.811  -86.648  4.683 0.0000000000
4067  -17.763  -86.226  4.243 0.0000000000
4068  -20.335  -86.122  4.663 0.0000000000
4069  -20.887  -86.615  4.679 0.0000000000
4070  -21.738  -86.974  4.868 0.0000000000
4071  -22.637  -87.083  4.889 0.0000000000
4080  -6.847  -86.227  3.260 0.0000000000
4081  -12.293  -87.127  3.842 0.0000000000
4082  -12.865  -86.538  3.846 0.0000000000
4083  -13.719  -86.296  3.273 0.0000000000
4084  -18.186  -86.337  3.554 0.0000000000
4085  -18.592  -86.180  3.329 0.0000000000
4086  -20.371  -86.393  4.048 0.0000000000
4087  -20.977  -86.884  4.187 0.0000000000
4088  -21.793  -87.268  4.681 0.0000000000
4089  -22.645  -87.369  4.737 0.0000000000
4096  -7.258  -86.681  2.665 0.0000000000
4098  -12.032  -87.030  2.968 0.0000000000
4099  -13.233  -86.560  2.691 0.0000000000
4100  -14.240  -86.307  2.365 0.0000000000
4102  -18.865  -86.413  2.799 0.0000000000
4103  -19.362  -86.535  2.716 0.0000000000
4104  -20.137  -86.687  3.194 0.0000000000
4105  -20.956  -87.044  4.011 0.0000000000
4106  -21.374  -87.120  4.389 0.0000000000
4118  -13.818  -86.304  1.793 0.0000000000
4119  -14.361  -86.368  1.824 0.0000000000
4336  -25.641  -85.458  26.740 0.0000000000
4385  -23.138  -85.708  20.851 0.0000000000
4386  -23.659  -86.254  21.006 0.0000000000
4402  -23.338  -85.301  20.533 0.0000000000
4403  -23.839  -85.822  20.498 0.0000000000
4421  -24.573  -85.769  19.691 0.0000000000
4422  -25.645  -85.943  19.266 0.0000000000
4423  -26.697  -85.727  19.173 0.0000000000
4424  -27.802  -85.115  19.341 0.0000000000
4427  -31.760  -86.681  18.956 0.0000000000
4429  -33.347  -86.365  19.727 0.0000000000
4441  -25.101  -85.443  18.829 0.0000000000
4442  -26.014  -85.344  18.586 0.0000000000
4443  -26.956  -84.936  18.722 0.0000000000
4444  -27.485  -84.619  18.891 0.0000000000
4445  -30.950  -85.753  18.010 0.0000000000
4446  -31.467  -86.130  18.639 0.0000000000
4448  -33.861  -85.623  19.333 0.0000000000
4461  -30.747  -86.100  17.363 0.0000000000
4462  -30.986  -86.219  17.919 0.0000000000
4551  -30.998  -85.874  12.244 0.0000000000
4552  -31.285  -86.305  12.575 0.0000000000
4611  -15.049  -84.852  8.171 0.0000000000
4612  -15.853  -85.032  8.301 0.0000000000
4613  -16.322  -84.927  8.104 0.0000000000
4626  -8.940  -85.846  6.829 0.0000000000
4631  -14.535  -85.434  7.384 0.0000000000
4632  -15.415  -85.709  7.913 0.0000000000
4633  -16.372  -85.573  7.654 0.0000000000
4638  -26.342  -85.919  7.117 0.0000000000
4646  -8.937  -86.016  6.173 0.0000000000
4647  -9.558  -85.883  6.403 0.0000000000
4650  -13.736  -86.303  6.264 0.0000000000
4651  -13.911  -85.811  6.509 0.0000000000
4652  -16.816  -85.661  6.841 0.0000000000
4653  -17.123  -85.232  6.483 0.0000000000
4654  -20.051  -85.658  6.396 0.0000000000
4655  -25.741  -85.264  6.804 0.0000000000
4656  -26.218  -85.689  6.665 0.0000000000
4662  -8.782  -86.219  5.835 0.0000000000
4664  -13.470  -86.123  5.823 0.0000000000
4665  -13.823  -85.439  5.611 0.0000000000
4666  -17.418  -85.221  5.820 0.0000000000
4667  -19.558  -85.106  5.219 0.0000000000
4668  -19.957  -85.479  5.356 0.0000000000
4669  -25.958  -85.272  6.095 0.0000000000
4670  -26.534  -85.854  5.776 0.0000000000
4673  -13.215  -86.019  4.895 0.0000000000
4674  -13.905  -85.342  4.634 0.0000000000
4675  -17.931  -85.336  4.881 0.0000000000
4676  -18.731  -85.213  4.480 0.0000000000
4677  -19.420  -85.298  4.703 0.0000000000
4678  -19.974  -85.851  4.300 0.0000000000
4679  -26.215  -85.268  5.316 0.0000000000
4680  -26.713  -85.778  4.592 0.0000000000
4688  -13.623  -85.966  4.035 0.0000000000
4689  -14.320  -85.471  3.454 0.0000000000
4690  -18.391  -85.812  3.976 0.0000000000
4691  -19.086  -85.814  3.568 0.0000000000
4692  -19.660  -85.948  3.771 0.0000000000
4693  -20.013  -86.209  3.704 0.0000000000
4706  -19.208  -86.286  3.027 0.0000000000
4707  -19.552  -86.261  3.239 0.0000000000
4708  -19.829  -86.271  3.423 0.0000000000
4963  -25.113  -84.702  26.429 0.0000000000
4964  -26.062  -84.787  26.607 0.0000000000
4978  -22.610  -84.115  25.855 0.0000000000
5021  -22.590  -84.789  20.632 0.0000000000
5022  -23.084  -84.968  20.567 0.0000000000
5036  -22.874  -84.498  20.349 0.0000000000
5037  -23.374  -84.812  20.106 0.0000000000
5038  -23.876  -85.376  19.993 0.0000000000
5058  -23.551  -84.530  19.303 0.0000000000
5059  -23.843  -85.109  19.571 0.0000000000
5060  -27.862  -84.306  18.967 0.0000000000
5079  -23.699  -84.491  18.917 0.0000000000
5080  -24.176  -84.842  18.772 0.0000000000
5081  -25.263  -84.807  18.310 0.0000000000
5082  -26.307  -84.438  18.150 0.0000000000
5083  -27.329  -84.132  18.475 0.0000000000
5085  -30.908  -85.452  18.011 0.0000000000
5086  -31.183  -85.393  18.250 0.0000000000
5087  -32.000  -85.197  18.660 0.0000000000
5088  -33.124  -85.019  18.828 0.0000000000
5104  -24.672  -84.362  18.134 0.0000000000
5105  -25.393  -84.127  17.785 0.0000000000
5106  -26.137  -83.726  17.712 0.0000000000
5107  -30.692  -85.261  17.708 0.0000000000
5110  -33.440  -84.356  18.289 0.0000000000
5111  -34.452  -84.370  18.112 0.0000000000
5112  -35.137  -84.315  17.930 0.0000000000
5230  -14.867  -83.947  8.262 0.0000000000
5231  -15.520  -84.219  8.443 0.0000000000
5232  -16.191  -84.338  8.292 0.0000000000
5247  -14.506  -84.300  7.581 0.0000000000
5248  -16.682  -84.515  7.650 0.0000000000
5249  -17.012  -84.419  7.049 0.0000000000
5251  -19.929  -84.473  6.967 0.0000000000
5252  -24.365  -84.076  7.711 0.0000000000
5254  -25.353  -84.922  7.244 0.0000000000
5261  -14.172  -84.655  6.430 0.0000000000
5262  -16.922  -84.993  7.049 0.0000000000
5263  -17.284  -84.477  6.430 0.0000000000
5264  -19.802  -84.042  6.538 0.0000000000
5265  -19.778  -84.887  6.221 0.0000000000
5266  -24.982  -84.357  6.930 0.0000000000
5267  -25.503  -84.756  6.486 0.0000000000
5274  -14.155  -84.695  5.326 0.0000000000
5275  -17.873  -84.359  5.572 0.0000000000
5276  -18.680  -84.187  5.471 0.0000000000
5277  -19.428  -84.571  5.575 0.0000000000
5278  -19.662  -84.989  5.682 0.0000000000
5279  -25.209  -84.222  6.183 0.0000000000
5280  -25.667  -84.645  5.576 0.0000000000
5288  -14.350  -84.525  4.456 0.0000000000
5289  -18.469  -84.752  5.098 0.0000000000
5290  -19.052  -84.757  5.037 0.0000000000
5291  -19.322  -84.906  5.135 0.0000000000
5292  -26.003  -84.776  4.564 0.0000000000
5293  -26.396  -85.238  3.851 0.0000000000
5302  -14.666  -84.454  3.684 0.0000000000
5303  -25.171  -84.199  2.621 0.0000000000
5304  -25.880  -84.652  3.365 0.0000000000
5305  -26.373  -85.232  3.347 0.0000000000
5317  -14.887  -84.758  2.961 0.0000000000
5318  -15.060  -84.823  2.229 0.0000000000
5319  -24.895  -84.352  1.837 0.0000000000
5333  -23.915  -84.395  0.707 0.0000000000
5348  -21.737  -84.199  -0.106 0.0000000000
5349  -22.220  -84.382  -0.192 0.0000000000
5350  -23.136  -84.504  -0.005 0.0000000000
5608  -26.532  -84.104  26.470 0.0000000000
5609  -27.056  -84.170  26.511 0.0000000000
5622  -22.073  -83.339  25.457 0.0000000000
5623  -23.182  -83.702  25.735 0.0000000000
5624  -24.405  -83.903  26.147 0.0000000000
5627  -27.256  -83.652  26.148 0.0000000000
5640  -21.639  -82.844  25.265 0.0000000000
5684  -22.952  -84.194  20.046 0.0000000000
5701  -22.965  -83.846  19.625 0.0000000000
5719  -23.544  -84.009  18.702 0.0000000000
5720  -24.130  -84.163  18.273 0.0000000000
5721  -26.836  -83.692  17.941 0.0000000000
5722  -27.549  -83.001  18.261 0.0000000000
5731  -23.919  -83.793  18.143 0.0000000000
5732  -24.492  -83.715  17.735 0.0000000000
5733  -25.484  -83.277  17.437 0.0000000000
5734  -26.541  -82.950  17.592 0.0000000000
5735  -27.160  -82.367  17.722 0.0000000000
5739  -33.636  -83.739  17.656 0.0000000000
5740  -34.581  -83.803  17.412 0.0000000000
5741  -35.446  -83.762  17.471 0.0000000000
5753  -33.761  -83.160  16.916 0.0000000000
5754  -34.730  -83.223  16.457 0.0000000000
5755  -35.737  -83.280  16.642 0.0000000000
5838  -15.227  -83.414  8.548 0.0000000000
5839  -15.987  -83.538  8.626 0.0000000000
5840  -19.729  -82.988  8.794 0.0000000000
5851  -16.679  -83.504  8.024 0.0000000000
5852  -17.163  -83.734  7.085 0.0000000000
5854  -24.094  -83.438  7.538 0.0000000000
5855  -24.538  -84.033  7.301 0.0000000000
5863  -14.314  -83.441  6.957 0.0000000000
5864  -17.684  -83.658  6.247 0.0000000000
5865  -19.146  -83.129  6.468 0.0000000000
5866  -19.474  -83.237  7.002 0.0000000000
5867  -24.251  -83.103  6.810 0.0000000000
5868  -24.667  -83.601  6.522 0.0000000000
5876  -14.423  -83.509  5.473 0.0000000000
5877  -18.258  -83.601  5.858 0.0000000000
5878  -18.895  -83.511  5.967 0.0000000000
5879  -19.406  -83.635  6.266 0.0000000000
5880  -25.237  -83.802  5.353 0.0000000000
5881  -25.592  -84.367  5.047 0.0000000000
5889  -14.693  -83.668  4.190 0.0000000000
5890  -25.321  -83.716  4.438 0.0000000000
5891  -25.534  -84.186  4.701 0.0000000000
5901  -14.925  -83.782  3.340 0.0000000000
5902  -15.018  -83.463  2.706 0.0000000000
5903  -25.129  -83.656  3.476 0.0000000000
5904  -25.599  -84.190  4.103 0.0000000000
5914  -15.062  -84.147  2.669 0.0000000000
5915  -15.169  -83.940  2.092 0.0000000000
5916  -23.603  -83.298  1.704 0.0000000000
5917  -24.241  -83.489  2.172 0.0000000000
5927  -15.049  -83.579  1.387 0.0000000000
5928  -20.662  -82.945  0.761 0.0000000000
5929  -21.062  -83.111  0.764 0.0000000000
5930  -22.005  -83.291  0.746 0.0000000000
5931  -23.221  -83.594  1.022 0.0000000000
5932  -24.206  -84.129  1.335 0.0000000000
5940  -14.948  -83.570  0.599 0.0000000000
5941  -15.093  -84.371  0.728 0.0000000000
5942  -19.909  -83.184  -0.068 0.0000000000
5943  -20.418  -83.200  0.322 0.0000000000
5945  -22.183  -83.926  0.291 0.0000000000
5946  -22.684  -84.156  0.277 0.0000000000
5956  -15.055  -84.412  0.075 0.0000000000
5974  -21.176  -83.462  -2.185 0.0000000000
5975  -21.621  -83.501  -2.434 0.0000000000
5986  -21.763  -83.891  -2.679 0.0000000000
6263  -23.857  -82.799  25.942 0.0000000000
6264  -24.907  -82.687  26.005 0.0000000000
6284  -22.006  -82.413  25.091 0.0000000000
6332  -22.631  -83.227  19.546 0.0000000000
6351  -22.369  -82.338  19.041 0.0000000000
6352  -22.856  -82.920  18.843 0.0000000000
6353  -27.782  -81.939  17.933 0.0000000000
6365  -23.661  -83.218  17.949 0.0000000000
6366  -24.486  -82.645  17.131 0.0000000000
6367  -25.772  -82.352  17.061 0.0000000000
6368  -26.618  -82.089  17.357 0.0000000000
6369  -27.209  -81.775  17.558 0.0000000000
6375  -24.543  -82.023  16.790 0.0000000000
6376  -25.045  -82.010  16.754 0.0000000000
6402  -36.525  -82.111  14.143 0.0000000000
6489  -17.377  -82.803  7.726 0.0000000000
6490  -18.093  -82.366  7.267 0.0000000000
6491  -18.922  -82.331  7.561 0.0000000000
6507  -14.495  -82.324  6.530 0.0000000000
6508  -17.819  -83.064  6.820 0.0000000000
6509  -18.566  -82.904  6.620 0.0000000000
6510  -19.051  -82.860  6.887 0.0000000000
6511  -23.834  -82.576  6.802 0.0000000000
6512  -24.348  -82.850  6.289 0.0000000000
6525  -14.787  -82.265  5.467 0.0000000000
6526  -18.088  -83.148  6.196 0.0000000000
6527  -18.448  -83.211  6.088 0.0000000000
6528  -24.008  -82.200  5.479 0.0000000000
6529  -24.703  -83.010  5.668 0.0000000000
6544  -14.937  -82.589  4.371 0.0000000000
6545  -15.102  -82.178  3.686 0.0000000000
6546  -23.936  -82.241  4.102 0.0000000000
6547  -24.775  -82.964  4.543 0.0000000000
6563  -14.869  -83.194  3.805 0.0000000000
6564  -14.982  -82.786  3.303 0.0000000000
6565  -22.802  -82.238  2.663 0.0000000000
6566  -23.454  -82.364  3.130 0.0000000000
6567  -24.328  -82.820  3.303 0.0000000000
6579  -20.828  -82.155  1.717 0.0000000000
6580  -21.276  -82.218  1.848 0.0000000000
6581  -22.259  -82.349  2.056 0.0000000000
6582  -23.290  -82.813  1.963 0.0000000000
6583  -23.852  -82.838  2.630 0.0000000000
6595  -20.071  -82.378  1.009 0.0000000000
6596  -20.548  -82.529  1.193 0.0000000000
6597  -21.618  -82.723  1.331 0.0000000000
6598  -22.609  -82.893  1.366 0.0000000000
6599  -23.072  -83.053  1.414 0.0000000000
6608  -19.170  -82.155  0.214 0.0000000000
6609  -19.780  -82.613  0.469 0.0000000000
6610  -20.240  -82.790  0.667 0.0000000000
6619  -18.994  -82.481  -0.583 0.0000000000
6636  -21.798  -82.928  -2.082 0.0000000000
6651  -20.246  -83.242  -2.154 0.0000000000
6652  -21.895  -83.501  -2.568 0.0000000000
6653  -22.469  -83.354  -2.929 0.0000000000
6666  -22.999  -82.801  -3.869 0.0000000000
6676  -23.637  -82.435  -4.359 0.0000000000
6998  -25.317  -81.933  25.585 0.0000000000
7019  -25.855  -81.601  24.874 0.0000000000
7088  -21.917  -81.709  18.949 0.0000000000
7089  -22.509  -82.025  18.522 0.0000000000
7108  -22.329  -81.287  18.135 0.0000000000
7109  -23.152  -81.950  17.482 0.0000000000
7110  -24.055  -81.955  16.806 0.0000000000
7111  -26.274  -81.822  16.959 0.0000000000
7112  -26.778  -81.289  17.037 0.0000000000
7127  -23.746  -81.378  16.669 0.0000000000
7128  -24.599  -81.447  16.482 0.0000000000
7129  -25.788  -81.399  16.571 0.0000000000
7130  -26.373  -80.949  16.611 0.0000000000
7147  -37.169  -81.759  15.010 0.0000000000
7163  -37.248  -81.653  14.153 0.0000000000
7178  -34.641  -82.187  13.048 0.0000000000
7219  -19.624  -81.724  10.596 0.0000000000
7231  -15.844  -81.075  9.305 0.0000000000
7232  -16.829  -81.250  9.439 0.0000000000
7233  -17.984  -81.441  9.295 0.0000000000
7248  -17.344  -82.115  8.513 0.0000000000
7249  -18.185  -81.939  8.479 0.0000000000
7251  -22.773  -81.486  8.245 0.0000000000
7263  -18.174  -82.088  7.894 0.0000000000
7264  -18.545  -81.922  8.055 0.0000000000
7265  -22.719  -81.328  7.065 0.0000000000
7266  -23.278  -82.015  7.413 0.0000000000
7284  -22.697  -81.131  6.140 0.0000000000
7285  -23.339  -81.702  6.409 0.0000000000
7293  -14.824  -81.438  5.965 0.0000000000
7294  -22.557  -81.059  5.509 0.0000000000
7295  -23.092  -81.394  5.449 0.0000000000
7307  -15.087  -81.452  4.895 0.0000000000
7308  -15.151  -81.672  4.020 0.0000000000
7309  -21.655  -80.756  4.419 0.0000000000
7310  -22.333  -81.068  4.685 0.0000000000
7311  -23.306  -81.638  4.463 0.0000000000
7327  -19.766  -80.802  3.032 0.0000000000
7328  -20.311  -81.033  3.088 0.0000000000
7329  -21.414  -81.073  3.542 0.0000000000
7330  -22.649  -81.673  3.407 0.0000000000
7331  -23.373  -81.918  3.760 0.0000000000
7345  -18.932  -80.845  2.014 0.0000000000
7346  -19.601  -81.132  2.322 0.0000000000
7347  -20.696  -81.710  2.090 0.0000000000
7348  -21.796  -81.782  2.583 0.0000000000
7349  -22.383  -81.985  2.678 0.0000000000
7361  -18.968  -81.378  1.342 0.0000000000
7362  -19.936  -81.931  1.308 0.0000000000
7363  -20.392  -82.049  1.528 0.0000000000
7372  -18.623  -81.583  0.274 0.0000000000
7373  -19.311  -81.909  0.704 0.0000000000
7383  -18.484  -81.774  -0.704 0.0000000000
7396  -18.434  -82.143  -1.475 0.0000000000
7418  -11.480  -81.546  -4.585 0.0000000000
7419  -11.853  -81.856  -4.020 0.0000000000
7420  -12.820  -82.163  -3.334 0.0000000000
7430  -11.303  -81.682  -4.837 0.0000000000
7431  -11.548  -82.219  -4.321 0.0000000000
7435  -23.514  -82.054  -4.305 0.0000000000
7845  -25.908  -80.089  22.689 0.0000000000
7899  -21.871  -81.036  18.401 0.0000000000
7918  -21.898  -80.454  17.843 0.0000000000
7919  -22.597  -80.708  17.353 0.0000000000
7920  -26.706  -80.611  16.682 0.0000000000
7921  -27.327  -80.306  17.062 0.0000000000
7936  -23.184  -80.760  16.764 0.0000000000
7937  -24.002  -80.551  16.270 0.0000000000
7938  -25.086  -80.524  16.088 0.0000000000
7939  -26.125  -80.387  16.294 0.0000000000
7940  -26.795  -80.028  16.517 0.0000000000
8013  -21.810  -80.588  11.282 0.0000000000
8014  -22.354  -81.028  11.075 0.0000000000
8031  -18.267  -80.008  10.307 0.0000000000
8032  -18.899  -80.229  10.541 0.0000000000
8033  -19.503  -80.630  10.803 0.0000000000
8034  -22.039  -80.206  10.774 0.0000000000
8035  -22.396  -80.512  10.485 0.0000000000
8049  -15.574  -80.442  9.174 0.0000000000
8050  -16.298  -80.310  9.596 0.0000000000
8051  -17.428  -80.239  10.008 0.0000000000
8052  -18.452  -80.735  10.038 0.0000000000
8053  -19.143  -80.930  10.298 0.0000000000
8054  -22.058  -79.703  9.603 0.0000000000
8055  -22.396  -80.165  9.567 0.0000000000
8069  -14.962  -80.379  8.390 0.0000000000
8070  -21.990  -79.720  8.992 0.0000000000
8089  -14.881  -80.066  7.127 0.0000000000
8110  -14.800  -80.646  6.478 0.0000000000
8111  -14.954  -79.987  6.381 0.0000000000
8113  -22.315  -80.746  6.643 0.0000000000
8122  -14.954  -80.521  5.513 0.0000000000
8123  -14.958  -80.205  6.036 0.0000000000
8124  -19.848  -79.938  4.725 0.0000000000
8125  -20.465  -79.971  5.072 0.0000000000
8126  -21.300  -80.129  5.581 0.0000000000
8127  -22.115  -80.646  5.747 0.0000000000
8144  -15.181  -81.154  4.297 0.0000000000
8145  -18.856  -80.072  3.802 0.0000000000
8146  -19.459  -80.173  4.143 0.0000000000
8147  -20.209  -80.343  4.328 0.0000000000
8148  -21.060  -80.483  4.526 0.0000000000
8149  -21.709  -80.597  4.989 0.0000000000
8167  -18.178  -79.789  3.340 0.0000000000
8168  -18.508  -80.104  3.246 0.0000000000
8169  -19.228  -80.478  3.123 0.0000000000
8170  -19.915  -80.607  3.600 0.0000000000
8171  -20.591  -80.670  3.801 0.0000000000
8187  -18.060  -79.884  2.828 0.0000000000
8188  -18.563  -80.421  2.456 0.0000000000
8189  -19.093  -80.691  2.464 0.0000000000
8201  -14.010  -80.319  0.527 0.0000000000
8202  -14.231  -80.813  0.925 0.0000000000
8214  -14.033  -80.585  0.019 0.0000000000
8215  -14.258  -81.229  0.149 0.0000000000
8231  -14.156  -81.235  -0.342 0.0000000000
8265  -11.611  -81.203  -4.459 0.0000000000
8266  -12.158  -80.890  -3.792 0.0000000000
8276  -11.424  -81.160  -4.930 0.0000000000
8277  -11.788  -80.455  -4.995 0.0000000000
8279  -17.470  -80.714  -4.543 0.0000000000
8280  -18.399  -80.872  -4.808 0.0000000000
8281  -18.958  -80.482  -4.696 0.0000000000
8282  -24.635  -80.569  -5.166 0.0000000000
8287  -11.444  -80.844  -5.566 0.0000000000
8288  -12.155  -80.203  -6.168 0.0000000000
8289  -17.120  -80.282  -5.009 0.0000000000
8290  -17.564  -80.443  -5.310 0.0000000000
8755  -25.135  -78.843  21.867 0.0000000000
8792  -21.622  -79.530  17.614 0.0000000000
8793  -22.357  -79.600  17.062 0.0000000000
8794  -22.802  -80.174  16.868 0.0000000000
8795  -27.915  -79.381  17.221 0.0000000000
8808  -22.730  -79.069  16.676 0.0000000000
8809  -23.228  -79.588  16.443 0.0000000000
8810  -24.423  -79.409  15.800 0.0000000000
8811  -25.540  -79.656  15.795 0.0000000000
8812  -26.443  -79.377  16.058 0.0000000000
8813  -27.242  -79.367  16.602 0.0000000000
8830  -24.716  -78.769  15.633 0.0000000000
8831  -25.181  -78.935  15.609 0.0000000000
8832  -25.844  -79.016  15.657 0.0000000000
8894  -19.844  -80.353  11.038 0.0000000000
8895  -20.313  -80.146  11.187 0.0000000000
8896  -21.090  -80.040  11.186 0.0000000000
8912  -17.962  -79.382  10.236 0.0000000000
8914  -19.592  -79.654  10.815 0.0000000000
8915  -20.761  -79.288  10.629 0.0000000000
8916  -21.676  -79.831  10.657 0.0000000000
8917  -22.110  -80.048  10.529 0.0000000000
8932  -15.789  -79.647  9.107 0.0000000000
8933  -16.707  -79.186  9.605 0.0000000000
8934  -17.439  -79.150  10.011 0.0000000000
8935  -21.071  -78.911  10.028 0.0000000000
8936  -21.530  -79.271  9.745 0.0000000000
8937  -22.141  -79.820  10.128 0.0000000000
8951  -15.614  -79.038  8.314 0.0000000000
8952  -16.188  -78.795  8.886 0.0000000000
8971  -15.230  -79.166  7.398 0.0000000000
8987  -15.019  -79.348  6.476 0.0000000000
8988  -18.560  -78.495  6.244 0.0000000000
8989  -19.200  -78.682  6.264 0.0000000000
9005  -14.868  -79.665  5.750 0.0000000000
9006  -17.757  -78.605  5.195 0.0000000000
9007  -18.458  -78.855  5.532 0.0000000000
9008  -19.625  -79.487  5.460 0.0000000000
9009  -20.660  -79.614  5.925 0.0000000000
9010  -21.209  -79.769  6.184 0.0000000000
9030  -17.987  -79.109  4.470 0.0000000000
9031  -18.855  -79.667  4.587 0.0000000000
9032  -19.450  -79.806  4.713 0.0000000000
9050  -18.359  -79.711  3.821 0.0000000000
9076  -13.989  -80.086  0.776 0.0000000000
9077  -14.104  -79.480  1.241 0.0000000000
9089  -13.928  -79.854  0.332 0.0000000000
9090  -14.054  -79.089  0.060 0.0000000000
9092  -17.166  -79.353  0.431 0.0000000000
9109  -13.876  -79.128  -0.530 0.0000000000
9110  -16.627  -78.840  -0.173 0.0000000000
9111  -17.313  -79.668  -0.561 0.0000000000
9162  -12.602  -79.713  -5.477 0.0000000000
9166  -19.503  -79.652  -4.665 0.0000000000
9169  -25.151  -79.455  -5.184 0.0000000000
9174  -12.908  -79.724  -6.305 0.0000000000
9175  -13.698  -79.402  -5.861 0.0000000000
9176  -14.651  -79.387  -6.072 0.0000000000
9177  -15.616  -79.486  -5.885 0.0000000000
9178  -16.752  -79.823  -5.676 0.0000000000
9181  -19.326  -79.522  -5.337 0.0000000000
9182  -19.699  -79.215  -4.808 0.0000000000
9679  -24.318  -78.055  21.780 0.0000000000
9687  -24.698  -77.693  21.129 0.0000000000
9688  -25.082  -77.562  20.930 0.0000000000
9709  -20.677  -78.725  18.317 0.0000000000
9710  -21.313  -78.651  17.778 0.0000000000
9725  -21.890  -78.626  17.262 0.0000000000
9726  -22.447  -78.547  16.838 0.0000000000
9745  -22.995  -78.543  16.535 0.0000000000
9746  -23.637  -78.524  16.052 0.0000000000
9747  -24.349  -78.407  15.686 0.0000000000
9748  -26.213  -77.852  15.782 0.0000000000
9749  -27.005  -78.385  16.185 0.0000000000
9750  -27.745  -78.620  16.763 0.0000000000
9765  -24.949  -78.289  15.574 0.0000000000
9766  -25.626  -78.361  15.629 0.0000000000
9767  -26.261  -78.609  15.789 0.0000000000
9843  -17.797  -78.836  10.066 0.0000000000
9844  -18.301  -78.728  10.140 0.0000000000
9860  -16.749  -78.266  9.031 0.0000000000
9861  -17.640  -78.350  9.520 0.0000000000
9862  -18.777  -78.173  9.546 0.0000000000
9864  -20.660  -78.659  9.803 0.0000000000
9865  -21.121  -78.838  9.724 0.0000000000
9878  -15.685  -78.443  7.647 0.0000000000
9879  -16.294  -78.080  8.151 0.0000000000
9880  -17.348  -77.842  8.364 0.0000000000
9881  -18.387  -77.840  8.579 0.0000000000
9882  -19.451  -77.994  8.644 0.0000000000
9884  -21.125  -78.745  9.295 0.0000000000
9898  -15.534  -78.400  7.088 0.0000000000
9899  -16.049  -77.836  7.084 0.0000000000
9900  -17.019  -77.630  7.120 0.0000000000
9901  -18.083  -77.822  7.487 0.0000000000
9902  -19.032  -77.960  7.687 0.0000000000
9917  -15.252  -78.603  6.565 0.0000000000
9918  -15.580  -78.070  6.648 0.0000000000
9919  -17.195  -77.846  6.326 0.0000000000
9920  -17.894  -78.145  6.345 0.0000000000
9921  -18.705  -78.243  6.836 0.0000000000
9922  -19.430  -78.419  7.033 0.0000000000
9940  -14.870  -78.646  5.615 0.0000000000
9941  -16.818  -77.856  5.285 0.0000000000
9942  -17.171  -78.028  5.576 0.0000000000
9943  -17.812  -78.450  5.677 0.0000000000
9961  -16.840  -77.940  4.868 0.0000000000
9962  -17.377  -78.404  4.649 0.0000000000
10008  -14.530  -78.588  0.802 0.0000000000
10025  -14.529  -78.609  -0.094 0.0000000000
10026  -15.111  -78.276  0.164 0.0000000000
10027  -15.959  -78.382  0.524 0.0000000000
10045  -14.127  -78.795  -0.726 0.0000000000
10046  -14.802  -78.350  -0.803 0.0000000000
10047  -15.776  -78.411  -0.791 0.0000000000
10110  -19.486  -78.531  -4.854 0.0000000000
10112  -25.503  -78.813  -4.990 0.0000000000
10113  -26.131  -78.318  -4.775 0.0000000000
10591  -24.152  -77.394  21.142 0.0000000000
10605  -20.265  -77.036  20.581 0.0000000000
10606  -23.848  -76.936  20.744 0.0000000000
10607  -24.602  -77.119  20.722 0.0000000000
10608  -25.190  -77.076  20.792 0.0000000000
10617  -20.412  -77.277  19.545 0.0000000000
10618  -21.173  -76.898  19.053 0.0000000000
10623  -20.538  -77.903  18.663 0.0000000000
10624  -21.411  -77.485  18.301 0.0000000000
10625  -22.182  -77.093  17.917 0.0000000000
10637  -21.685  -78.034  17.587 0.0000000000
10638  -22.377  -77.531  17.266 0.0000000000
10639  -22.978  -77.034  16.924 0.0000000000
10654  -22.710  -78.015  16.720 0.0000000000
10655  -23.240  -77.570  16.535 0.0000000000
10656  -24.001  -77.643  15.911 0.0000000000
10657  -26.062  -77.048  15.804 0.0000000000
10658  -26.936  -77.240  15.985 0.0000000000
10659  -27.928  -77.570  16.662 0.0000000000
10672  -24.595  -77.794  15.666 0.0000000000
10673  -25.263  -77.466  15.665 0.0000000000
10787  -16.284  -77.689  6.597 0.0000000000
10788  -16.506  -77.687  6.769 0.0000000000
10803  -15.322  -78.079  6.139 0.0000000000
10804  -15.907  -77.672  6.251 0.0000000000
10805  -16.658  -77.728  6.230 0.0000000000
10822  -15.393  -77.831  5.454 0.0000000000
10823  -16.400  -77.716  5.385 0.0000000000
10824  -16.755  -77.791  5.739 0.0000000000
11016  -26.669  -77.868  -4.741 0.0000000000
11017  -27.175  -77.478  -4.615 0.0000000000
11032  -26.550  -78.162  -5.067 0.0000000000
11449  -20.648  -76.804  21.106 0.0000000000
11471  -20.798  -76.715  20.466 0.0000000000
11472  -21.486  -76.540  20.445 0.0000000000
11473  -22.221  -76.466  20.321 0.0000000000
11475  -24.080  -76.449  20.149 0.0000000000
11476  -24.935  -76.460  20.484 0.0000000000
11492  -20.969  -76.650  20.006 0.0000000000
11493  -21.440  -76.585  19.668 0.0000000000
11494  -22.372  -76.414  19.523 0.0000000000
11495  -23.271  -76.239  19.415 0.0000000000
11496  -24.032  -75.936  19.347 0.0000000000
11515  -21.726  -76.668  18.945 0.0000000000
11516  -22.482  -76.543  18.436 0.0000000000
11517  -23.558  -75.973  18.538 0.0000000000
11518  -24.092  -75.674  18.853 0.0000000000
11532  -22.519  -76.854  17.719 0.0000000000
11533  -23.249  -76.448  17.457 0.0000000000
11534  -23.950  -76.074  17.209 0.0000000000
11549  -23.367  -76.862  16.792 0.0000000000
11550  -24.166  -76.610  16.506 0.0000000000
11551  -25.360  -76.486  16.061 0.0000000000
11552  -26.456  -76.325  16.089 0.0000000000
11568  -24.525  -77.240  15.845 0.0000000000
11569  -24.791  -76.882  15.898 0.0000000000
11852  -28.100  -76.825  -4.785 0.0000000000
11853  -28.723  -76.604  -5.133 0.0000000000
11862  -15.171  -75.966  -5.527 0.0000000000
11865  -27.621  -77.242  -4.945 0.0000000000
11873  -15.534  -77.085  -6.431 0.0000000000
11874  -16.351  -77.215  -6.634 0.0000000000
12343  -24.637  -75.815  19.921 0.0000000000
12359  -24.473  -75.336  19.198 0.0000000000
12360  -24.943  -75.108  19.811 0.0000000000
12378  -23.716  -75.868  17.975 0.0000000000
12379  -24.285  -75.447  18.308 0.0000000000
12390  -23.932  -75.843  17.644 0.0000000000
12391  -24.566  -75.560  17.310 0.0000000000
12392  -25.287  -75.298  16.927 0.0000000000
12400  -25.017  -75.855  16.602 0.0000000000
12401  -25.855  -75.539  16.434 0.0000000000
12402  -26.869  -75.471  16.387 0.0000000000
12646  -14.811  -75.353  -4.586 0.0000000000
12647  -29.572  -76.363  -5.316 0.0000000000
12648  -30.420  -75.573  -4.671 0.0000000000
12660  -31.302  -76.231  -5.296 0.0000000000
13222  -24.598  -75.011  18.802 0.0000000000
13223  -24.941  -74.512  19.185 0.0000000000
13247  -24.735  -74.796  18.508 0.0000000000
13248  -25.270  -74.343  18.313 0.0000000000
13263  -24.773  -74.902  17.951 0.0000000000
13264  -25.332  -74.746  17.460 0.0000000000
13276  -25.742  -74.890  16.879 0.0000000000
13277  -26.390  -74.805  16.679 0.0000000000
13527  -31.268  -74.160  -0.471 0.0000000000
13544  -30.586  -74.647  -1.196 0.0000000000
13545  -31.415  -74.192  -1.683 0.0000000000
13557  -23.240  -74.426  -3.524 0.0000000000
13558  -23.694  -74.218  -3.545 0.0000000000
13559  -30.813  -74.574  -2.271 0.0000000000
13560  -31.451  -74.155  -2.817 0.0000000000
13569  -30.899  -74.654  -3.397 0.0000000000
13570  -31.525  -74.101  -3.723 0.0000000000
13571  -32.716  -74.388  -4.282 0.0000000000
13572  -33.283  -74.267  -3.955 0.0000000000
13581  -31.348  -74.604  -4.303 0.0000000000
13584  -13.780  -74.985  -4.903 0.0000000000
14436  -32.212  -73.675  -0.972 0.0000000000
14457  -32.082  -73.748  -2.349 0.0000000000
14469  -22.660  -74.196  -3.498 0.0000000000
14470  -23.522  -74.115  -3.562 0.0000000000
14471  -24.485  -73.675  -3.549 0.0000000000
14474  -31.972  -73.744  -3.355 0.0000000000
14485  -20.125  -72.926  -3.473 0.0000000000
14486  -20.408  -73.135  -3.439 0.0000000000
14487  -20.825  -73.334  -3.367 0.0000000000
14488  -25.224  -73.119  -4.186 0.0000000000
14489  -25.405  -73.236  -4.025 0.0000000000
14491  -31.886  -73.805  -3.972 0.0000000000
14500  -25.450  -72.960  -4.294 0.0000000000
14501  -25.617  -72.913  -4.331 0.0000000000
14502  -25.943  -72.972  -4.251 0.0000000000
14503  -31.695  -74.043  -4.151 0.0000000000
15421  -35.281  -72.431  -3.086 0.0000000000
15430  -20.660  -73.061  -3.489 0.0000000000
15432  -25.325  -72.668  -4.198 0.0000000000
15434  -26.645  -72.197  -4.325 0.0000000000
15437  -34.769  -72.942  -3.488 0.0000000000
15440  -25.281  -72.915  -4.294 0.0000000000
15442  -26.201  -72.400  -4.472 0.0000000000
16461  -27.327  -71.340  -1.345 0.0000000000
16477  -27.363  -71.466  -2.577 0.0000000000
16478  -36.082  -71.466  -2.384 0.0000000000
16479  -36.645  -71.244  -2.183 0.0000000000
16484  -19.203  -70.831  -3.349 0.0000000000
16485  -19.565  -71.602  -3.423 0.0000000000
16492  -26.659  -71.675  -4.512 0.0000000000
17506  -27.693  -70.779  -1.821 0.0000000000
17507  -28.143  -70.208  -2.253 0.0000000000
17518  -27.795  -70.727  -2.692 0.0000000000
17519  -28.142  -70.277  -3.165 0.0000000000
17521  -36.648  -70.479  -1.940 0.0000000000
17522  -37.065  -70.409  -2.060 0.0000000000
17527  -27.699  -70.952  -3.515 0.0000000000
17528  -28.081  -70.288  -3.947 0.0000000000
17531  -27.447  -70.875  -4.438 0.0000000000
18560  -36.925  -69.532  -1.938 0.0000000000
19586  -36.349  -68.518  -1.966 0.0000000000
19587  -37.513  -68.650  -1.933 0.0000000000
20591  -36.940  -67.763  -2.663 0.0000000000
20602  -36.323  -67.390  -3.580 0.0000000000
20603  -37.314  -67.120  -3.544 0.0000000000
20609  -36.523  -67.109  -4.155 0.0000000000
