#!ascii label  , from subject sub-CSI2 vox2ras=TkReg
1692
3297  -31.577  -88.042  16.111 0.0000000000
3798  -24.818  -86.449  20.484 0.0000000000
3818  -24.860  -86.235  20.020 0.0000000000
3819  -25.312  -86.364  19.945 0.0000000000
3820  -26.294  -86.442  19.786 0.0000000000
3821  -27.355  -86.209  19.746 0.0000000000
3822  -28.308  -85.963  19.940 0.0000000000
3838  -31.500  -86.916  18.506 0.0000000000
3850  -30.807  -86.497  17.143 0.0000000000
3851  -31.018  -86.837  17.542 0.0000000000
3863  -30.759  -86.515  16.508 0.0000000000
3864  -31.276  -87.287  16.246 0.0000000000
3880  -31.277  -86.788  15.229 0.0000000000
3881  -31.595  -87.482  15.222 0.0000000000
4404  -29.327  -85.680  20.356 0.0000000000
4421  -24.573  -85.769  19.691 0.0000000000
4422  -25.645  -85.943  19.266 0.0000000000
4423  -26.697  -85.727  19.173 0.0000000000
4424  -27.802  -85.115  19.341 0.0000000000
4425  -29.049  -85.197  20.036 0.0000000000
4427  -31.760  -86.681  18.956 0.0000000000
4428  -32.274  -86.496  19.354 0.0000000000
4441  -25.101  -85.443  18.829 0.0000000000
4442  -26.014  -85.344  18.586 0.0000000000
4443  -26.956  -84.936  18.722 0.0000000000
4444  -27.485  -84.619  18.891 0.0000000000
4445  -30.950  -85.753  18.010 0.0000000000
4446  -31.467  -86.130  18.639 0.0000000000
4447  -32.654  -85.735  19.252 0.0000000000
4461  -30.747  -86.100  17.363 0.0000000000
4462  -30.986  -86.219  17.919 0.0000000000
4473  -29.922  -85.033  16.450 0.0000000000
4474  -30.307  -85.598  16.626 0.0000000000
4489  -29.863  -85.268  15.738 0.0000000000
4490  -30.546  -86.048  15.436 0.0000000000
4513  -30.130  -85.419  14.326 0.0000000000
4532  -30.278  -85.369  13.418 0.0000000000
4533  -30.814  -85.794  13.171 0.0000000000
4569  -30.761  -85.765  11.604 0.0000000000
4585  -30.097  -85.575  10.286 0.0000000000
4586  -30.534  -85.954  10.676 0.0000000000
4597  -29.093  -85.582  8.897 0.0000000000
4618  -28.819  -85.743  8.127 0.0000000000
5038  -23.876  -85.376  19.993 0.0000000000
5058  -23.551  -84.530  19.303 0.0000000000
5059  -23.843  -85.109  19.571 0.0000000000
5060  -27.862  -84.306  18.967 0.0000000000
5061  -28.689  -83.970  19.319 0.0000000000
5079  -23.699  -84.491  18.917 0.0000000000
5080  -24.176  -84.842  18.772 0.0000000000
5081  -25.263  -84.807  18.310 0.0000000000
5082  -26.307  -84.438  18.150 0.0000000000
5083  -27.329  -84.132  18.475 0.0000000000
5084  -27.978  -83.696  18.777 0.0000000000
5085  -30.908  -85.452  18.011 0.0000000000
5086  -31.183  -85.393  18.250 0.0000000000
5087  -32.000  -85.197  18.660 0.0000000000
5088  -33.124  -85.019  18.828 0.0000000000
5089  -34.228  -84.936  18.768 0.0000000000
5104  -24.672  -84.362  18.134 0.0000000000
5105  -25.393  -84.127  17.785 0.0000000000
5106  -26.137  -83.726  17.712 0.0000000000
5107  -30.692  -85.261  17.708 0.0000000000
5108  -31.348  -84.747  18.144 0.0000000000
5109  -32.328  -84.459  18.332 0.0000000000
5110  -33.440  -84.356  18.289 0.0000000000
5111  -34.452  -84.370  18.112 0.0000000000
5125  -29.761  -84.423  16.284 0.0000000000
5126  -30.204  -84.757  17.020 0.0000000000
5136  -29.467  -84.631  15.206 0.0000000000
5144  -29.443  -84.623  14.257 0.0000000000
5156  -29.810  -84.892  13.241 0.0000000000
5157  -30.348  -85.326  13.022 0.0000000000
5170  -29.833  -84.751  12.433 0.0000000000
5171  -30.369  -85.303  12.316 0.0000000000
5189  -29.855  -84.715  11.718 0.0000000000
5190  -30.345  -85.318  11.248 0.0000000000
5205  -29.758  -84.992  10.618 0.0000000000
5206  -30.287  -85.403  10.812 0.0000000000
5216  -28.331  -84.591  9.113 0.0000000000
5217  -28.934  -84.970  9.585 0.0000000000
5236  -27.831  -84.407  8.318 0.0000000000
5237  -28.539  -85.154  8.571 0.0000000000
5255  -27.680  -84.319  7.237 0.0000000000
5256  -28.295  -85.255  7.339 0.0000000000
5701  -22.965  -83.846  19.625 0.0000000000
5702  -28.955  -82.954  19.240 0.0000000000
5719  -23.544  -84.009  18.702 0.0000000000
5720  -24.130  -84.163  18.273 0.0000000000
5721  -26.836  -83.692  17.941 0.0000000000
5722  -27.549  -83.001  18.261 0.0000000000
5723  -28.395  -83.052  18.878 0.0000000000
5731  -23.919  -83.793  18.143 0.0000000000
5732  -24.492  -83.715  17.735 0.0000000000
5733  -25.484  -83.277  17.437 0.0000000000
5734  -26.541  -82.950  17.592 0.0000000000
5735  -27.160  -82.367  17.722 0.0000000000
5736  -30.775  -84.482  17.600 0.0000000000
5737  -31.493  -84.052  17.754 0.0000000000
5738  -32.555  -83.765  17.834 0.0000000000
5739  -33.636  -83.739  17.656 0.0000000000
5740  -34.581  -83.803  17.412 0.0000000000
5749  -29.840  -83.741  16.432 0.0000000000
5750  -30.454  -83.803  17.074 0.0000000000
5751  -31.615  -83.329  17.299 0.0000000000
5752  -32.717  -83.161  17.172 0.0000000000
5753  -33.761  -83.160  16.916 0.0000000000
5754  -34.730  -83.223  16.457 0.0000000000
5760  -28.914  -83.289  15.183 0.0000000000
5761  -29.376  -83.696  15.770 0.0000000000
5771  -28.629  -83.301  14.413 0.0000000000
5772  -28.992  -84.000  14.796 0.0000000000
5779  -28.434  -83.175  13.295 0.0000000000
5780  -28.979  -84.093  13.751 0.0000000000
5792  -28.634  -83.298  12.077 0.0000000000
5793  -29.237  -84.149  12.530 0.0000000000
5808  -28.643  -83.385  11.236 0.0000000000
5809  -29.227  -84.065  11.301 0.0000000000
5817  -27.939  -83.400  9.900 0.0000000000
5818  -28.694  -84.003  10.355 0.0000000000
5819  -29.280  -84.319  10.740 0.0000000000
5828  -27.893  -83.947  9.409 0.0000000000
5829  -28.476  -84.377  9.626 0.0000000000
5842  -27.459  -83.483  8.649 0.0000000000
5856  -26.945  -83.044  7.257 0.0000000000
5857  -27.291  -83.507  7.724 0.0000000000
6288  -28.279  -82.607  25.017 0.0000000000
6332  -22.631  -83.227  19.546 0.0000000000
6333  -28.830  -82.509  18.937 0.0000000000
6334  -29.452  -82.202  19.081 0.0000000000
6351  -22.369  -82.338  19.041 0.0000000000
6352  -22.856  -82.920  18.843 0.0000000000
6353  -27.782  -81.939  17.933 0.0000000000
6354  -28.422  -82.213  18.515 0.0000000000
6355  -28.949  -82.094  18.813 0.0000000000
6365  -23.661  -83.218  17.949 0.0000000000
6366  -24.486  -82.645  17.131 0.0000000000
6367  -25.772  -82.352  17.061 0.0000000000
6368  -26.618  -82.089  17.357 0.0000000000
6369  -27.209  -81.775  17.558 0.0000000000
6375  -24.543  -82.023  16.790 0.0000000000
6376  -25.045  -82.010  16.754 0.0000000000
6377  -29.956  -83.118  16.456 0.0000000000
6378  -30.814  -82.979  16.822 0.0000000000
6379  -31.748  -82.680  16.673 0.0000000000
6380  -32.842  -82.576  16.459 0.0000000000
6381  -33.796  -82.645  16.161 0.0000000000
6387  -28.722  -82.715  15.006 0.0000000000
6388  -29.362  -82.634  15.683 0.0000000000
6389  -30.602  -82.285  16.138 0.0000000000
6390  -31.887  -81.954  15.998 0.0000000000
6391  -33.026  -81.974  15.732 0.0000000000
6392  -33.922  -82.298  15.417 0.0000000000
6398  -28.312  -82.347  14.321 0.0000000000
6399  -34.307  -82.242  14.823 0.0000000000
6402  -36.525  -82.111  14.143 0.0000000000
6409  -27.998  -82.248  13.455 0.0000000000
6425  -27.723  -82.030  11.835 0.0000000000
6426  -27.990  -82.389  12.555 0.0000000000
6428  -35.724  -82.033  12.720 0.0000000000
6442  -27.729  -82.268  11.057 0.0000000000
6443  -28.199  -82.703  11.599 0.0000000000
6453  -27.858  -82.844  10.316 0.0000000000
6454  -28.303  -82.982  10.891 0.0000000000
6463  -26.871  -82.210  8.940 0.0000000000
6464  -27.413  -82.765  9.397 0.0000000000
6478  -26.669  -82.029  8.383 0.0000000000
6479  -27.033  -82.737  8.334 0.0000000000
6493  -26.654  -82.263  7.493 0.0000000000
6494  -26.968  -82.890  7.709 0.0000000000
6495  -33.050  -82.040  7.235 0.0000000000
6496  -33.660  -82.139  7.115 0.0000000000
7020  -26.787  -81.672  24.525 0.0000000000
7021  -27.732  -81.744  24.449 0.0000000000
7022  -28.701  -81.768  24.423 0.0000000000
7038  -26.280  -81.051  24.012 0.0000000000
7039  -27.172  -81.015  23.873 0.0000000000
7040  -28.185  -80.959  23.952 0.0000000000
7041  -29.198  -81.110  23.885 0.0000000000
7070  -29.622  -81.555  18.881 0.0000000000
7071  -30.217  -81.499  18.992 0.0000000000
7087  -21.473  -81.428  18.909 0.0000000000
7088  -21.917  -81.709  18.949 0.0000000000
7089  -22.509  -82.025  18.522 0.0000000000
7090  -27.945  -81.512  17.888 0.0000000000
7091  -28.265  -81.364  18.133 0.0000000000
7092  -29.066  -81.412  18.675 0.0000000000
7093  -29.751  -81.084  18.768 0.0000000000
7108  -22.329  -81.287  18.135 0.0000000000
7109  -23.152  -81.950  17.482 0.0000000000
7110  -24.055  -81.955  16.806 0.0000000000
7111  -26.274  -81.822  16.959 0.0000000000
7112  -26.778  -81.289  17.037 0.0000000000
7113  -27.714  -81.171  17.645 0.0000000000
7114  -28.210  -80.818  17.913 0.0000000000
7127  -23.746  -81.378  16.669 0.0000000000
7128  -24.599  -81.447  16.482 0.0000000000
7129  -25.788  -81.399  16.571 0.0000000000
7130  -26.373  -80.949  16.611 0.0000000000
7141  -28.828  -81.964  15.168 0.0000000000
7142  -29.715  -81.529  15.414 0.0000000000
7143  -30.913  -81.406  15.528 0.0000000000
7144  -32.124  -81.195  15.055 0.0000000000
7145  -33.339  -81.636  14.960 0.0000000000
7146  -33.868  -81.980  14.900 0.0000000000
7147  -37.169  -81.759  15.010 0.0000000000
7158  -28.584  -81.403  14.650 0.0000000000
7159  -29.068  -81.393  15.076 0.0000000000
7160  -32.192  -80.791  14.369 0.0000000000
7161  -32.931  -81.139  14.015 0.0000000000
7162  -33.816  -81.823  14.362 0.0000000000
7163  -37.248  -81.653  14.153 0.0000000000
7174  -27.629  -81.134  13.245 0.0000000000
7175  -27.940  -81.438  13.889 0.0000000000
7176  -33.220  -81.027  12.896 0.0000000000
7177  -33.981  -81.817  13.330 0.0000000000
7189  -27.563  -81.386  12.481 0.0000000000
7190  -27.752  -81.731  13.141 0.0000000000
7191  -33.328  -80.871  12.466 0.0000000000
7192  -33.689  -81.179  12.423 0.0000000000
7193  -34.660  -81.751  12.486 0.0000000000
7194  -35.467  -81.354  12.279 0.0000000000
7205  -27.322  -81.324  11.456 0.0000000000
7206  -34.122  -81.075  12.015 0.0000000000
7207  -34.697  -80.987  11.958 0.0000000000
7208  -35.257  -80.761  12.013 0.0000000000
7222  -26.538  -80.914  9.753 0.0000000000
7223  -27.102  -81.640  10.202 0.0000000000
7237  -26.565  -81.394  9.053 0.0000000000
7238  -26.953  -82.014  9.419 0.0000000000
7253  -26.418  -81.485  8.036 0.0000000000
7267  -26.419  -81.544  7.487 0.0000000000
7268  -31.799  -81.393  6.816 0.0000000000
7269  -32.486  -81.584  7.147 0.0000000000
7270  -33.350  -81.494  7.315 0.0000000000
7271  -34.330  -81.539  7.256 0.0000000000
7272  -35.370  -81.607  7.194 0.0000000000
7318  -36.196  -80.682  4.926 0.0000000000
7823  -26.528  -80.478  23.264 0.0000000000
7824  -27.569  -79.921  23.370 0.0000000000
7825  -28.800  -80.133  23.718 0.0000000000
7826  -29.830  -80.383  23.659 0.0000000000
7845  -25.908  -80.089  22.689 0.0000000000
7846  -26.596  -79.765  22.754 0.0000000000
7880  -21.249  -81.317  18.902 0.0000000000
7898  -21.310  -80.760  18.523 0.0000000000
7899  -21.871  -81.036  18.401 0.0000000000
7900  -28.702  -80.443  18.218 0.0000000000
7901  -29.508  -80.417  18.589 0.0000000000
7917  -21.477  -80.098  18.016 0.0000000000
7918  -21.898  -80.454  17.843 0.0000000000
7919  -22.597  -80.708  17.353 0.0000000000
7920  -26.706  -80.611  16.682 0.0000000000
7921  -27.327  -80.306  17.062 0.0000000000
7922  -28.083  -80.253  17.668 0.0000000000
7936  -23.184  -80.760  16.764 0.0000000000
7937  -24.002  -80.551  16.270 0.0000000000
7938  -25.086  -80.524  16.088 0.0000000000
7939  -26.125  -80.387  16.294 0.0000000000
7940  -26.795  -80.028  16.517 0.0000000000
7952  -29.710  -81.063  15.183 0.0000000000
7953  -30.147  -80.928  15.182 0.0000000000
7954  -30.999  -80.817  15.006 0.0000000000
7963  -28.445  -80.668  14.212 0.0000000000
7964  -29.321  -80.804  14.828 0.0000000000
7965  -30.321  -80.365  14.573 0.0000000000
7966  -31.462  -80.482  14.385 0.0000000000
7967  -32.152  -80.527  13.922 0.0000000000
7977  -27.540  -80.541  12.936 0.0000000000
7978  -27.874  -80.567  13.601 0.0000000000
7979  -30.817  -79.898  14.089 0.0000000000
7980  -31.583  -79.918  13.569 0.0000000000
7981  -32.479  -80.491  13.183 0.0000000000
7993  -27.287  -80.519  12.139 0.0000000000
7994  -32.053  -79.756  12.675 0.0000000000
7995  -32.975  -80.474  12.072 0.0000000000
7996  -33.672  -80.812  11.973 0.0000000000
7997  -35.984  -80.687  12.223 0.0000000000
8015  -26.797  -80.233  11.086 0.0000000000
8016  -27.006  -80.541  11.493 0.0000000000
8017  -33.133  -79.923  11.138 0.0000000000
8018  -33.899  -80.386  11.478 0.0000000000
8019  -34.799  -80.320  11.745 0.0000000000
8020  -35.364  -80.299  11.977 0.0000000000
8036  -26.559  -80.441  10.367 0.0000000000
8037  -26.853  -80.871  10.968 0.0000000000
8038  -33.173  -79.581  10.781 0.0000000000
8039  -33.448  -79.721  11.055 0.0000000000
8056  -25.833  -79.643  8.772 0.0000000000
8057  -26.092  -80.130  9.301 0.0000000000
8072  -25.819  -79.904  8.328 0.0000000000
8073  -26.106  -80.695  8.289 0.0000000000
8074  -31.808  -79.891  8.099 0.0000000000
8075  -32.441  -79.993  8.020 0.0000000000
8076  -33.256  -80.011  7.813 0.0000000000
8092  -25.906  -80.191  7.477 0.0000000000
8093  -26.192  -80.987  7.487 0.0000000000
8094  -30.803  -79.909  7.281 0.0000000000
8095  -31.577  -80.526  7.484 0.0000000000
8096  -32.813  -80.725  7.527 0.0000000000
8097  -33.932  -80.584  7.467 0.0000000000
8098  -35.088  -80.791  7.336 0.0000000000
8099  -36.105  -80.894  7.416 0.0000000000
8114  -25.931  -80.124  7.015 0.0000000000
8153  -35.893  -80.341  4.394 0.0000000000
8177  -35.362  -80.297  3.234 0.0000000000
8715  -27.797  -78.846  23.222 0.0000000000
8716  -28.546  -79.147  23.416 0.0000000000
8717  -29.526  -79.375  23.484 0.0000000000
8718  -30.519  -79.617  23.432 0.0000000000
8741  -26.022  -79.110  22.139 0.0000000000
8742  -27.026  -78.886  22.699 0.0000000000
8755  -25.135  -78.843  21.867 0.0000000000
8756  -25.590  -78.571  21.712 0.0000000000
8775  -20.131  -79.259  18.637 0.0000000000
8781  -20.621  -79.862  18.465 0.0000000000
8782  -21.148  -79.617  18.103 0.0000000000
8783  -29.326  -79.555  18.266 0.0000000000
8792  -21.622  -79.530  17.614 0.0000000000
8793  -22.357  -79.600  17.062 0.0000000000
8794  -22.802  -80.174  16.868 0.0000000000
8795  -27.915  -79.381  17.221 0.0000000000
8796  -28.664  -79.415  17.770 0.0000000000
8808  -22.730  -79.069  16.676 0.0000000000
8809  -23.228  -79.588  16.443 0.0000000000
8810  -24.423  -79.409  15.800 0.0000000000
8811  -25.540  -79.656  15.795 0.0000000000
8812  -26.443  -79.377  16.058 0.0000000000
8813  -27.242  -79.367  16.602 0.0000000000
8830  -24.716  -78.769  15.633 0.0000000000
8831  -25.181  -78.935  15.609 0.0000000000
8832  -25.844  -79.016  15.657 0.0000000000
8847  -28.870  -80.269  14.283 0.0000000000
8848  -29.414  -80.011  14.251 0.0000000000
8849  -30.120  -79.729  14.108 0.0000000000
8860  -27.779  -80.073  13.278 0.0000000000
8861  -28.457  -79.709  13.639 0.0000000000
8862  -29.495  -79.379  13.798 0.0000000000
8863  -30.520  -79.257  13.518 0.0000000000
8864  -31.332  -79.318  12.991 0.0000000000
8876  -27.598  -79.633  12.683 0.0000000000
8877  -28.082  -79.182  13.044 0.0000000000
8878  -30.861  -78.850  12.835 0.0000000000
8879  -31.443  -79.034  12.195 0.0000000000
8880  -32.211  -79.564  11.880 0.0000000000
8881  -35.717  -79.827  12.133 0.0000000000
8882  -36.536  -79.977  12.392 0.0000000000
8883  -37.545  -79.970  12.534 0.0000000000
8897  -26.651  -79.591  10.860 0.0000000000
8898  -27.016  -79.734  11.652 0.0000000000
8899  -31.845  -78.956  11.085 0.0000000000
8900  -32.598  -79.662  11.318 0.0000000000
8901  -33.800  -79.569  11.155 0.0000000000
8902  -34.497  -79.510  11.462 0.0000000000
8903  -35.132  -79.771  11.820 0.0000000000
8918  -26.332  -79.573  10.174 0.0000000000
8919  -31.941  -78.905  9.967 0.0000000000
8920  -32.725  -79.284  10.470 0.0000000000
8921  -33.467  -79.087  10.598 0.0000000000
8922  -33.990  -78.953  11.119 0.0000000000
8938  -25.839  -79.243  9.017 0.0000000000
8939  -26.106  -79.178  9.667 0.0000000000
8940  -31.720  -79.068  9.108 0.0000000000
8941  -32.487  -79.101  9.372 0.0000000000
8942  -33.145  -78.889  9.675 0.0000000000
8955  -25.725  -79.299  8.408 0.0000000000
8956  -30.728  -79.205  8.194 0.0000000000
8957  -31.219  -79.460  8.275 0.0000000000
8958  -32.144  -79.488  8.602 0.0000000000
8959  -33.322  -79.155  8.590 0.0000000000
8960  -34.522  -79.008  8.071 0.0000000000
8961  -35.667  -79.175  7.870 0.0000000000
8962  -36.868  -79.607  7.849 0.0000000000
8963  -37.936  -79.449  7.845 0.0000000000
8974  -25.700  -79.402  7.677 0.0000000000
8975  -30.128  -78.874  7.653 0.0000000000
8976  -30.512  -79.276  7.760 0.0000000000
8977  -31.032  -79.799  7.684 0.0000000000
8978  -33.936  -79.658  7.766 0.0000000000
8979  -34.836  -79.847  7.540 0.0000000000
8980  -35.875  -80.133  7.583 0.0000000000
8981  -36.510  -80.344  7.616 0.0000000000
8992  -25.850  -79.687  6.875 0.0000000000
8994  -30.065  -78.929  7.322 0.0000000000
9015  -35.867  -79.444  5.130 0.0000000000
9016  -36.709  -79.630  5.470 0.0000000000
9037  -35.205  -79.273  4.086 0.0000000000
9038  -35.652  -79.749  4.195 0.0000000000
9039  -36.175  -79.911  4.788 0.0000000000
9055  -35.006  -78.977  3.763 0.0000000000
9056  -35.328  -79.344  3.319 0.0000000000
9068  -35.329  -79.391  2.420 0.0000000000
9649  -27.590  -78.066  23.047 0.0000000000
9650  -28.351  -78.197  23.391 0.0000000000
9651  -29.246  -78.378  23.468 0.0000000000
9652  -30.224  -78.558  23.431 0.0000000000
9666  -20.136  -78.071  22.484 0.0000000000
9671  -26.507  -78.320  22.204 0.0000000000
9672  -27.001  -77.879  22.560 0.0000000000
9677  -19.667  -77.860  21.855 0.0000000000
9679  -24.318  -78.055  21.780 0.0000000000
9680  -25.215  -78.139  21.319 0.0000000000
9681  -25.976  -78.081  21.645 0.0000000000
9687  -24.698  -77.693  21.129 0.0000000000
9688  -25.082  -77.562  20.930 0.0000000000
9700  -19.972  -78.386  18.856 0.0000000000
9725  -21.890  -78.626  17.262 0.0000000000
9726  -22.447  -78.547  16.838 0.0000000000
9727  -28.449  -78.359  17.287 0.0000000000
9728  -29.418  -78.523  17.917 0.0000000000
9745  -22.995  -78.543  16.535 0.0000000000
9746  -23.637  -78.524  16.052 0.0000000000
9747  -24.349  -78.407  15.686 0.0000000000
9748  -26.213  -77.852  15.782 0.0000000000
9749  -27.005  -78.385  16.185 0.0000000000
9750  -27.745  -78.620  16.763 0.0000000000
9765  -24.949  -78.289  15.574 0.0000000000
9766  -25.626  -78.361  15.629 0.0000000000
9767  -26.261  -78.609  15.789 0.0000000000
9783  -36.730  -77.937  14.810 0.0000000000
9784  -37.315  -78.047  14.829 0.0000000000
9796  -29.005  -79.099  13.494 0.0000000000
9797  -29.561  -78.797  13.306 0.0000000000
9798  -30.231  -78.628  12.954 0.0000000000
9809  -27.861  -78.855  12.629 0.0000000000
9810  -28.619  -78.697  12.979 0.0000000000
9811  -29.559  -78.200  12.581 0.0000000000
9812  -30.562  -78.373  12.239 0.0000000000
9813  -31.131  -78.494  11.581 0.0000000000
9814  -36.116  -79.296  12.294 0.0000000000
9815  -36.866  -79.201  12.525 0.0000000000
9816  -37.861  -79.085  12.578 0.0000000000
9828  -26.808  -79.096  11.251 0.0000000000
9829  -27.296  -78.669  11.789 0.0000000000
9830  -29.958  -77.871  11.909 0.0000000000
9831  -30.523  -77.956  11.346 0.0000000000
9832  -31.129  -78.335  10.962 0.0000000000
9833  -34.523  -78.571  11.352 0.0000000000
9834  -35.367  -78.837  11.880 0.0000000000
9847  -26.588  -78.550  10.479 0.0000000000
9848  -27.267  -77.866  11.070 0.0000000000
9849  -30.658  -77.991  10.477 0.0000000000
9850  -31.329  -78.488  10.264 0.0000000000
9851  -33.662  -78.527  9.909 0.0000000000
9852  -34.196  -78.156  10.543 0.0000000000
9866  -25.804  -78.813  8.588 0.0000000000
9867  -26.144  -78.472  9.150 0.0000000000
9868  -29.995  -78.021  9.135 0.0000000000
9869  -30.770  -78.333  9.543 0.0000000000
9870  -31.402  -78.698  9.566 0.0000000000
9871  -33.667  -78.590  9.202 0.0000000000
9872  -34.110  -78.098  9.560 0.0000000000
9885  -25.703  -78.838  8.029 0.0000000000
9886  -25.972  -78.372  8.261 0.0000000000
9887  -29.702  -78.324  8.284 0.0000000000
9888  -30.530  -78.768  8.504 0.0000000000
9889  -31.144  -78.837  8.979 0.0000000000
9890  -33.726  -78.695  8.857 0.0000000000
9891  -34.233  -78.368  8.839 0.0000000000
9892  -35.300  -78.253  8.424 0.0000000000
9893  -36.497  -78.410  8.324 0.0000000000
9894  -37.691  -78.573  8.235 0.0000000000
9904  -25.708  -78.848  7.512 0.0000000000
9905  -25.871  -78.511  7.697 0.0000000000
9906  -29.742  -78.568  7.598 0.0000000000
9907  -30.114  -78.776  7.962 0.0000000000
9923  -25.682  -79.080  7.129 0.0000000000
9924  -25.948  -78.575  7.061 0.0000000000
9927  -35.488  -78.280  5.914 0.0000000000
9928  -35.891  -78.311  6.094 0.0000000000
9929  -36.694  -78.257  6.267 0.0000000000
9944  -25.793  -79.026  6.641 0.0000000000
9948  -34.836  -78.541  5.141 0.0000000000
9949  -35.305  -78.620  5.495 0.0000000000
9950  -36.284  -78.932  5.877 0.0000000000
9951  -37.329  -78.683  6.203 0.0000000000
9952  -38.223  -78.531  6.337 0.0000000000
9967  -34.816  -78.724  4.507 0.0000000000
9968  -35.348  -79.216  4.687 0.0000000000
9983  -34.834  -78.336  3.219 0.0000000000
9984  -35.362  -78.902  2.736 0.0000000000
9999  -35.195  -77.807  2.513 0.0000000000
10000  -35.514  -78.362  2.080 0.0000000000
10559  -27.373  -77.244  22.952 0.0000000000
10560  -28.067  -77.317  23.326 0.0000000000
10561  -28.930  -77.432  23.538 0.0000000000
10562  -29.884  -77.554  23.542 0.0000000000
10563  -30.900  -77.667  23.455 0.0000000000
10570  -20.100  -77.611  22.048 0.0000000000
10571  -20.628  -77.498  22.195 0.0000000000
10572  -21.510  -77.405  22.360 0.0000000000
10573  -22.512  -77.469  22.376 0.0000000000
10574  -26.507  -77.513  22.117 0.0000000000
10575  -26.883  -77.144  22.569 0.0000000000
10587  -20.108  -77.269  21.434 0.0000000000
10588  -21.017  -76.985  21.735 0.0000000000
10589  -21.980  -76.892  21.761 0.0000000000
10590  -23.170  -77.108  21.393 0.0000000000
10591  -24.152  -77.394  21.142 0.0000000000
10592  -25.508  -77.436  21.216 0.0000000000
10593  -26.074  -77.075  21.604 0.0000000000
10604  -19.714  -77.544  20.410 0.0000000000
10606  -23.848  -76.936  20.744 0.0000000000
10607  -24.602  -77.119  20.722 0.0000000000
10608  -25.190  -77.076  20.792 0.0000000000
10616  -19.803  -77.654  19.875 0.0000000000
10638  -22.377  -77.531  17.266 0.0000000000
10639  -22.978  -77.034  16.924 0.0000000000
10640  -28.491  -77.683  17.062 0.0000000000
10641  -29.025  -77.500  17.281 0.0000000000
10643  -30.868  -77.750  17.502 0.0000000000
10644  -31.773  -78.124  17.174 0.0000000000
10654  -22.710  -78.015  16.720 0.0000000000
10655  -23.240  -77.570  16.535 0.0000000000
10656  -24.001  -77.643  15.911 0.0000000000
10657  -26.062  -77.048  15.804 0.0000000000
10658  -26.936  -77.240  15.985 0.0000000000
10659  -27.928  -77.570  16.662 0.0000000000
10660  -28.545  -77.361  16.912 0.0000000000
10661  -31.054  -77.331  16.775 0.0000000000
10662  -31.558  -77.621  16.777 0.0000000000
10672  -24.595  -77.794  15.666 0.0000000000
10673  -25.263  -77.466  15.665 0.0000000000
10677  -35.607  -77.921  14.989 0.0000000000
10678  -36.297  -77.818  14.786 0.0000000000
10684  -35.147  -77.371  14.815 0.0000000000
10685  -35.877  -77.316  14.587 0.0000000000
10686  -36.789  -77.418  14.575 0.0000000000
10687  -37.775  -77.452  14.586 0.0000000000
10703  -28.011  -78.310  12.342 0.0000000000
10704  -28.670  -77.930  12.235 0.0000000000
10705  -29.324  -77.732  11.917 0.0000000000
10706  -36.253  -78.628  12.300 0.0000000000
10707  -37.009  -78.213  12.502 0.0000000000
10708  -38.048  -78.106  12.581 0.0000000000
10721  -27.905  -77.772  11.699 0.0000000000
10722  -28.765  -77.466  11.438 0.0000000000
10723  -29.696  -77.522  11.237 0.0000000000
10724  -30.226  -77.654  10.801 0.0000000000
10725  -34.956  -77.524  11.358 0.0000000000
10726  -36.068  -77.651  12.121 0.0000000000
10727  -36.806  -77.473  12.329 0.0000000000
10738  -27.102  -77.574  10.307 0.0000000000
10739  -28.000  -77.323  10.663 0.0000000000
10740  -29.084  -77.275  10.552 0.0000000000
10741  -29.836  -77.522  10.458 0.0000000000
10742  -30.241  -77.699  10.422 0.0000000000
10743  -34.659  -77.332  10.545 0.0000000000
10753  -26.726  -77.699  9.440 0.0000000000
10754  -27.595  -77.276  9.546 0.0000000000
10755  -28.610  -77.301  9.655 0.0000000000
10756  -29.496  -77.538  9.761 0.0000000000
10757  -30.210  -77.758  9.946 0.0000000000
10758  -34.681  -77.365  9.789 0.0000000000
10759  -35.452  -76.945  9.388 0.0000000000
10760  -35.917  -76.796  9.203 0.0000000000
10768  -26.444  -77.839  8.438 0.0000000000
10769  -27.199  -77.404  8.528 0.0000000000
10770  -28.230  -77.382  8.599 0.0000000000
10771  -29.166  -77.693  8.834 0.0000000000
10772  -34.471  -77.821  9.258 0.0000000000
10773  -34.952  -77.567  8.994 0.0000000000
10774  -36.043  -77.278  8.827 0.0000000000
10775  -37.296  -77.476  8.601 0.0000000000
10777  -39.663  -77.647  7.898 0.0000000000
10778  -40.245  -77.018  7.532 0.0000000000
10789  -26.227  -78.105  7.636 0.0000000000
10790  -26.823  -77.621  7.582 0.0000000000
10791  -27.757  -77.492  7.550 0.0000000000
10792  -28.939  -77.872  7.551 0.0000000000
10806  -26.512  -78.051  6.797 0.0000000000
10810  -34.017  -77.207  6.062 0.0000000000
10811  -34.370  -77.390  6.069 0.0000000000
10812  -35.262  -77.853  6.130 0.0000000000
10813  -36.384  -77.586  6.436 0.0000000000
10814  -37.472  -77.563  6.402 0.0000000000
10815  -38.365  -77.252  6.333 0.0000000000
10830  -33.920  -77.276  5.719 0.0000000000
10831  -34.532  -78.070  5.355 0.0000000000
10832  -35.006  -78.226  5.709 0.0000000000
10833  -38.107  -77.929  6.400 0.0000000000
10834  -38.846  -77.551  6.308 0.0000000000
10848  -33.710  -77.255  4.745 0.0000000000
10849  -34.307  -77.975  4.264 0.0000000000
10868  -33.575  -76.781  4.150 0.0000000000
10869  -34.011  -77.213  3.631 0.0000000000
10891  -34.747  -77.108  2.697 0.0000000000
10892  -35.548  -77.254  2.134 0.0000000000
11410  -27.674  -76.420  23.259 0.0000000000
11411  -28.537  -76.526  23.522 0.0000000000
11412  -29.486  -76.607  23.617 0.0000000000
11413  -30.468  -76.669  23.615 0.0000000000
11432  -26.634  -76.450  22.198 0.0000000000
11433  -27.114  -76.593  22.830 0.0000000000
11450  -21.341  -76.644  21.130 0.0000000000
11451  -22.170  -76.624  21.015 0.0000000000
11452  -22.691  -76.641  20.797 0.0000000000
11453  -25.579  -76.523  21.068 0.0000000000
11454  -26.166  -76.294  21.548 0.0000000000
11474  -23.120  -76.526  20.372 0.0000000000
11475  -24.080  -76.449  20.149 0.0000000000
11476  -24.935  -76.460  20.484 0.0000000000
11495  -23.271  -76.239  19.415 0.0000000000
11496  -24.032  -75.936  19.347 0.0000000000
11517  -23.558  -75.973  18.538 0.0000000000
11518  -24.092  -75.674  18.853 0.0000000000
11532  -22.519  -76.854  17.719 0.0000000000
11533  -23.249  -76.448  17.457 0.0000000000
11534  -23.950  -76.074  17.209 0.0000000000
11535  -29.215  -76.983  16.880 0.0000000000
11536  -29.712  -77.163  17.033 0.0000000000
11537  -30.227  -77.350  17.224 0.0000000000
11549  -23.367  -76.862  16.792 0.0000000000
11550  -24.166  -76.610  16.506 0.0000000000
11551  -25.360  -76.486  16.061 0.0000000000
11552  -26.456  -76.325  16.089 0.0000000000
11553  -27.563  -76.315  16.314 0.0000000000
11554  -28.639  -76.690  16.674 0.0000000000
11555  -29.465  -76.534  16.629 0.0000000000
11556  -30.448  -76.795  16.471 0.0000000000
11557  -31.450  -77.099  16.294 0.0000000000
11558  -31.940  -77.431  16.289 0.0000000000
11568  -24.525  -77.240  15.845 0.0000000000
11569  -24.791  -76.882  15.898 0.0000000000
11570  -30.713  -76.218  15.737 0.0000000000
11571  -31.304  -76.478  15.748 0.0000000000
11573  -33.780  -77.025  15.201 0.0000000000
11574  -34.579  -77.052  14.882 0.0000000000
11584  -33.371  -76.337  14.827 0.0000000000
11585  -34.269  -76.357  14.666 0.0000000000
11586  -35.256  -76.599  14.486 0.0000000000
11587  -36.311  -76.633  14.319 0.0000000000
11588  -37.272  -76.707  14.357 0.0000000000
11589  -38.207  -76.747  14.450 0.0000000000
11590  -39.198  -76.781  14.510 0.0000000000
11620  -37.354  -77.459  12.424 0.0000000000
11621  -38.072  -76.943  12.388 0.0000000000
11624  -41.264  -76.745  12.494 0.0000000000
11625  -42.055  -76.464  12.587 0.0000000000
11639  -35.229  -76.791  11.163 0.0000000000
11640  -35.754  -76.554  11.543 0.0000000000
11641  -36.910  -76.661  12.180 0.0000000000
11642  -37.540  -76.429  12.227 0.0000000000
11652  -34.990  -76.865  10.734 0.0000000000
11653  -35.389  -76.348  10.862 0.0000000000
11660  -34.872  -76.991  10.274 0.0000000000
11661  -35.286  -76.526  10.086 0.0000000000
11672  -36.191  -76.680  9.135 0.0000000000
11673  -36.807  -76.349  9.009 0.0000000000
11674  -38.079  -76.514  8.662 0.0000000000
11675  -39.248  -76.614  8.328 0.0000000000
11676  -40.171  -76.544  7.852 0.0000000000
11692  -33.921  -76.801  6.269 0.0000000000
11693  -34.780  -76.844  6.578 0.0000000000
11694  -35.874  -76.758  6.704 0.0000000000
11695  -37.033  -76.575  6.550 0.0000000000
11696  -38.106  -76.539  6.404 0.0000000000
11697  -39.008  -76.620  6.351 0.0000000000
11698  -39.516  -76.478  6.352 0.0000000000
11707  -33.439  -76.542  5.566 0.0000000000
11708  -39.381  -76.891  6.318 0.0000000000
11709  -39.814  -76.450  6.303 0.0000000000
11724  -33.242  -76.243  4.592 0.0000000000
11740  -33.621  -76.296  3.774 0.0000000000
11741  -34.256  -76.293  3.194 0.0000000000
11757  -34.784  -76.145  2.670 0.0000000000
11758  -35.339  -76.371  2.282 0.0000000000
11776  -35.830  -76.399  1.710 0.0000000000
12286  -27.614  -75.906  23.268 0.0000000000
12287  -28.051  -75.642  23.401 0.0000000000
12288  -29.046  -75.726  23.598 0.0000000000
12289  -30.004  -75.733  23.647 0.0000000000
12290  -31.004  -75.750  23.628 0.0000000000
12305  -26.720  -75.498  22.231 0.0000000000
12306  -27.272  -75.694  22.908 0.0000000000
12307  -27.730  -75.190  23.106 0.0000000000
12323  -25.905  -75.606  21.312 0.0000000000
12324  -26.409  -75.714  21.776 0.0000000000
12343  -24.637  -75.815  19.921 0.0000000000
12344  -25.326  -75.558  20.520 0.0000000000
12359  -24.473  -75.336  19.198 0.0000000000
12360  -24.943  -75.108  19.811 0.0000000000
12364  -38.907  -75.794  19.580 0.0000000000
12365  -39.855  -75.853  19.619 0.0000000000
12378  -23.716  -75.868  17.975 0.0000000000
12379  -24.285  -75.447  18.308 0.0000000000
12390  -23.932  -75.843  17.644 0.0000000000
12391  -24.566  -75.560  17.310 0.0000000000
12392  -25.287  -75.298  16.927 0.0000000000
12400  -25.017  -75.855  16.602 0.0000000000
12401  -25.855  -75.539  16.434 0.0000000000
12402  -26.869  -75.471  16.387 0.0000000000
12403  -27.626  -75.336  16.433 0.0000000000
12404  -28.278  -75.633  16.413 0.0000000000
12405  -29.035  -75.683  16.361 0.0000000000
12406  -29.722  -76.025  16.199 0.0000000000
12413  -29.522  -75.366  15.849 0.0000000000
12414  -30.225  -75.732  15.667 0.0000000000
12415  -31.008  -75.678  15.251 0.0000000000
12416  -31.791  -76.057  15.139 0.0000000000
12424  -31.669  -75.331  14.754 0.0000000000
12425  -32.624  -75.634  14.626 0.0000000000
12426  -33.818  -75.522  14.360 0.0000000000
12427  -34.856  -75.664  14.207 0.0000000000
12428  -35.877  -75.805  14.109 0.0000000000
12429  -36.888  -75.915  14.139 0.0000000000
12430  -37.704  -76.086  14.282 0.0000000000
12431  -38.525  -75.922  14.348 0.0000000000
12432  -39.537  -75.872  14.477 0.0000000000
12449  -38.677  -76.269  12.252 0.0000000000
12450  -39.518  -76.176  12.275 0.0000000000
12451  -40.414  -75.876  12.337 0.0000000000
12452  -41.437  -75.777  12.369 0.0000000000
12453  -42.346  -75.522  12.292 0.0000000000
12454  -42.979  -75.589  12.452 0.0000000000
12458  -35.805  -75.838  11.074 0.0000000000
12459  -36.552  -75.582  11.461 0.0000000000
12460  -37.713  -75.775  12.030 0.0000000000
12461  -38.779  -75.478  12.112 0.0000000000
12462  -39.555  -75.426  12.201 0.0000000000
12463  -42.570  -75.008  12.106 0.0000000000
12464  -42.903  -75.087  12.101 0.0000000000
12468  -35.719  -75.880  10.416 0.0000000000
12469  -36.204  -75.394  10.713 0.0000000000
12471  -35.731  -75.988  9.941 0.0000000000
12472  -36.238  -75.534  9.935 0.0000000000
12476  -37.669  -75.478  8.962 0.0000000000
12477  -38.745  -75.444  8.568 0.0000000000
12478  -39.844  -75.630  8.187 0.0000000000
12479  -40.668  -75.631  7.678 0.0000000000
12482  -32.865  -74.913  6.962 0.0000000000
12483  -33.653  -75.204  7.264 0.0000000000
12484  -34.657  -75.224  7.413 0.0000000000
12485  -35.664  -75.066  7.395 0.0000000000
12486  -36.241  -74.883  7.282 0.0000000000
12487  -41.268  -75.555  7.225 0.0000000000
12494  -32.659  -75.092  6.211 0.0000000000
12495  -33.321  -75.783  6.410 0.0000000000
12496  -34.210  -76.027  6.893 0.0000000000
12497  -35.273  -75.928  7.016 0.0000000000
12498  -36.496  -75.478  6.940 0.0000000000
12499  -37.733  -75.520  6.571 0.0000000000
12500  -38.804  -75.611  6.442 0.0000000000
12501  -39.651  -75.787  6.317 0.0000000000
12517  -32.608  -74.933  5.634 0.0000000000
12518  -32.888  -75.610  5.465 0.0000000000
12519  -40.126  -75.721  6.239 0.0000000000
12520  -40.529  -75.393  6.172 0.0000000000
12535  -32.737  -74.931  5.129 0.0000000000
12536  -33.048  -75.254  4.614 0.0000000000
12548  -33.373  -75.595  4.022 0.0000000000
12549  -33.895  -75.465  3.477 0.0000000000
12566  -34.518  -75.455  2.928 0.0000000000
12567  -35.191  -75.436  2.470 0.0000000000
12568  -35.850  -75.060  2.177 0.0000000000
12582  -35.718  -75.743  2.029 0.0000000000
12583  -36.256  -75.369  1.543 0.0000000000
13123  -28.720  -75.060  23.419 0.0000000000
13124  -29.502  -74.847  23.498 0.0000000000
13125  -30.490  -74.887  23.515 0.0000000000
13146  -26.986  -74.966  22.441 0.0000000000
13147  -27.556  -74.702  22.772 0.0000000000
13148  -28.161  -74.790  23.167 0.0000000000
13149  -30.002  -74.183  23.210 0.0000000000
13150  -30.904  -74.262  22.977 0.0000000000
13174  -25.744  -74.850  20.970 0.0000000000
13175  -26.446  -74.633  21.749 0.0000000000
13176  -27.136  -74.341  22.345 0.0000000000
13200  -25.450  -74.408  20.141 0.0000000000
13201  -25.948  -74.113  20.859 0.0000000000
13222  -24.598  -75.011  18.802 0.0000000000
13223  -24.941  -74.512  19.185 0.0000000000
13228  -38.349  -74.687  19.355 0.0000000000
13229  -39.301  -74.960  19.456 0.0000000000
13247  -24.735  -74.796  18.508 0.0000000000
13248  -25.270  -74.343  18.313 0.0000000000
13249  -25.796  -74.136  17.762 0.0000000000
13250  -37.748  -74.160  19.217 0.0000000000
13251  -38.108  -74.003  19.173 0.0000000000
13263  -24.773  -74.902  17.951 0.0000000000
13264  -25.332  -74.746  17.460 0.0000000000
13265  -26.031  -74.365  17.166 0.0000000000
13266  -26.645  -74.210  16.923 0.0000000000
13276  -25.742  -74.890  16.879 0.0000000000
13277  -26.390  -74.805  16.679 0.0000000000
13278  -27.224  -74.616  16.603 0.0000000000
13279  -28.110  -74.668  16.346 0.0000000000
13280  -28.586  -75.156  16.277 0.0000000000
13290  -28.385  -74.229  16.087 0.0000000000
13291  -28.897  -74.667  15.947 0.0000000000
13292  -29.947  -74.614  15.345 0.0000000000
13293  -30.514  -75.169  15.218 0.0000000000
13303  -30.455  -74.100  15.014 0.0000000000
13304  -30.965  -74.599  14.798 0.0000000000
13305  -32.091  -74.538  14.368 0.0000000000
13306  -33.329  -74.394  13.952 0.0000000000
13307  -34.477  -74.755  13.902 0.0000000000
13308  -35.504  -74.920  13.893 0.0000000000
13309  -36.539  -75.061  13.914 0.0000000000
13310  -37.669  -75.205  14.133 0.0000000000
13311  -38.853  -74.907  14.260 0.0000000000
13312  -39.862  -74.958  14.437 0.0000000000
13313  -40.840  -74.918  14.535 0.0000000000
13325  -33.737  -73.702  13.757 0.0000000000
13326  -34.255  -73.890  13.684 0.0000000000
13327  -35.166  -74.060  13.612 0.0000000000
13328  -36.161  -74.190  13.655 0.0000000000
13329  -37.177  -74.310  13.759 0.0000000000
13330  -38.092  -74.367  13.890 0.0000000000
13340  -39.974  -75.038  12.223 0.0000000000
13341  -40.755  -74.973  12.228 0.0000000000
13342  -41.642  -74.932  12.194 0.0000000000
13353  -36.677  -74.901  10.910 0.0000000000
13354  -37.423  -74.591  11.290 0.0000000000
13355  -38.223  -74.802  11.745 0.0000000000
13356  -39.131  -74.592  12.002 0.0000000000
13357  -40.050  -74.354  12.159 0.0000000000
13358  -42.246  -74.821  12.104 0.0000000000
13359  -42.680  -74.559  11.936 0.0000000000
13360  -43.428  -74.458  11.952 0.0000000000
13370  -36.592  -75.020  10.375 0.0000000000
13371  -37.142  -74.489  10.441 0.0000000000
13380  -36.811  -74.922  9.912 0.0000000000
13381  -37.567  -74.549  9.569 0.0000000000
13382  -38.223  -74.181  9.146 0.0000000000
13392  -33.270  -73.863  8.011 0.0000000000
13393  -33.678  -73.950  8.178 0.0000000000
13394  -34.419  -73.971  8.266 0.0000000000
13395  -38.129  -74.780  8.918 0.0000000000
13396  -38.695  -74.421  8.704 0.0000000000
13397  -39.490  -74.641  8.398 0.0000000000
13398  -40.363  -74.724  7.992 0.0000000000
13407  -32.673  -74.166  7.164 0.0000000000
13408  -33.206  -74.288  7.652 0.0000000000
13409  -34.103  -74.568  7.859 0.0000000000
13410  -35.124  -74.355  7.883 0.0000000000
13411  -36.108  -74.289  7.515 0.0000000000
13412  -36.807  -73.999  7.272 0.0000000000
13413  -41.124  -74.740  7.514 0.0000000000
13422  -32.545  -74.335  6.534 0.0000000000
13423  -36.626  -74.619  7.185 0.0000000000
13424  -37.413  -74.409  6.922 0.0000000000
13425  -38.511  -74.506  6.565 0.0000000000
13426  -39.578  -74.557  6.282 0.0000000000
13441  -32.495  -74.498  5.947 0.0000000000
13442  -40.340  -74.866  6.038 0.0000000000
13454  -32.629  -74.334  5.382 0.0000000000
13455  -32.946  -74.373  4.678 0.0000000000
13466  -33.507  -74.650  3.951 0.0000000000
13467  -34.341  -74.449  3.218 0.0000000000
13468  -34.786  -73.773  3.086 0.0000000000
13481  -34.803  -74.909  2.746 0.0000000000
13482  -35.300  -74.300  2.591 0.0000000000
13483  -36.283  -74.264  1.936 0.0000000000
13495  -37.030  -74.136  1.085 0.0000000000
14067  -28.855  -74.363  23.254 0.0000000000
14068  -29.411  -74.220  23.265 0.0000000000
14083  -27.538  -74.083  22.508 0.0000000000
14084  -28.171  -73.946  22.752 0.0000000000
14085  -29.315  -73.722  22.789 0.0000000000
14086  -30.355  -73.679  22.516 0.0000000000
14099  -26.532  -73.405  21.113 0.0000000000
14100  -27.378  -73.472  21.988 0.0000000000
14101  -28.670  -73.147  22.010 0.0000000000
14119  -25.571  -73.895  19.953 0.0000000000
14120  -25.924  -73.461  20.060 0.0000000000
14125  -34.331  -73.877  20.460 0.0000000000
14140  -25.491  -73.914  19.591 0.0000000000
14141  -25.794  -73.467  19.193 0.0000000000
14142  -34.099  -73.536  20.180 0.0000000000
14146  -37.258  -73.931  19.156 0.0000000000
14147  -38.947  -74.319  19.367 0.0000000000
14148  -39.528  -73.958  19.394 0.0000000000
14149  -40.644  -73.624  19.496 0.0000000000
14150  -41.783  -73.673  19.750 0.0000000000
14151  -42.792  -73.704  19.955 0.0000000000
14166  -25.437  -73.910  18.936 0.0000000000
14167  -25.952  -73.610  18.375 0.0000000000
14169  -36.894  -73.420  18.875 0.0000000000
14170  -37.724  -73.545  18.920 0.0000000000
14171  -38.630  -73.647  19.146 0.0000000000
14172  -39.247  -73.311  19.170 0.0000000000
14185  -26.409  -73.746  17.472 0.0000000000
14186  -27.197  -73.706  16.906 0.0000000000
14187  -27.634  -73.198  16.934 0.0000000000
14199  -27.655  -74.126  16.503 0.0000000000
14200  -28.190  -73.562  16.390 0.0000000000
14201  -28.849  -72.977  16.119 0.0000000000
14210  -28.589  -74.003  15.902 0.0000000000
14211  -29.196  -73.589  15.688 0.0000000000
14212  -30.152  -73.600  15.203 0.0000000000
14215  -30.786  -73.631  14.808 0.0000000000
14216  -31.583  -73.639  14.505 0.0000000000
14217  -32.544  -73.523  14.155 0.0000000000
14218  -33.368  -73.342  13.865 0.0000000000
14219  -39.419  -74.379  14.229 0.0000000000
14220  -40.015  -73.897  14.234 0.0000000000
14221  -41.211  -74.000  14.279 0.0000000000
14222  -42.236  -74.029  14.385 0.0000000000
14229  -34.037  -73.188  13.676 0.0000000000
14230  -34.848  -73.200  13.562 0.0000000000
14231  -35.806  -73.302  13.539 0.0000000000
14232  -36.798  -73.427  13.590 0.0000000000
14233  -37.806  -73.569  13.640 0.0000000000
14234  -38.932  -73.782  13.850 0.0000000000
14235  -39.513  -73.388  13.826 0.0000000000
14239  -40.611  -74.354  12.200 0.0000000000
14240  -41.094  -74.389  12.202 0.0000000000
14244  -37.764  -74.094  11.159 0.0000000000
14245  -38.277  -73.789  11.308 0.0000000000
14246  -39.424  -73.626  11.770 0.0000000000
14247  -40.545  -73.697  12.070 0.0000000000
14248  -41.830  -73.973  12.011 0.0000000000
14249  -42.923  -73.736  11.704 0.0000000000
14250  -43.890  -73.557  11.612 0.0000000000
14255  -37.673  -73.993  10.845 0.0000000000
14256  -38.107  -73.462  10.461 0.0000000000
14259  -37.707  -73.953  10.183 0.0000000000
14260  -38.311  -73.547  9.652 0.0000000000
14261  -38.908  -73.298  9.121 0.0000000000
14267  -32.608  -73.005  7.987 0.0000000000
14268  -33.137  -73.357  8.264 0.0000000000
14269  -34.090  -73.320  8.566 0.0000000000
14270  -35.099  -73.341  8.336 0.0000000000
14271  -35.911  -73.064  8.077 0.0000000000
14272  -38.601  -73.797  9.002 0.0000000000
14273  -39.164  -73.806  8.636 0.0000000000
14274  -39.993  -73.777  8.325 0.0000000000
14283  -32.708  -73.562  7.639 0.0000000000
14284  -33.052  -73.792  7.914 0.0000000000
14285  -35.745  -73.682  7.883 0.0000000000
14286  -36.512  -73.343  7.644 0.0000000000
14287  -37.401  -73.360  7.247 0.0000000000
14288  -40.798  -73.796  7.825 0.0000000000
14289  -41.537  -73.735  7.311 0.0000000000
14290  -42.086  -73.148  7.011 0.0000000000
14298  -32.405  -73.517  6.874 0.0000000000
14299  -38.266  -73.367  6.803 0.0000000000
14300  -39.176  -73.545  6.440 0.0000000000
14301  -39.862  -73.601  6.128 0.0000000000
14317  -32.430  -73.652  5.933 0.0000000000
14319  -40.878  -73.932  5.630 0.0000000000
14333  -32.764  -73.555  5.026 0.0000000000
14334  -33.443  -73.492  4.262 0.0000000000
14335  -33.822  -72.871  4.112 0.0000000000
14350  -33.816  -73.914  3.664 0.0000000000
14351  -34.302  -73.135  3.581 0.0000000000
14352  -35.146  -73.166  2.885 0.0000000000
14370  -35.989  -73.287  2.376 0.0000000000
14371  -36.850  -73.223  1.772 0.0000000000
14395  -37.200  -73.321  1.311 0.0000000000
14396  -37.399  -73.010  0.904 0.0000000000
15041  -27.161  -72.816  21.214 0.0000000000
15042  -28.048  -72.444  21.110 0.0000000000
15043  -29.355  -72.628  21.148 0.0000000000
15058  -26.952  -72.459  20.308 0.0000000000
15059  -28.029  -72.047  20.017 0.0000000000
15060  -29.028  -72.226  20.181 0.0000000000
15063  -32.417  -72.920  20.327 0.0000000000
15064  -33.304  -73.126  20.249 0.0000000000
15065  -33.761  -73.355  20.180 0.0000000000
15078  -26.428  -72.747  18.994 0.0000000000
15079  -27.529  -72.008  19.120 0.0000000000
15080  -28.726  -71.870  19.158 0.0000000000
15081  -29.886  -72.036  19.311 0.0000000000
15082  -30.983  -72.284  19.513 0.0000000000
15083  -32.056  -72.482  19.629 0.0000000000
15084  -33.078  -72.659  19.687 0.0000000000
15088  -39.783  -73.006  19.271 0.0000000000
15089  -40.523  -72.396  19.294 0.0000000000
15090  -41.405  -72.695  19.530 0.0000000000
15091  -42.420  -72.763  19.794 0.0000000000
15092  -43.497  -72.886  19.877 0.0000000000
15109  -26.585  -73.047  17.899 0.0000000000
15110  -27.259  -72.411  18.070 0.0000000000
15111  -28.310  -71.910  18.108 0.0000000000
15112  -29.685  -71.622  18.091 0.0000000000
15113  -30.812  -71.701  18.632 0.0000000000
15114  -31.842  -71.906  18.862 0.0000000000
15115  -32.840  -72.158  18.978 0.0000000000
15119  -36.370  -72.822  18.631 0.0000000000
15120  -37.249  -72.787  18.596 0.0000000000
15121  -38.147  -72.789  18.638 0.0000000000
15122  -39.065  -72.650  18.872 0.0000000000
15123  -39.790  -72.202  19.076 0.0000000000
15134  -26.816  -73.348  17.375 0.0000000000
15135  -27.199  -72.991  17.346 0.0000000000
15136  -27.988  -72.617  17.182 0.0000000000
15137  -29.015  -72.073  17.125 0.0000000000
15146  -28.600  -72.692  16.595 0.0000000000
15147  -29.190  -72.491  16.397 0.0000000000
15148  -29.716  -72.396  16.101 0.0000000000
15157  -29.349  -72.782  15.892 0.0000000000
15158  -30.034  -72.710  15.504 0.0000000000
15159  -30.826  -72.551  15.238 0.0000000000
15160  -31.477  -72.367  15.068 0.0000000000
15167  -30.554  -73.041  15.013 0.0000000000
15168  -31.181  -72.940  14.779 0.0000000000
15169  -32.059  -72.662  14.580 0.0000000000
15170  -33.020  -72.600  14.244 0.0000000000
15171  -33.740  -72.193  14.220 0.0000000000
15172  -39.835  -73.018  13.759 0.0000000000
15173  -40.654  -72.939  13.819 0.0000000000
15174  -41.651  -73.206  14.007 0.0000000000
15175  -42.524  -73.146  14.132 0.0000000000
15176  -43.440  -72.839  14.110 0.0000000000
15177  -44.417  -72.729  14.103 0.0000000000
15184  -33.704  -72.717  13.910 0.0000000000
15185  -34.436  -72.370  13.803 0.0000000000
15186  -35.449  -72.430  13.626 0.0000000000
15187  -36.436  -72.529  13.598 0.0000000000
15188  -37.424  -72.669  13.604 0.0000000000
15189  -38.395  -72.812  13.604 0.0000000000
15190  -39.231  -72.777  13.653 0.0000000000
15191  -41.306  -72.484  13.753 0.0000000000
15192  -41.934  -72.496  13.768 0.0000000000
15193  -42.629  -72.318  13.800 0.0000000000
15194  -43.184  -72.012  13.773 0.0000000000
15203  -38.982  -72.943  11.282 0.0000000000
15204  -39.859  -72.688  11.543 0.0000000000
15205  -41.047  -72.786  11.768 0.0000000000
15206  -42.224  -72.828  11.708 0.0000000000
15207  -43.314  -72.769  11.546 0.0000000000
15208  -44.262  -72.625  11.536 0.0000000000
15214  -38.623  -72.898  10.616 0.0000000000
15215  -39.265  -72.267  10.811 0.0000000000
15220  -38.461  -73.004  10.078 0.0000000000
15221  -39.171  -72.453  9.625 0.0000000000
15222  -39.933  -71.886  9.124 0.0000000000
15226  -33.579  -72.565  8.818 0.0000000000
15228  -35.716  -72.420  8.486 0.0000000000
15229  -36.470  -72.493  8.008 0.0000000000
15230  -39.502  -73.121  8.762 0.0000000000
15231  -40.476  -72.536  8.367 0.0000000000
15232  -41.245  -71.994  7.960 0.0000000000
15241  -37.158  -72.529  7.587 0.0000000000
15242  -38.139  -72.474  7.145 0.0000000000
15244  -41.146  -73.158  7.709 0.0000000000
15245  -41.665  -72.516  7.489 0.0000000000
15246  -42.305  -72.331  6.765 0.0000000000
15255  -32.303  -72.608  6.422 0.0000000000
15256  -38.412  -72.787  6.849 0.0000000000
15257  -38.832  -72.546  6.661 0.0000000000
15258  -39.871  -72.711  6.118 0.0000000000
15270  -32.658  -72.597  5.436 0.0000000000
15271  -33.142  -72.248  4.901 0.0000000000
15272  -40.185  -73.305  5.913 0.0000000000
15273  -40.616  -73.025  5.685 0.0000000000
15285  -33.073  -72.890  4.794 0.0000000000
15286  -33.523  -72.570  4.478 0.0000000000
15287  -34.011  -72.280  4.127 0.0000000000
15299  -34.512  -72.080  3.784 0.0000000000
15300  -35.044  -72.235  3.329 0.0000000000
15317  -35.701  -72.324  2.728 0.0000000000
15318  -36.449  -72.335  2.267 0.0000000000
15341  -37.636  -72.011  1.228 0.0000000000
15342  -37.962  -71.517  0.912 0.0000000000
16105  -40.645  -71.919  19.204 0.0000000000
16106  -41.054  -71.893  19.287 0.0000000000
16107  -41.966  -71.834  19.536 0.0000000000
16108  -43.056  -71.907  19.613 0.0000000000
16109  -44.166  -72.059  19.566 0.0000000000
16126  -30.268  -71.537  17.461 0.0000000000
16127  -30.794  -71.507  17.727 0.0000000000
16128  -31.713  -71.580  18.006 0.0000000000
16129  -32.668  -71.715  18.212 0.0000000000
16130  -33.612  -71.941  18.332 0.0000000000
16131  -34.672  -72.225  18.461 0.0000000000
16132  -35.771  -72.195  18.334 0.0000000000
16133  -36.720  -72.106  18.297 0.0000000000
16134  -37.624  -72.015  18.383 0.0000000000
16135  -38.489  -71.908  18.512 0.0000000000
16136  -39.339  -71.625  18.587 0.0000000000
16137  -40.403  -71.554  18.882 0.0000000000
16138  -41.426  -71.144  18.958 0.0000000000
16140  -43.685  -71.178  19.078 0.0000000000
16141  -44.800  -71.376  19.024 0.0000000000
16157  -29.908  -71.656  17.038 0.0000000000
16158  -30.714  -71.523  16.955 0.0000000000
16159  -31.612  -71.485  17.124 0.0000000000
16160  -32.572  -71.477  17.363 0.0000000000
16161  -33.436  -71.496  17.624 0.0000000000
16162  -34.293  -71.556  17.721 0.0000000000
16163  -35.230  -71.622  17.806 0.0000000000
16164  -36.184  -71.562  17.791 0.0000000000
16165  -37.130  -71.437  17.849 0.0000000000
16166  -38.070  -71.329  17.981 0.0000000000
16167  -38.772  -71.293  18.183 0.0000000000
16175  -29.647  -72.109  16.582 0.0000000000
16176  -30.395  -72.015  16.202 0.0000000000
16177  -31.417  -71.640  16.249 0.0000000000
16178  -32.478  -71.400  16.408 0.0000000000
16179  -33.510  -71.188  16.783 0.0000000000
16180  -33.962  -71.258  17.262 0.0000000000
16188  -30.601  -72.320  15.628 0.0000000000
16189  -31.148  -72.073  15.596 0.0000000000
16190  -32.220  -71.812  15.308 0.0000000000
16191  -33.587  -71.178  15.659 0.0000000000
16192  -34.794  -70.938  15.332 0.0000000000
16193  -35.416  -70.798  15.287 0.0000000000
16203  -32.620  -72.181  14.673 0.0000000000
16204  -33.233  -71.847  14.717 0.0000000000
16205  -34.342  -71.546  14.558 0.0000000000
16206  -35.609  -71.070  14.667 0.0000000000
16207  -36.772  -71.089  14.342 0.0000000000
16208  -37.797  -71.223  14.208 0.0000000000
16209  -38.762  -71.429  14.042 0.0000000000
16210  -39.715  -71.976  13.753 0.0000000000
16211  -40.879  -71.758  13.768 0.0000000000
16212  -41.443  -71.431  13.746 0.0000000000
16213  -43.882  -71.801  13.941 0.0000000000
16226  -35.157  -71.730  13.975 0.0000000000
16227  -36.072  -71.690  13.872 0.0000000000
16228  -37.089  -71.813  13.816 0.0000000000
16229  -38.061  -71.947  13.672 0.0000000000
16230  -38.905  -72.178  13.702 0.0000000000
16231  -39.281  -72.304  13.686 0.0000000000
16232  -41.489  -71.967  13.665 0.0000000000
16233  -41.988  -71.697  13.652 0.0000000000
16234  -42.649  -71.558  13.707 0.0000000000
16235  -43.191  -71.414  13.801 0.0000000000
16255  -39.758  -72.089  11.196 0.0000000000
16256  -40.366  -71.869  11.317 0.0000000000
16257  -41.502  -71.825  11.546 0.0000000000
16258  -42.648  -71.810  11.641 0.0000000000
16259  -43.732  -71.815  11.520 0.0000000000
16260  -44.694  -71.727  11.536 0.0000000000
16267  -39.753  -71.795  10.878 0.0000000000
16268  -40.125  -71.374  10.582 0.0000000000
16279  -39.548  -71.754  10.309 0.0000000000
16280  -39.958  -71.411  9.715 0.0000000000
16295  -40.414  -71.415  8.917 0.0000000000
16296  -41.088  -71.441  8.337 0.0000000000
16310  -36.923  -72.020  7.885 0.0000000000
16314  -41.721  -71.463  7.754 0.0000000000
16315  -42.323  -71.496  7.130 0.0000000000
16327  -38.871  -71.922  6.774 0.0000000000
16337  -32.515  -71.658  5.982 0.0000000000
16338  -33.001  -71.590  5.285 0.0000000000
16339  -41.048  -72.009  5.536 0.0000000000
16340  -41.879  -71.855  5.378 0.0000000000
16351  -33.610  -71.619  4.649 0.0000000000
16352  -34.264  -71.397  4.138 0.0000000000
16363  -34.855  -71.322  3.654 0.0000000000
16364  -35.600  -71.325  3.154 0.0000000000
16365  -36.208  -70.977  2.796 0.0000000000
16378  -36.136  -71.644  2.625 0.0000000000
16379  -36.765  -71.296  2.277 0.0000000000
16401  -38.177  -70.974  0.861 0.0000000000
16464  -37.623  -71.126  -1.164 0.0000000000
16465  -38.150  -70.740  -0.689 0.0000000000
17167  -39.165  -71.086  18.148 0.0000000000
17168  -39.740  -70.900  18.170 0.0000000000
17169  -40.773  -70.645  18.181 0.0000000000
17170  -41.938  -70.472  18.156 0.0000000000
17171  -43.153  -70.482  18.246 0.0000000000
17172  -44.308  -70.634  18.382 0.0000000000
17185  -34.331  -71.236  17.277 0.0000000000
17186  -34.808  -71.173  17.287 0.0000000000
17187  -35.651  -71.091  17.266 0.0000000000
17188  -36.580  -70.936  17.288 0.0000000000
17189  -37.585  -70.775  17.359 0.0000000000
17190  -38.802  -70.657  17.579 0.0000000000
17191  -40.001  -70.276  17.334 0.0000000000
17192  -41.192  -70.133  17.172 0.0000000000
17193  -42.571  -69.900  16.973 0.0000000000
17194  -43.857  -70.124  17.474 0.0000000000
17206  -33.902  -71.047  16.668 0.0000000000
17207  -34.250  -71.006  16.825 0.0000000000
17208  -35.096  -70.805  16.695 0.0000000000
17209  -36.004  -70.684  16.622 0.0000000000
17210  -36.959  -70.484  16.615 0.0000000000
17211  -38.012  -70.322  16.591 0.0000000000
17212  -39.147  -70.117  16.460 0.0000000000
17213  -40.389  -69.955  16.148 0.0000000000
17214  -41.469  -69.829  16.103 0.0000000000
17215  -42.241  -69.783  15.843 0.0000000000
17223  -33.938  -70.983  16.409 0.0000000000
17224  -34.495  -70.818  16.127 0.0000000000
17225  -35.417  -70.652  15.889 0.0000000000
17226  -36.339  -70.478  15.884 0.0000000000
17227  -37.284  -70.329  15.771 0.0000000000
17228  -38.330  -70.285  15.609 0.0000000000
17229  -39.422  -70.249  15.345 0.0000000000
17230  -40.573  -70.203  14.955 0.0000000000
17231  -41.568  -69.921  15.161 0.0000000000
17232  -42.495  -69.793  15.139 0.0000000000
17243  -35.867  -70.697  15.352 0.0000000000
17244  -36.561  -70.623  15.108 0.0000000000
17245  -37.548  -70.598  14.892 0.0000000000
17246  -38.565  -70.666  14.674 0.0000000000
17247  -39.559  -70.828  14.400 0.0000000000
17248  -40.397  -71.038  14.144 0.0000000000
17249  -41.356  -70.748  14.114 0.0000000000
17250  -42.487  -70.358  14.366 0.0000000000
17251  -43.392  -70.795  14.027 0.0000000000
17260  -41.688  -71.171  13.750 0.0000000000
17261  -42.134  -70.987  13.770 0.0000000000
17262  -42.770  -70.960  13.838 0.0000000000
17273  -40.893  -71.062  11.048 0.0000000000
17274  -41.965  -70.791  11.341 0.0000000000
17275  -43.136  -70.897  11.487 0.0000000000
17276  -44.180  -70.911  11.453 0.0000000000
17277  -45.167  -70.822  11.456 0.0000000000
17292  -40.584  -70.769  10.162 0.0000000000
17293  -41.273  -70.318  10.622 0.0000000000
17312  -40.579  -70.865  9.420 0.0000000000
17313  -41.256  -70.193  9.542 0.0000000000
17329  -40.939  -70.795  8.841 0.0000000000
17330  -41.825  -70.534  8.391 0.0000000000
17331  -42.678  -70.336  7.866 0.0000000000
17348  -42.325  -70.870  7.614 0.0000000000
17349  -43.073  -70.549  7.125 0.0000000000
17350  -43.674  -70.217  6.718 0.0000000000
17368  -43.342  -70.561  6.561 0.0000000000
17383  -41.579  -71.137  5.392 0.0000000000
17384  -42.335  -70.854  5.424 0.0000000000
17452  -38.514  -70.212  0.610 0.0000000000
17511  -38.026  -70.221  -1.114 0.0000000000
18235  -43.658  -69.754  16.623 0.0000000000
18236  -44.565  -69.717  16.867 0.0000000000
18244  -41.008  -69.890  15.600 0.0000000000
18245  -41.353  -69.839  15.650 0.0000000000
18246  -43.172  -69.698  15.768 0.0000000000
18247  -44.242  -69.581  15.946 0.0000000000
18254  -41.078  -69.962  15.276 0.0000000000
18255  -41.255  -69.884  15.437 0.0000000000
18256  -43.162  -69.875  14.789 0.0000000000
18257  -43.985  -69.686  15.044 0.0000000000
18258  -44.974  -69.577  15.220 0.0000000000
18267  -43.196  -70.300  14.408 0.0000000000
18268  -43.794  -70.233  14.438 0.0000000000
18291  -41.887  -69.917  10.936 0.0000000000
18292  -42.653  -70.005  11.249 0.0000000000
18293  -43.607  -70.047  11.409 0.0000000000
18294  -44.585  -69.987  11.424 0.0000000000
18295  -45.562  -69.890  11.336 0.0000000000
18315  -41.663  -69.768  10.290 0.0000000000
18316  -42.414  -69.396  10.477 0.0000000000
18317  -43.145  -69.399  10.990 0.0000000000
18318  -43.984  -69.286  11.089 0.0000000000
18319  -44.946  -69.133  11.053 0.0000000000
18320  -45.949  -69.070  10.946 0.0000000000
18340  -41.922  -69.566  9.757 0.0000000000
18341  -42.633  -69.201  9.478 0.0000000000
18342  -43.276  -68.999  8.889 0.0000000000
18354  -41.958  -69.677  9.052 0.0000000000
18355  -42.735  -69.646  8.447 0.0000000000
18371  -43.239  -69.896  7.724 0.0000000000
18372  -43.918  -69.737  7.219 0.0000000000
18373  -44.891  -69.352  6.920 0.0000000000
18393  -44.167  -69.820  6.605 0.0000000000
18416  -41.829  -70.377  5.551 0.0000000000
18417  -42.714  -69.794  5.510 0.0000000000
18514  -39.009  -69.281  0.219 0.0000000000
18533  -38.867  -69.249  -0.499 0.0000000000
18534  -39.108  -68.797  -0.530 0.0000000000
18552  -38.404  -69.503  -1.004 0.0000000000
19345  -42.958  -69.127  10.580 0.0000000000
19346  -43.436  -68.919  10.554 0.0000000000
19347  -44.263  -68.663  10.463 0.0000000000
19348  -45.300  -68.486  10.336 0.0000000000
19368  -42.931  -68.952  10.181 0.0000000000
19369  -43.523  -68.691  9.715 0.0000000000
19410  -45.199  -68.769  7.541 0.0000000000
19538  -38.897  -68.519  0.473 0.0000000000
19557  -38.996  -68.731  -0.748 0.0000000000
19558  -39.155  -68.338  -0.699 0.0000000000
19576  -39.060  -68.143  -1.108 0.0000000000
20295  -47.766  -68.137  15.600 0.0000000000
20308  -45.567  -67.478  14.439 0.0000000000
20309  -46.615  -67.630  14.579 0.0000000000
20310  -47.568  -67.752  14.663 0.0000000000
20318  -45.363  -66.883  13.612 0.0000000000
20319  -46.391  -67.025  13.679 0.0000000000
20320  -47.383  -67.179  13.838 0.0000000000
20501  -34.573  -67.720  3.149 0.0000000000
20518  -34.730  -67.184  2.544 0.0000000000
20519  -35.280  -67.531  2.310 0.0000000000
20520  -35.784  -67.612  1.930 0.0000000000
20534  -35.639  -67.225  1.828 0.0000000000
20535  -36.250  -67.447  1.539 0.0000000000
20536  -37.132  -67.600  1.051 0.0000000000
20550  -37.834  -67.625  0.599 0.0000000000
20551  -38.601  -67.626  0.317 0.0000000000
20552  -39.191  -67.758  0.040 0.0000000000
20580  -39.111  -67.540  -1.321 0.0000000000
21317  -46.091  -66.100  12.904 0.0000000000
21318  -47.148  -66.465  13.161 0.0000000000
21319  -48.027  -66.695  13.286 0.0000000000
21321  -49.027  -67.200  13.120 0.0000000000
21336  -46.564  -65.493  12.661 0.0000000000
21337  -47.009  -65.785  12.646 0.0000000000
21338  -47.758  -66.105  12.700 0.0000000000
21339  -48.471  -66.416  12.699 0.0000000000
21340  -49.070  -66.781  12.505 0.0000000000
21354  -49.106  -66.732  11.878 0.0000000000
21488  -33.862  -66.739  3.310 0.0000000000
21489  -34.414  -66.889  2.741 0.0000000000
21501  -34.195  -66.243  2.656 0.0000000000
21502  -34.818  -66.480  2.106 0.0000000000
21503  -35.307  -66.962  1.898 0.0000000000
21517  -35.160  -65.940  1.657 0.0000000000
21518  -35.653  -66.493  1.508 0.0000000000
21519  -36.742  -66.571  0.852 0.0000000000
21520  -37.398  -67.098  0.657 0.0000000000
21533  -37.099  -66.023  0.391 0.0000000000
21534  -37.873  -66.535  0.105 0.0000000000
21535  -38.989  -67.006  -0.129 0.0000000000
21551  -38.277  -65.895  -0.381 0.0000000000
21552  -38.719  -66.187  -0.545 0.0000000000
21567  -39.364  -66.307  -1.735 0.0000000000
22359  -44.461  -65.079  13.342 0.0000000000
22360  -45.373  -65.195  12.996 0.0000000000
22372  -46.194  -65.113  12.720 0.0000000000
22373  -46.848  -65.153  12.495 0.0000000000
22374  -47.525  -65.403  12.332 0.0000000000
22375  -48.254  -65.783  12.280 0.0000000000
22376  -48.772  -66.172  12.220 0.0000000000
22387  -47.926  -65.275  11.877 0.0000000000
22388  -48.565  -65.815  11.571 0.0000000000
22389  -49.002  -66.375  11.881 0.0000000000
22514  -33.725  -65.569  2.898 0.0000000000
22515  -34.287  -65.452  2.330 0.0000000000
22529  -34.810  -65.363  1.774 0.0000000000
22530  -35.464  -65.362  1.351 0.0000000000
22531  -36.087  -65.794  1.065 0.0000000000
22538  -35.974  -65.097  0.923 0.0000000000
22539  -36.591  -65.439  0.576 0.0000000000
22540  -37.307  -65.474  0.127 0.0000000000
23350  -43.505  -64.063  13.900 0.0000000000
23368  -44.204  -64.181  13.442 0.0000000000
23369  -44.980  -64.369  13.089 0.0000000000
23370  -45.639  -64.523  12.754 0.0000000000
23387  -46.390  -64.610  12.337 0.0000000000
23388  -47.161  -64.894  12.187 0.0000000000
23389  -47.540  -65.082  12.077 0.0000000000
23400  -46.144  -64.355  11.663 0.0000000000
23401  -46.931  -64.610  11.808 0.0000000000
23402  -47.447  -64.934  11.774 0.0000000000
23503  -37.818  -64.121  6.098 0.0000000000
23504  -38.461  -64.178  5.603 0.0000000000
23518  -38.775  -64.077  4.918 0.0000000000
23519  -39.431  -63.986  4.556 0.0000000000
23520  -40.081  -63.952  4.274 0.0000000000
23533  -33.331  -64.648  3.273 0.0000000000
23534  -39.820  -63.773  4.183 0.0000000000
23535  -40.121  -63.815  4.006 0.0000000000
23548  -33.878  -64.551  2.640 0.0000000000
23549  -34.424  -64.449  2.026 0.0000000000
23560  -34.996  -64.411  1.470 0.0000000000
23561  -35.639  -64.404  1.088 0.0000000000
23574  -36.249  -64.446  0.662 0.0000000000
23575  -36.971  -64.571  0.272 0.0000000000
23588  -39.040  -64.392  -1.218 0.0000000000
24484  -43.809  -63.383  13.471 0.0000000000
24486  -45.216  -64.090  12.818 0.0000000000
24500  -44.831  -63.310  11.988 0.0000000000
24501  -45.459  -64.058  12.331 0.0000000000
24602  -36.518  -63.652  6.776 0.0000000000
24603  -37.291  -63.685  6.229 0.0000000000
24611  -37.778  -63.666  5.719 0.0000000000
24612  -38.284  -63.517  5.189 0.0000000000
24624  -38.841  -63.461  4.637 0.0000000000
24625  -39.448  -63.387  4.267 0.0000000000
24638  -39.967  -63.484  3.922 0.0000000000
24639  -40.603  -63.730  3.809 0.0000000000
24640  -41.666  -63.530  3.304 0.0000000000
24641  -42.531  -63.606  2.916 0.0000000000
24646  -33.574  -63.636  3.091 0.0000000000
24647  -34.181  -63.552  2.457 0.0000000000
24648  -42.187  -63.444  2.618 0.0000000000
24658  -34.758  -63.363  1.814 0.0000000000
24659  -35.362  -63.522  1.329 0.0000000000
24671  -35.911  -63.569  0.884 0.0000000000
24672  -36.614  -63.570  0.419 0.0000000000
24673  -37.506  -63.736  -0.186 0.0000000000
25561  -43.183  -62.468  13.474 0.0000000000
25576  -44.158  -62.742  12.356 0.0000000000
25672  -35.909  -62.563  6.848 0.0000000000
25673  -36.871  -62.658  6.261 0.0000000000
25674  -37.378  -63.226  5.911 0.0000000000
25682  -37.178  -62.108  5.940 0.0000000000
25683  -37.628  -62.663  5.579 0.0000000000
25684  -38.379  -62.641  4.942 0.0000000000
25691  -39.027  -62.651  4.458 0.0000000000
25692  -39.648  -62.730  4.043 0.0000000000
25703  -33.282  -62.561  3.656 0.0000000000
25706  -41.662  -62.982  2.705 0.0000000000
25719  -33.853  -62.813  2.853 0.0000000000
25720  -34.545  -62.503  2.285 0.0000000000
25721  -34.894  -61.901  2.098 0.0000000000
25735  -34.868  -62.758  1.906 0.0000000000
25736  -35.298  -62.417  1.621 0.0000000000
25750  -35.680  -63.001  1.182 0.0000000000
25751  -36.184  -62.511  0.895 0.0000000000
25752  -37.032  -62.595  0.089 0.0000000000
25777  -39.543  -62.709  -1.414 0.0000000000
26592  -49.315  -61.742  18.294 0.0000000000
26616  -47.860  -61.138  18.221 0.0000000000
26617  -48.574  -61.199  17.864 0.0000000000
26618  -49.596  -61.362  17.504 0.0000000000
26635  -50.131  -61.198  17.030 0.0000000000
26636  -50.913  -61.124  16.977 0.0000000000
26637  -51.899  -61.130  16.952 0.0000000000
26694  -43.104  -61.737  12.499 0.0000000000
26792  -35.226  -61.448  7.019 0.0000000000
26793  -36.109  -61.569  6.586 0.0000000000
26807  -36.805  -61.506  6.197 0.0000000000
26808  -37.371  -61.530  5.784 0.0000000000
26809  -37.997  -61.663  5.301 0.0000000000
26823  -38.657  -61.719  4.783 0.0000000000
26824  -39.358  -61.799  4.384 0.0000000000
26838  -33.565  -61.251  3.913 0.0000000000
26839  -34.150  -61.054  3.312 0.0000000000
26840  -39.972  -61.904  3.903 0.0000000000
26856  -33.904  -61.883  3.007 0.0000000000
26857  -34.620  -61.365  2.591 0.0000000000
26858  -35.208  -61.349  2.008 0.0000000000
26859  -41.977  -61.929  2.518 0.0000000000
26871  -36.272  -61.439  1.101 0.0000000000
26882  -36.881  -61.579  0.538 0.0000000000
27716  -47.434  -60.836  18.327 0.0000000000
27740  -46.973  -60.047  17.911 0.0000000000
27741  -47.660  -60.501  17.770 0.0000000000
27742  -48.852  -60.504  17.078 0.0000000000
27743  -49.619  -60.934  16.982 0.0000000000
27756  -49.137  -59.989  16.509 0.0000000000
27757  -49.966  -60.464  16.550 0.0000000000
27758  -51.238  -60.481  16.443 0.0000000000
27759  -52.290  -60.504  16.476 0.0000000000
27793  -41.455  -60.458  13.278 0.0000000000
27794  -41.994  -60.768  12.970 0.0000000000
27807  -41.583  -60.364  12.629 0.0000000000
27808  -42.134  -60.822  12.404 0.0000000000
27901  -33.759  -60.443  6.317 0.0000000000
27902  -34.633  -60.534  6.612 0.0000000000
27903  -35.446  -60.634  6.563 0.0000000000
27904  -36.191  -60.604  6.349 0.0000000000
27962  -33.708  -60.696  4.102 0.0000000000
27963  -34.025  -60.360  3.930 0.0000000000
27978  -35.136  -60.501  2.445 0.0000000000
28000  -36.758  -60.618  0.863 0.0000000000
28001  -37.505  -60.654  0.306 0.0000000000
28895  -47.170  -59.567  17.419 0.0000000000
28896  -47.956  -59.868  17.142 0.0000000000
28912  -48.426  -59.501  16.541 0.0000000000
28913  -49.376  -59.362  16.034 0.0000000000
28914  -50.626  -59.644  15.957 0.0000000000
28915  -51.708  -59.808  16.080 0.0000000000
28926  -50.067  -59.001  15.659 0.0000000000
28927  -50.695  -58.971  15.635 0.0000000000
28945  -40.226  -58.908  13.344 0.0000000000
28946  -40.783  -59.453  13.114 0.0000000000
28947  -41.261  -60.001  12.870 0.0000000000
28958  -41.222  -59.847  12.443 0.0000000000
28987  -52.646  -58.852  9.821 0.0000000000
29003  -51.071  -59.530  9.158 0.0000000000
29047  -34.212  -59.979  6.184 0.0000000000
29048  -34.906  -59.890  6.296 0.0000000000
29073  -34.431  -59.455  5.589 0.0000000000
30093  -47.089  -58.889  16.934 0.0000000000
30112  -48.551  -58.781  16.097 0.0000000000
30113  -49.007  -58.735  15.882 0.0000000000
30127  -49.448  -58.428  15.715 0.0000000000
30128  -50.320  -58.385  15.616 0.0000000000
30144  -39.739  -58.490  13.371 0.0000000000
30145  -40.235  -58.705  12.984 0.0000000000
30155  -40.341  -58.998  12.519 0.0000000000
30189  -48.801  -58.228  9.788 0.0000000000
30190  -49.753  -58.243  9.936 0.0000000000
30191  -50.727  -58.241  10.063 0.0000000000
30214  -49.528  -58.940  9.428 0.0000000000
30215  -50.438  -59.007  9.647 0.0000000000
31292  -44.918  -56.988  16.957 0.0000000000
31293  -45.682  -57.434  16.802 0.0000000000
31294  -46.806  -57.496  16.347 0.0000000000
31296  -48.413  -57.067  15.877 0.0000000000
31326  -39.006  -57.865  13.768 0.0000000000
31327  -39.392  -58.120  13.577 0.0000000000
31333  -39.279  -58.002  13.269 0.0000000000
31371  -47.401  -57.313  9.910 0.0000000000
31372  -47.931  -57.516  10.063 0.0000000000
31373  -49.008  -57.486  10.276 0.0000000000
31401  -48.039  -58.135  9.536 0.0000000000
32482  -45.104  -56.472  16.700 0.0000000000
32483  -46.066  -56.568  16.359 0.0000000000
32484  -47.153  -56.557  16.258 0.0000000000
32485  -48.174  -56.474  16.126 0.0000000000
32486  -48.890  -56.220  16.014 0.0000000000
32498  -48.758  -56.787  15.873 0.0000000000
32515  -37.182  -56.794  13.963 0.0000000000
32531  -48.421  -56.115  10.711 0.0000000000
32547  -45.560  -56.216  9.959 0.0000000000
32548  -45.987  -56.434  10.064 0.0000000000
32549  -47.090  -56.876  10.129 0.0000000000
32574  -46.882  -57.161  9.691 0.0000000000
33595  -42.710  -55.342  16.968 0.0000000000
33596  -43.260  -55.657  16.894 0.0000000000
33597  -44.382  -55.640  16.631 0.0000000000
33598  -45.427  -55.632  16.498 0.0000000000
33599  -46.477  -55.624  16.407 0.0000000000
33600  -47.533  -55.581  16.362 0.0000000000
33601  -48.521  -55.525  16.262 0.0000000000
33624  -36.153  -56.249  13.992 0.0000000000
33632  -35.845  -56.084  13.607 0.0000000000
33633  -36.109  -56.326  13.768 0.0000000000
33641  -46.728  -55.437  10.902 0.0000000000
33642  -47.178  -55.491  10.932 0.0000000000
33643  -48.187  -55.707  10.851 0.0000000000
33661  -44.882  -55.551  10.083 0.0000000000
33662  -45.348  -55.868  10.158 0.0000000000
33663  -46.483  -55.787  10.637 0.0000000000
34714  -41.704  -54.098  16.914 0.0000000000
34715  -42.444  -54.730  16.871 0.0000000000
34716  -43.660  -54.718  16.568 0.0000000000
34717  -44.770  -54.695  16.510 0.0000000000
34718  -45.839  -54.671  16.513 0.0000000000
34719  -46.899  -54.635  16.474 0.0000000000
34720  -47.955  -54.595  16.453 0.0000000000
34721  -48.995  -54.590  16.314 0.0000000000
34752  -35.455  -54.976  13.653 0.0000000000
34768  -43.955  -53.924  11.182 0.0000000000
34769  -44.493  -54.264  11.132 0.0000000000
34770  -45.447  -54.629  11.142 0.0000000000
34771  -46.520  -55.011  11.103 0.0000000000
34772  -47.623  -54.791  11.171 0.0000000000
34773  -48.655  -54.651  11.156 0.0000000000
34793  -42.877  -54.091  10.263 0.0000000000
34794  -43.499  -54.216  10.583 0.0000000000
34795  -44.672  -55.134  10.383 0.0000000000
34796  -45.774  -55.330  10.745 0.0000000000
34797  -46.261  -55.375  10.826 0.0000000000
35793  -40.330  -52.988  16.928 0.0000000000
35794  -41.018  -53.486  16.947 0.0000000000
35795  -42.030  -53.571  16.638 0.0000000000
35796  -43.050  -53.697  16.543 0.0000000000
35797  -44.138  -53.717  16.473 0.0000000000
35798  -45.206  -53.704  16.490 0.0000000000
35799  -46.261  -53.672  16.532 0.0000000000
35800  -47.318  -53.626  16.514 0.0000000000
35801  -48.391  -53.570  16.437 0.0000000000
35835  -35.305  -53.828  14.342 0.0000000000
35846  -35.392  -53.750  13.153 0.0000000000
35847  -47.488  -53.074  11.698 0.0000000000
35848  -48.460  -52.924  11.706 0.0000000000
35862  -42.025  -53.019  11.051 0.0000000000
35863  -42.810  -53.232  11.201 0.0000000000
35864  -43.569  -53.479  11.295 0.0000000000
35865  -44.382  -53.536  11.461 0.0000000000
35866  -45.222  -53.736  11.479 0.0000000000
35867  -46.145  -53.954  11.444 0.0000000000
35868  -47.092  -54.007  11.462 0.0000000000
35869  -48.078  -53.859  11.462 0.0000000000
35898  -42.544  -53.694  10.429 0.0000000000
35899  -43.082  -53.691  10.913 0.0000000000
36868  -39.734  -52.449  16.857 0.0000000000
36869  -40.605  -52.516  16.605 0.0000000000
36870  -41.503  -52.644  16.479 0.0000000000
36871  -42.494  -52.668  16.461 0.0000000000
36872  -43.542  -52.701  16.478 0.0000000000
36873  -44.589  -52.730  16.481 0.0000000000
36874  -45.621  -52.711  16.532 0.0000000000
36875  -46.654  -52.674  16.510 0.0000000000
36876  -47.698  -52.603  16.437 0.0000000000
36877  -48.814  -52.451  16.296 0.0000000000
36892  -49.380  -51.883  16.047 0.0000000000
36897  -35.945  -52.349  14.806 0.0000000000
36908  -35.495  -52.889  13.985 0.0000000000
36909  -36.193  -52.227  13.822 0.0000000000
36923  -35.772  -52.796  12.930 0.0000000000
36924  -36.534  -52.141  12.800 0.0000000000
36925  -37.232  -51.900  12.307 0.0000000000
36926  -40.923  -52.052  12.186 0.0000000000
36927  -41.358  -52.018  12.146 0.0000000000
36928  -42.155  -51.947  12.070 0.0000000000
36929  -42.980  -52.034  12.103 0.0000000000
36930  -43.792  -52.130  12.146 0.0000000000
36931  -44.651  -52.189  12.227 0.0000000000
36932  -45.611  -52.198  12.225 0.0000000000
36933  -46.724  -52.322  12.057 0.0000000000
36934  -47.860  -52.180  12.111 0.0000000000
36951  -36.074  -52.712  12.256 0.0000000000
36956  -40.774  -52.312  11.725 0.0000000000
36957  -41.653  -52.450  11.598 0.0000000000
36958  -42.484  -52.557  11.598 0.0000000000
36959  -43.297  -52.688  11.646 0.0000000000
36960  -44.118  -52.808  11.736 0.0000000000
36961  -44.987  -52.912  11.800 0.0000000000
36962  -45.897  -53.068  11.787 0.0000000000
36963  -46.674  -53.271  11.659 0.0000000000
38025  -39.096  -51.679  16.298 0.0000000000
38026  -40.043  -51.757  16.248 0.0000000000
38027  -40.951  -51.828  16.159 0.0000000000
38028  -41.890  -51.810  16.156 0.0000000000
38029  -42.942  -51.653  16.285 0.0000000000
38030  -44.007  -51.809  16.306 0.0000000000
38031  -44.989  -51.780  16.441 0.0000000000
38032  -45.992  -51.766  16.387 0.0000000000
38033  -46.987  -51.725  16.326 0.0000000000
38034  -47.962  -51.621  16.308 0.0000000000
38035  -48.787  -51.440  16.130 0.0000000000
38056  -39.413  -51.297  15.431 0.0000000000
38057  -40.389  -51.230  15.677 0.0000000000
38058  -41.262  -51.111  15.809 0.0000000000
38059  -42.168  -51.010  15.863 0.0000000000
38060  -42.952  -50.881  15.819 0.0000000000
38061  -49.431  -51.230  15.864 0.0000000000
38070  -36.720  -51.785  14.719 0.0000000000
38071  -37.648  -51.505  14.630 0.0000000000
38072  -38.605  -51.369  14.561 0.0000000000
38073  -39.471  -51.110  14.483 0.0000000000
38081  -36.971  -51.629  13.761 0.0000000000
38082  -37.902  -51.495  13.709 0.0000000000
38083  -38.847  -51.408  13.651 0.0000000000
38084  -39.837  -51.151  13.641 0.0000000000
38085  -40.647  -51.076  13.294 0.0000000000
38086  -41.454  -50.971  13.109 0.0000000000
38087  -42.213  -50.945  13.041 0.0000000000
38088  -46.531  -50.744  12.803 0.0000000000
38089  -46.919  -50.754  12.774 0.0000000000
38090  -47.655  -50.704  12.659 0.0000000000
38103  -37.289  -51.590  13.014 0.0000000000
38104  -38.120  -51.591  12.700 0.0000000000
38105  -39.163  -51.533  12.810 0.0000000000
38106  -40.043  -51.601  12.795 0.0000000000
38107  -40.886  -51.642  12.551 0.0000000000
38108  -41.785  -51.462  12.577 0.0000000000
38109  -42.701  -51.349  12.626 0.0000000000
38110  -43.462  -51.503  12.525 0.0000000000
38111  -44.248  -51.495  12.553 0.0000000000
38112  -45.142  -51.423  12.587 0.0000000000
38113  -46.234  -51.156  12.629 0.0000000000
38114  -47.284  -51.390  12.453 0.0000000000
38115  -48.301  -51.193  12.365 0.0000000000
38136  -38.705  -51.708  12.041 0.0000000000
38137  -39.495  -51.789  12.061 0.0000000000
38138  -40.279  -51.955  12.140 0.0000000000
38139  -40.679  -52.014  12.167 0.0000000000
39281  -43.572  -51.073  16.080 0.0000000000
39282  -44.371  -50.971  16.119 0.0000000000
39283  -45.350  -50.936  16.152 0.0000000000
39284  -46.322  -50.928  16.057 0.0000000000
39285  -47.270  -50.908  15.965 0.0000000000
39286  -48.157  -50.807  16.002 0.0000000000
39287  -48.874  -50.761  15.926 0.0000000000
39307  -39.997  -50.890  15.103 0.0000000000
39308  -40.703  -50.718  15.219 0.0000000000
39309  -41.558  -50.618  15.270 0.0000000000
39310  -42.474  -50.495  15.269 0.0000000000
39311  -43.609  -50.344  15.418 0.0000000000
39312  -44.746  -50.345  15.596 0.0000000000
39313  -45.695  -50.273  15.642 0.0000000000
39314  -46.639  -50.226  15.624 0.0000000000
39315  -47.574  -50.189  15.630 0.0000000000
39316  -48.484  -50.154  15.675 0.0000000000
39333  -40.229  -50.765  14.498 0.0000000000
39334  -41.002  -50.575  14.551 0.0000000000
39335  -41.852  -50.494  14.512 0.0000000000
39336  -42.809  -50.326  14.422 0.0000000000
39337  -43.868  -50.072  14.316 0.0000000000
39338  -44.609  -49.922  13.980 0.0000000000
39346  -40.555  -50.732  13.943 0.0000000000
39347  -41.243  -50.647  13.825 0.0000000000
39348  -42.096  -50.601  13.697 0.0000000000
39349  -43.100  -50.651  13.394 0.0000000000
39350  -44.168  -50.383  13.481 0.0000000000
39351  -45.081  -50.192  13.459 0.0000000000
39352  -45.773  -50.267  13.286 0.0000000000
39353  -46.473  -50.400  13.105 0.0000000000
39354  -47.387  -50.232  13.131 0.0000000000
39355  -48.466  -50.096  12.750 0.0000000000
39370  -43.262  -51.088  12.841 0.0000000000
39371  -43.807  -50.953  12.918 0.0000000000
39372  -44.640  -50.791  12.906 0.0000000000
39373  -45.467  -50.686  12.904 0.0000000000
39374  -45.983  -50.595  12.947 0.0000000000
40564  -44.362  -49.926  15.041 0.0000000000
40565  -45.132  -49.843  15.092 0.0000000000
40566  -46.035  -49.699  15.129 0.0000000000
40567  -46.998  -49.713  15.146 0.0000000000
40568  -47.956  -49.645  15.194 0.0000000000
40569  -48.931  -49.582  15.269 0.0000000000
40590  -44.666  -49.863  14.543 0.0000000000
40591  -45.435  -49.760  14.246 0.0000000000
40592  -46.471  -49.648  14.418 0.0000000000
40593  -47.427  -49.547  14.469 0.0000000000
40594  -48.419  -49.310  14.510 0.0000000000
40611  -45.578  -49.958  13.649 0.0000000000
40612  -46.094  -49.888  13.707 0.0000000000
40613  -46.938  -49.805  13.723 0.0000000000
40614  -47.909  -49.586  13.656 0.0000000000
