#!ascii label  , from subject sub-CSI2 vox2ras=TkReg
390
8360  -27.116  -79.456  46.637 0.0000000000
8375  -28.737  -79.851  45.529 0.0000000000
9270  -28.291  -78.752  45.917 0.0000000000
9271  -29.474  -78.746  45.381 0.0000000000
9272  -30.822  -78.750  45.385 0.0000000000
9273  -31.967  -78.632  45.373 0.0000000000
9274  -32.916  -78.591  45.211 0.0000000000
9275  -33.467  -78.261  45.166 0.0000000000
9479  -39.290  -78.007  34.737 0.0000000000
10188  -26.441  -78.147  49.403 0.0000000000
10201  -27.805  -77.452  47.684 0.0000000000
10209  -27.339  -78.292  47.179 0.0000000000
10210  -28.020  -77.686  46.632 0.0000000000
10219  -28.943  -77.524  45.817 0.0000000000
10220  -30.019  -77.643  45.263 0.0000000000
10221  -31.290  -77.538  45.033 0.0000000000
10222  -32.520  -77.900  45.281 0.0000000000
10223  -33.341  -77.987  45.297 0.0000000000
10224  -33.679  -78.075  45.143 0.0000000000
10232  -31.544  -76.834  44.779 0.0000000000
10233  -32.148  -77.090  44.800 0.0000000000
10234  -33.086  -77.260  44.985 0.0000000000
10235  -33.915  -77.574  44.900 0.0000000000
10251  -35.374  -77.282  43.016 0.0000000000
10265  -35.805  -77.124  42.445 0.0000000000
10266  -36.348  -77.254  41.910 0.0000000000
10386  -39.148  -77.806  35.845 0.0000000000
10387  -39.651  -77.490  35.467 0.0000000000
11066  -29.071  -76.280  49.561 0.0000000000
11076  -29.116  -76.390  48.854 0.0000000000
11086  -28.429  -76.895  48.348 0.0000000000
11087  -29.002  -76.452  48.085 0.0000000000
11096  -28.493  -76.881  47.439 0.0000000000
11097  -29.158  -76.255  47.356 0.0000000000
11103  -28.766  -76.825  46.595 0.0000000000
11104  -29.320  -76.223  46.492 0.0000000000
11110  -29.113  -76.765  46.127 0.0000000000
11111  -29.581  -76.609  45.738 0.0000000000
11112  -30.296  -76.619  45.200 0.0000000000
11118  -30.977  -76.367  44.790 0.0000000000
11119  -31.726  -76.274  44.564 0.0000000000
11120  -32.601  -76.405  44.493 0.0000000000
11121  -33.678  -76.532  44.403 0.0000000000
11136  -35.198  -76.932  43.395 0.0000000000
11149  -35.421  -76.591  42.727 0.0000000000
11150  -36.211  -76.677  42.090 0.0000000000
11166  -36.970  -76.723  41.396 0.0000000000
11182  -37.241  -76.446  40.920 0.0000000000
11183  -37.644  -76.875  40.666 0.0000000000
11199  -38.073  -76.745  39.965 0.0000000000
11200  -38.584  -76.885  39.464 0.0000000000
11214  -38.904  -76.669  38.858 0.0000000000
11215  -39.242  -76.813  38.352 0.0000000000
11222  -38.911  -76.339  38.336 0.0000000000
11223  -39.475  -76.340  37.597 0.0000000000
11232  -40.056  -75.977  36.947 0.0000000000
11254  -41.294  -75.956  34.701 0.0000000000
11930  -29.848  -75.834  49.288 0.0000000000
11932  -31.051  -74.782  49.615 0.0000000000
11943  -29.646  -75.752  48.283 0.0000000000
11944  -30.716  -75.187  48.859 0.0000000000
11945  -31.115  -74.807  49.387 0.0000000000
11955  -29.708  -75.417  47.163 0.0000000000
11956  -30.178  -74.954  48.010 0.0000000000
11964  -29.804  -75.604  46.099 0.0000000000
11965  -30.109  -75.204  45.954 0.0000000000
11974  -29.957  -76.069  45.581 0.0000000000
11975  -30.335  -75.515  45.428 0.0000000000
11985  -31.975  -75.506  44.280 0.0000000000
11986  -32.851  -75.585  44.021 0.0000000000
11987  -33.544  -75.865  43.892 0.0000000000
11998  -33.281  -75.286  43.635 0.0000000000
12015  -35.954  -76.136  42.103 0.0000000000
12033  -35.934  -75.524  41.451 0.0000000000
12034  -36.429  -76.166  41.627 0.0000000000
12051  -36.184  -75.402  40.925 0.0000000000
12052  -36.756  -75.819  40.781 0.0000000000
12053  -37.350  -76.346  40.609 0.0000000000
12071  -37.593  -76.210  39.903 0.0000000000
12072  -38.164  -76.548  39.594 0.0000000000
12104  -39.419  -75.671  37.146 0.0000000000
12114  -39.909  -75.328  36.476 0.0000000000
12115  -40.517  -75.266  35.776 0.0000000000
12125  -41.179  -75.551  34.595 0.0000000000
12130  -40.969  -75.197  34.183 0.0000000000
12747  -31.914  -73.846  49.508 0.0000000000
12759  -30.873  -74.206  48.251 0.0000000000
12760  -31.565  -74.368  49.039 0.0000000000
12761  -31.805  -74.013  49.355 0.0000000000
12775  -30.047  -75.039  46.567 0.0000000000
12776  -30.265  -74.417  47.219 0.0000000000
12787  -30.096  -75.124  46.191 0.0000000000
12788  -30.201  -74.582  46.093 0.0000000000
12798  -30.587  -74.476  45.202 0.0000000000
12807  -30.942  -74.438  44.721 0.0000000000
12808  -31.457  -74.482  44.313 0.0000000000
12809  -32.154  -74.875  43.956 0.0000000000
12818  -31.895  -74.215  43.825 0.0000000000
12819  -32.644  -74.503  43.524 0.0000000000
12832  -33.003  -74.159  42.903 0.0000000000
12833  -33.588  -74.348  42.557 0.0000000000
12864  -35.075  -74.367  40.982 0.0000000000
12865  -35.840  -74.816  40.489 0.0000000000
12866  -36.480  -75.266  40.155 0.0000000000
12884  -35.844  -74.308  39.383 0.0000000000
12906  -35.777  -73.912  38.772 0.0000000000
12907  -36.568  -74.475  38.451 0.0000000000
12908  -37.243  -74.935  38.181 0.0000000000
12926  -36.765  -74.157  37.634 0.0000000000
12927  -37.430  -74.551  37.503 0.0000000000
12928  -38.274  -74.767  37.037 0.0000000000
12944  -37.900  -74.235  36.729 0.0000000000
12945  -38.584  -74.334  36.358 0.0000000000
12946  -39.425  -74.644  36.185 0.0000000000
12956  -39.139  -74.053  35.841 0.0000000000
13718  -31.142  -73.592  48.132 0.0000000000
13719  -31.620  -73.506  48.544 0.0000000000
13720  -32.276  -73.491  49.280 0.0000000000
13721  -32.908  -72.968  49.493 0.0000000000
13735  -30.814  -73.445  47.616 0.0000000000
13736  -31.287  -73.195  48.039 0.0000000000
13750  -30.419  -73.493  46.674 0.0000000000
13763  -30.433  -73.543  45.659 0.0000000000
13770  -30.823  -73.561  44.725 0.0000000000
13771  -31.428  -73.547  44.042 0.0000000000
13780  -31.951  -73.592  43.496 0.0000000000
13781  -32.484  -73.537  42.992 0.0000000000
13789  -33.011  -73.472  42.303 0.0000000000
13803  -33.936  -73.588  41.377 0.0000000000
13804  -34.552  -73.927  41.014 0.0000000000
13815  -34.254  -73.377  40.703 0.0000000000
13816  -34.843  -73.736  40.288 0.0000000000
13817  -35.362  -73.983  39.824 0.0000000000
13827  -34.980  -73.510  39.676 0.0000000000
13828  -35.296  -73.544  39.235 0.0000000000
13844  -35.440  -73.370  38.598 0.0000000000
13845  -35.875  -73.726  38.222 0.0000000000
13863  -35.550  -73.165  37.988 0.0000000000
13864  -36.267  -73.490  37.412 0.0000000000
13865  -36.900  -73.963  37.237 0.0000000000
13883  -36.506  -73.057  36.714 0.0000000000
13884  -37.256  -73.494  36.531 0.0000000000
13885  -38.055  -73.858  36.374 0.0000000000
13898  -37.688  -72.828  35.859 0.0000000000
13899  -38.432  -73.378  35.841 0.0000000000
14638  -33.467  -72.370  49.769 0.0000000000
14639  -33.906  -72.103  50.435 0.0000000000
14645  -31.674  -72.654  48.132 0.0000000000
14646  -32.365  -72.799  48.678 0.0000000000
14655  -30.807  -72.549  47.131 0.0000000000
14656  -31.214  -72.771  47.683 0.0000000000
14670  -30.521  -72.582  46.204 0.0000000000
14685  -30.615  -72.639  45.249 0.0000000000
14700  -30.820  -72.685  44.713 0.0000000000
14701  -31.106  -72.747  44.306 0.0000000000
14716  -31.481  -72.710  43.647 0.0000000000
14717  -31.972  -72.943  43.139 0.0000000000
14718  -40.198  -72.476  44.572 0.0000000000
14719  -40.883  -72.548  44.193 0.0000000000
14733  -31.710  -72.290  43.071 0.0000000000
14734  -32.295  -72.569  42.508 0.0000000000
14735  -40.144  -72.385  43.825 0.0000000000
14736  -40.691  -72.423  43.331 0.0000000000
14737  -41.530  -72.375  42.733 0.0000000000
14738  -42.569  -72.335  42.635 0.0000000000
14751  -33.483  -72.962  41.310 0.0000000000
14752  -42.042  -72.205  42.097 0.0000000000
14753  -42.740  -72.207  41.758 0.0000000000
14767  -33.666  -72.526  40.581 0.0000000000
14768  -34.316  -73.083  40.246 0.0000000000
14781  -33.813  -71.979  39.689 0.0000000000
14782  -34.509  -72.709  39.385 0.0000000000
14783  -35.071  -73.104  38.910 0.0000000000
14796  -34.636  -72.076  38.237 0.0000000000
14797  -35.082  -72.782  38.422 0.0000000000
14816  -36.069  -72.687  36.850 0.0000000000
14834  -35.825  -72.082  36.596 0.0000000000
14835  -36.576  -72.425  36.254 0.0000000000
14836  -37.166  -72.662  35.973 0.0000000000
14854  -36.987  -72.232  35.824 0.0000000000
14855  -37.451  -72.178  35.688 0.0000000000
14856  -38.182  -72.287  35.542 0.0000000000
14857  -38.971  -72.428  35.247 0.0000000000
14911  -45.282  -72.454  30.097 0.0000000000
14912  -46.072  -72.333  30.187 0.0000000000
14930  -44.561  -72.836  29.742 0.0000000000
15615  -35.761  -71.602  51.308 0.0000000000
15636  -31.754  -72.251  47.971 0.0000000000
15637  -32.127  -72.129  48.202 0.0000000000
15650  -31.007  -72.072  47.152 0.0000000000
15651  -31.477  -71.991  47.534 0.0000000000
15652  -32.415  -71.305  47.850 0.0000000000
15653  -33.146  -71.087  48.185 0.0000000000
15667  -30.903  -71.755  46.731 0.0000000000
15668  -31.341  -71.407  47.036 0.0000000000
15670  -39.022  -71.785  46.371 0.0000000000
15683  -30.663  -71.696  45.727 0.0000000000
15685  -38.889  -71.873  45.399 0.0000000000
15686  -39.664  -72.216  45.870 0.0000000000
15697  -30.852  -71.836  44.597 0.0000000000
15698  -31.196  -72.212  44.045 0.0000000000
15700  -38.836  -71.809  44.477 0.0000000000
15701  -39.509  -72.281  44.963 0.0000000000
15713  -30.963  -71.178  44.140 0.0000000000
15714  -31.304  -71.579  43.587 0.0000000000
15716  -38.845  -71.627  43.594 0.0000000000
15717  -39.486  -72.151  44.066 0.0000000000
15730  -31.768  -71.580  42.632 0.0000000000
15733  -38.675  -71.340  42.813 0.0000000000
15734  -39.645  -71.892  43.065 0.0000000000
15735  -40.502  -72.091  42.530 0.0000000000
15754  -39.146  -71.429  42.379 0.0000000000
15755  -39.780  -71.608  42.075 0.0000000000
15758  -41.994  -71.975  41.557 0.0000000000
15777  -33.366  -71.439  40.007 0.0000000000
15781  -42.354  -71.868  40.978 0.0000000000
15796  -33.750  -71.269  39.326 0.0000000000
15797  -34.037  -71.858  39.281 0.0000000000
15800  -42.437  -71.466  40.135 0.0000000000
15801  -43.379  -71.380  39.632 0.0000000000
15815  -33.884  -71.024  38.955 0.0000000000
15816  -34.173  -71.450  38.778 0.0000000000
15817  -43.957  -71.206  39.129 0.0000000000
15831  -34.498  -71.246  38.008 0.0000000000
15832  -34.871  -71.130  37.341 0.0000000000
15845  -35.483  -71.337  36.758 0.0000000000
15846  -36.187  -71.419  36.267 0.0000000000
15860  -36.931  -71.563  35.760 0.0000000000
15861  -37.782  -71.442  35.473 0.0000000000
15862  -38.580  -71.461  35.211 0.0000000000
15928  -45.597  -71.895  30.350 0.0000000000
15929  -46.397  -71.589  30.468 0.0000000000
15951  -44.548  -71.807  30.061 0.0000000000
16693  -31.709  -71.145  47.284 0.0000000000
16694  -32.216  -70.462  47.148 0.0000000000
16695  -33.019  -70.468  47.765 0.0000000000
16707  -30.872  -71.282  46.238 0.0000000000
16708  -31.375  -70.816  46.542 0.0000000000
16709  -31.918  -70.223  46.588 0.0000000000
16723  -30.870  -70.992  45.888 0.0000000000
16724  -31.192  -70.432  45.661 0.0000000000
16736  -30.822  -70.998  45.199 0.0000000000
16737  -31.141  -70.320  44.854 0.0000000000
16752  -30.906  -70.933  44.530 0.0000000000
16753  -31.187  -70.447  43.948 0.0000000000
16754  -36.990  -70.370  43.471 0.0000000000
16755  -37.784  -70.966  43.477 0.0000000000
16777  -37.201  -70.239  42.643 0.0000000000
16778  -37.995  -70.749  42.461 0.0000000000
16779  -38.690  -71.174  42.320 0.0000000000
16798  -38.306  -70.513  41.234 0.0000000000
16818  -33.420  -70.569  39.617 0.0000000000
16819  -38.443  -70.378  40.710 0.0000000000
16820  -38.939  -70.601  40.776 0.0000000000
16836  -33.779  -70.618  39.060 0.0000000000
16837  -38.932  -70.363  40.281 0.0000000000
16838  -39.486  -70.521  40.190 0.0000000000
16841  -42.449  -70.956  39.402 0.0000000000
16842  -42.966  -70.925  39.138 0.0000000000
16857  -33.994  -70.787  38.749 0.0000000000
16858  -34.242  -70.630  38.361 0.0000000000
16859  -39.959  -70.420  39.661 0.0000000000
16860  -40.733  -70.390  39.389 0.0000000000
16861  -41.712  -70.422  39.046 0.0000000000
16863  -43.407  -70.814  38.781 0.0000000000
16879  -34.560  -70.471  37.796 0.0000000000
16880  -34.873  -70.328  37.343 0.0000000000
16882  -43.578  -70.284  37.988 0.0000000000
16897  -35.275  -70.488  36.927 0.0000000000
16898  -35.872  -70.546  36.464 0.0000000000
16910  -36.548  -70.583  35.982 0.0000000000
16911  -37.331  -70.609  35.596 0.0000000000
16912  -38.182  -70.562  35.320 0.0000000000
16914  -45.216  -70.123  35.817 0.0000000000
16980  -44.630  -70.447  30.259 0.0000000000
16981  -45.556  -70.957  30.493 0.0000000000
17005  -43.835  -70.785  29.956 0.0000000000
17006  -44.639  -71.015  30.210 0.0000000000
17760  -32.875  -69.831  47.206 0.0000000000
17761  -33.758  -69.688  47.562 0.0000000000
17762  -34.868  -69.439  47.441 0.0000000000
17763  -35.867  -69.647  47.400 0.0000000000
17772  -31.716  -69.977  46.091 0.0000000000
17773  -32.416  -69.733  46.511 0.0000000000
17774  -33.261  -69.287  46.613 0.0000000000
17775  -34.229  -69.033  46.682 0.0000000000
17776  -35.348  -69.225  46.206 0.0000000000
17777  -36.439  -69.858  46.570 0.0000000000
17789  -31.572  -69.750  45.321 0.0000000000
17790  -32.255  -69.380  45.671 0.0000000000
17791  -32.806  -69.221  46.071 0.0000000000
17792  -35.548  -69.386  45.073 0.0000000000
17793  -36.248  -69.796  45.479 0.0000000000
17807  -35.356  -69.187  44.372 0.0000000000
17808  -36.132  -69.691  44.308 0.0000000000
17824  -35.514  -69.233  43.590 0.0000000000
17845  -36.623  -69.708  42.527 0.0000000000
17846  -37.259  -70.030  42.120 0.0000000000
17865  -36.764  -69.572  41.540 0.0000000000
17866  -37.534  -70.079  41.374 0.0000000000
17885  -33.314  -69.728  39.926 0.0000000000
17886  -36.178  -69.121  40.946 0.0000000000
17887  -36.858  -69.506  40.449 0.0000000000
17888  -38.001  -70.070  40.499 0.0000000000
17889  -38.598  -70.296  40.402 0.0000000000
17909  -33.781  -69.918  39.125 0.0000000000
17910  -34.147  -69.539  39.081 0.0000000000
17911  -35.758  -69.014  38.833 0.0000000000
17912  -36.512  -69.146  39.341 0.0000000000
17914  -38.753  -70.052  39.802 0.0000000000
17915  -39.446  -70.236  39.641 0.0000000000
17936  -34.032  -70.293  38.711 0.0000000000
17937  -34.472  -69.765  38.354 0.0000000000
17938  -35.365  -69.271  38.221 0.0000000000
17941  -38.366  -69.505  38.846 0.0000000000
17942  -39.661  -69.839  39.005 0.0000000000
17943  -40.935  -69.774  38.624 0.0000000000
17962  -34.702  -70.005  37.622 0.0000000000
17964  -36.137  -69.229  37.512 0.0000000000
17965  -36.974  -68.912  37.811 0.0000000000
17966  -37.936  -68.999  38.005 0.0000000000
17967  -39.007  -69.146  38.086 0.0000000000
17972  -44.226  -70.028  36.538 0.0000000000
17986  -35.617  -70.030  36.717 0.0000000000
17987  -36.362  -69.636  36.539 0.0000000000
17988  -37.146  -69.494  36.089 0.0000000000
17992  -44.364  -69.933  35.778 0.0000000000
18004  -36.942  -69.928  35.821 0.0000000000
18005  -37.715  -69.722  35.634 0.0000000000
18006  -38.684  -69.699  35.380 0.0000000000
18011  -43.466  -69.594  35.075 0.0000000000
18012  -44.413  -69.405  35.088 0.0000000000
18013  -45.795  -69.369  35.825 0.0000000000
18014  -46.443  -68.783  36.012 0.0000000000
18026  -43.212  -69.188  34.297 0.0000000000
18027  -43.783  -68.998  34.481 0.0000000000
18039  -42.765  -69.019  33.892 0.0000000000
18072  -43.953  -69.659  30.198 0.0000000000
18073  -45.214  -69.774  30.407 0.0000000000
18074  -46.441  -69.921  30.561 0.0000000000
18075  -47.491  -69.872  30.607 0.0000000000
18808  -33.630  -68.809  46.012 0.0000000000
18809  -34.389  -68.775  45.847 0.0000000000
18819  -33.813  -68.592  45.201 0.0000000000
18820  -34.762  -68.876  44.988 0.0000000000
18892  -36.253  -69.079  40.440 0.0000000000
18909  -33.848  -69.358  39.527 0.0000000000
18910  -34.531  -69.115  39.302 0.0000000000
18911  -35.527  -68.847  39.529 0.0000000000
18912  -36.210  -68.970  40.010 0.0000000000
18937  -34.848  -69.279  38.658 0.0000000000
18938  -35.173  -69.066  38.874 0.0000000000
18959  -36.778  -69.052  37.030 0.0000000000
18960  -37.527  -68.811  37.215 0.0000000000
18978  -36.757  -69.250  36.705 0.0000000000
18979  -37.150  -69.122  36.574 0.0000000000
18980  -37.969  -68.774  36.553 0.0000000000
18995  -37.633  -69.158  36.081 0.0000000000
18996  -38.320  -69.019  35.857 0.0000000000
18997  -39.246  -68.975  35.732 0.0000000000
18998  -40.154  -68.927  35.677 0.0000000000
18999  -40.763  -68.936  35.639 0.0000000000
19000  -45.099  -68.566  35.267 0.0000000000
19011  -44.146  -68.556  34.627 0.0000000000
19023  -42.967  -68.885  33.936 0.0000000000
19062  -43.511  -68.539  30.310 0.0000000000
19063  -44.736  -68.732  30.472 0.0000000000
19064  -45.978  -68.910  30.645 0.0000000000
19065  -47.138  -69.047  30.849 0.0000000000
19992  -45.613  -67.888  35.241 0.0000000000
20007  -44.716  -67.719  34.686 0.0000000000
20008  -45.685  -67.215  34.872 0.0000000000
20020  -42.690  -67.632  33.574 0.0000000000
20034  -42.482  -67.201  32.591 0.0000000000
20049  -42.857  -67.174  31.692 0.0000000000
20053  -47.345  -67.418  31.360 0.0000000000
20067  -43.112  -67.671  30.752 0.0000000000
20069  -45.542  -67.917  30.735 0.0000000000
20071  -47.648  -68.177  30.877 0.0000000000
21020  -46.436  -66.864  34.964 0.0000000000
21021  -47.145  -66.848  35.258 0.0000000000
21040  -44.047  -67.182  34.062 0.0000000000
21041  -44.957  -66.894  34.257 0.0000000000
21042  -45.937  -66.628  34.348 0.0000000000
21043  -46.960  -66.564  34.448 0.0000000000
21064  -45.284  -66.535  33.568 0.0000000000
21065  -46.397  -66.446  33.585 0.0000000000
21085  -46.746  -66.435  32.725 0.0000000000
21086  -47.712  -66.394  32.514 0.0000000000
21105  -47.025  -66.761  31.910 0.0000000000
