#!ascii label  , from subject sub-CSI2 vox2ras=TkReg
1304
10112  -25.503  -78.813  -4.990 0.0000000000
10113  -26.131  -78.318  -4.775 0.0000000000
11032  -26.550  -78.162  -5.067 0.0000000000
13557  -23.240  -74.426  -3.524 0.0000000000
13558  -23.694  -74.218  -3.545 0.0000000000
14469  -22.660  -74.196  -3.498 0.0000000000
14470  -23.522  -74.115  -3.562 0.0000000000
14471  -24.485  -73.675  -3.549 0.0000000000
14485  -20.125  -72.926  -3.473 0.0000000000
14486  -20.408  -73.135  -3.439 0.0000000000
14487  -20.825  -73.334  -3.367 0.0000000000
14488  -25.224  -73.119  -4.186 0.0000000000
15377  -22.085  -72.503  -1.466 0.0000000000
15378  -23.063  -72.640  -1.461 0.0000000000
15379  -24.024  -72.548  -1.532 0.0000000000
15380  -24.579  -72.296  -1.723 0.0000000000
15400  -23.512  -73.064  -2.463 0.0000000000
15430  -20.660  -73.061  -3.489 0.0000000000
15440  -25.281  -72.915  -4.294 0.0000000000
16372  -22.086  -70.964  1.989 0.0000000000
16373  -22.488  -71.097  1.963 0.0000000000
16392  -21.330  -71.046  1.209 0.0000000000
16393  -21.857  -71.160  1.437 0.0000000000
16394  -22.925  -71.386  1.384 0.0000000000
16395  -23.691  -71.421  1.078 0.0000000000
16412  -20.700  -71.014  0.002 0.0000000000
16413  -21.115  -71.184  0.542 0.0000000000
16414  -22.244  -71.563  0.498 0.0000000000
16415  -23.238  -71.718  0.433 0.0000000000
16416  -24.211  -71.508  0.364 0.0000000000
16417  -24.882  -71.193  0.094 0.0000000000
16433  -20.856  -71.200  -0.691 0.0000000000
16434  -21.709  -71.736  -0.524 0.0000000000
16435  -22.647  -72.118  -0.448 0.0000000000
16436  -23.677  -72.187  -0.495 0.0000000000
16437  -24.705  -71.760  -0.889 0.0000000000
16438  -25.335  -70.844  -0.459 0.0000000000
16456  -20.678  -71.271  -2.010 0.0000000000
16457  -21.327  -71.920  -1.676 0.0000000000
16458  -25.028  -72.038  -2.115 0.0000000000
16459  -25.477  -71.158  -1.574 0.0000000000
16474  -25.045  -72.539  -3.309 0.0000000000
16487  -25.238  -72.521  -3.879 0.0000000000
17441  -20.639  -70.235  0.997 0.0000000000
17442  -21.150  -70.592  1.475 0.0000000000
17443  -21.766  -70.765  1.980 0.0000000000
17444  -23.604  -71.221  1.582 0.0000000000
17445  -24.359  -70.966  1.391 0.0000000000
17446  -25.129  -70.159  1.605 0.0000000000
17464  -20.447  -70.375  0.018 0.0000000000
17465  -20.758  -70.663  0.809 0.0000000000
17466  -24.697  -71.092  0.651 0.0000000000
17467  -25.148  -70.579  0.600 0.0000000000
17485  -20.491  -70.450  -1.416 0.0000000000
17486  -25.559  -70.066  -0.099 0.0000000000
17504  -20.414  -70.473  -2.452 0.0000000000
17505  -25.743  -70.144  -1.075 0.0000000000
17517  -25.754  -70.349  -2.284 0.0000000000
18488  -20.274  -69.455  1.088 0.0000000000
18489  -20.730  -69.999  1.438 0.0000000000
18507  -19.539  -68.399  -0.531 0.0000000000
18508  -19.715  -69.121  -0.129 0.0000000000
18509  -25.593  -69.511  0.787 0.0000000000
18526  -19.603  -68.723  -1.218 0.0000000000
18527  -20.061  -69.623  -1.203 0.0000000000
18528  -25.774  -69.236  -0.411 0.0000000000
18544  -19.808  -69.216  -2.187 0.0000000000
18545  -20.300  -69.856  -2.054 0.0000000000
18546  -25.771  -69.063  -1.735 0.0000000000
19422  -21.400  -68.537  5.828 0.0000000000
19426  -25.278  -68.371  6.367 0.0000000000
19427  -25.557  -67.820  6.464 0.0000000000
19448  -25.195  -68.667  5.981 0.0000000000
19513  -19.747  -68.522  1.376 0.0000000000
19530  -19.490  -67.994  0.317 0.0000000000
19531  -19.734  -68.810  0.670 0.0000000000
19532  -25.770  -68.445  0.362 0.0000000000
19551  -19.390  -67.834  -0.917 0.0000000000
19552  -25.678  -68.188  -0.726 0.0000000000
19566  -19.535  -68.124  -1.963 0.0000000000
19567  -25.342  -67.797  -1.736 0.0000000000
20405  -19.658  -67.222  7.878 0.0000000000
20406  -20.285  -67.349  8.133 0.0000000000
20423  -19.798  -67.334  7.189 0.0000000000
20424  -20.777  -67.767  7.212 0.0000000000
20425  -21.822  -68.184  7.681 0.0000000000
20445  -20.007  -67.346  5.988 0.0000000000
20446  -20.803  -68.078  5.996 0.0000000000
20447  -21.475  -68.379  6.662 0.0000000000
20468  -25.830  -67.211  5.768 0.0000000000
20543  -19.254  -66.833  0.843 0.0000000000
20544  -25.651  -67.447  0.096 0.0000000000
20559  -19.058  -67.009  -0.226 0.0000000000
20560  -25.380  -67.174  -0.889 0.0000000000
20573  -24.713  -66.486  -1.926 0.0000000000
20574  -24.959  -66.752  -1.709 0.0000000000
20584  -24.776  -66.603  -2.186 0.0000000000
20585  -25.067  -67.271  -2.427 0.0000000000
21381  -19.124  -66.437  9.245 0.0000000000
21382  -20.052  -66.387  9.414 0.0000000000
21383  -20.962  -66.345  9.651 0.0000000000
21405  -19.608  -66.958  8.572 0.0000000000
21406  -20.576  -66.965  9.035 0.0000000000
21410  -26.040  -66.136  7.862 0.0000000000
21423  -19.133  -66.943  7.512 0.0000000000
21425  -26.168  -65.968  7.424 0.0000000000
21444  -26.244  -65.792  6.751 0.0000000000
21462  -26.263  -65.532  6.193 0.0000000000
21475  -25.833  -66.304  5.089 0.0000000000
21513  -19.245  -65.921  1.288 0.0000000000
21527  -18.923  -66.086  0.401 0.0000000000
21528  -25.357  -66.508  -0.168 0.0000000000
21544  -24.771  -65.822  -1.138 0.0000000000
21545  -25.116  -66.378  -1.014 0.0000000000
21561  -24.613  -66.088  -1.822 0.0000000000
21562  -24.841  -66.258  -1.450 0.0000000000
22403  -20.115  -65.051  10.240 0.0000000000
22404  -20.817  -64.987  10.246 0.0000000000
22425  -19.631  -65.771  9.836 0.0000000000
22426  -20.513  -65.665  9.961 0.0000000000
22427  -21.564  -65.301  10.092 0.0000000000
22447  -25.822  -65.594  8.700 0.0000000000
22448  -26.226  -65.564  8.014 0.0000000000
22455  -26.449  -65.298  7.229 0.0000000000
22458  -26.444  -65.157  6.526 0.0000000000
22470  -26.094  -65.252  5.538 0.0000000000
22471  -26.330  -65.129  6.072 0.0000000000
22485  -25.670  -65.337  4.478 0.0000000000
22534  -18.563  -64.970  0.302 0.0000000000
22535  -18.969  -65.151  0.860 0.0000000000
22547  -24.740  -65.263  -0.476 0.0000000000
22548  -25.073  -65.881  -0.521 0.0000000000
22556  -24.257  -65.030  -1.455 0.0000000000
22557  -24.449  -65.063  -1.364 0.0000000000
23413  -19.774  -64.347  10.373 0.0000000000
23414  -20.681  -64.191  10.235 0.0000000000
23415  -21.182  -64.642  10.178 0.0000000000
23439  -21.111  -63.602  9.860 0.0000000000
23443  -24.471  -64.677  9.617 0.0000000000
23444  -25.293  -64.907  9.436 0.0000000000
23445  -25.821  -64.429  9.161 0.0000000000
23467  -25.788  -65.079  9.094 0.0000000000
23468  -26.248  -64.654  8.590 0.0000000000
23479  -26.591  -64.601  7.718 0.0000000000
23488  -26.693  -64.552  6.895 0.0000000000
23499  -26.156  -64.354  5.437 0.0000000000
23500  -26.446  -64.524  6.069 0.0000000000
23515  -25.802  -64.472  4.913 0.0000000000
23532  -25.445  -64.336  4.045 0.0000000000
23557  -19.014  -64.887  1.564 0.0000000000
23567  -18.329  -64.697  0.666 0.0000000000
23568  -18.783  -64.822  1.123 0.0000000000
23569  -24.207  -63.920  -0.209 0.0000000000
23570  -24.752  -64.727  0.146 0.0000000000
23582  -23.907  -64.056  -0.916 0.0000000000
23583  -24.358  -64.571  -0.690 0.0000000000
23591  -24.080  -64.695  -0.921 0.0000000000
24526  -19.495  -63.417  10.253 0.0000000000
24527  -20.127  -63.780  10.234 0.0000000000
24547  -19.901  -62.907  9.786 0.0000000000
24548  -20.502  -63.239  9.808 0.0000000000
24549  -21.493  -63.105  9.183 0.0000000000
24550  -22.272  -63.506  9.175 0.0000000000
24551  -23.175  -63.336  9.159 0.0000000000
24552  -24.224  -63.583  9.486 0.0000000000
24553  -25.292  -63.799  9.419 0.0000000000
24554  -26.221  -63.644  8.989 0.0000000000
24573  -21.787  -62.720  8.453 0.0000000000
24574  -22.199  -62.904  8.645 0.0000000000
24575  -22.633  -63.075  8.860 0.0000000000
24576  -26.842  -63.527  8.116 0.0000000000
24577  -27.160  -62.879  7.736 0.0000000000
24590  -26.932  -63.938  7.337 0.0000000000
24591  -27.185  -63.214  7.322 0.0000000000
24598  -26.907  -63.645  6.543 0.0000000000
24599  -27.251  -62.840  6.711 0.0000000000
24607  -26.000  -63.970  5.154 0.0000000000
24608  -26.461  -63.515  5.485 0.0000000000
24620  -25.891  -63.588  4.618 0.0000000000
24621  -26.370  -62.880  4.783 0.0000000000
24678  -23.980  -63.220  -0.506 0.0000000000
25616  -20.174  -62.571  9.345 0.0000000000
25617  -20.817  -62.662  9.079 0.0000000000
25618  -23.357  -62.449  9.147 0.0000000000
25619  -23.958  -62.519  9.407 0.0000000000
25620  -24.942  -62.639  9.525 0.0000000000
25621  -25.925  -62.691  9.342 0.0000000000
25636  -20.432  -62.200  8.560 0.0000000000
25637  -21.272  -62.469  8.281 0.0000000000
25638  -22.051  -62.302  7.877 0.0000000000
25639  -22.800  -62.365  8.716 0.0000000000
25640  -26.592  -62.632  8.702 0.0000000000
25641  -27.074  -62.469  8.083 0.0000000000
25654  -21.357  -62.006  7.338 0.0000000000
25655  -21.768  -61.867  7.410 0.0000000000
25656  -27.319  -62.257  7.320 0.0000000000
25667  -21.182  -61.803  6.985 0.0000000000
25668  -27.024  -62.792  6.024 0.0000000000
25669  -27.327  -62.167  6.366 0.0000000000
25678  -26.881  -62.312  5.264 0.0000000000
25679  -27.198  -62.206  5.801 0.0000000000
25687  -25.982  -62.683  4.180 0.0000000000
25688  -26.484  -62.183  4.483 0.0000000000
25700  -25.700  -62.061  3.450 0.0000000000
25701  -26.165  -62.113  4.007 0.0000000000
25713  -23.995  -61.801  1.346 0.0000000000
25745  -23.840  -62.270  -0.049 0.0000000000
25758  -24.131  -62.536  -0.658 0.0000000000
26729  -23.509  -61.497  9.258 0.0000000000
26730  -24.594  -61.579  9.552 0.0000000000
26731  -25.581  -61.660  9.456 0.0000000000
26732  -26.361  -61.709  9.023 0.0000000000
26749  -22.576  -61.482  8.187 0.0000000000
26750  -22.943  -61.510  8.765 0.0000000000
26751  -26.899  -61.713  8.450 0.0000000000
26752  -27.243  -61.737  7.940 0.0000000000
26768  -22.009  -61.308  7.361 0.0000000000
26769  -27.361  -61.325  7.516 0.0000000000
26787  -21.750  -60.670  6.843 0.0000000000
26788  -27.409  -61.347  6.745 0.0000000000
26803  -27.063  -61.782  5.225 0.0000000000
26804  -27.264  -61.455  5.639 0.0000000000
26819  -26.905  -61.525  4.833 0.0000000000
26820  -27.172  -60.834  4.988 0.0000000000
26834  -26.041  -61.128  3.305 0.0000000000
26835  -26.438  -61.459  3.960 0.0000000000
26864  -23.525  -61.066  1.036 0.0000000000
26878  -23.482  -61.303  0.283 0.0000000000
26888  -23.891  -61.501  -0.268 0.0000000000
27838  -23.579  -60.342  9.344 0.0000000000
27839  -24.312  -60.527  9.607 0.0000000000
27840  -25.286  -60.631  9.653 0.0000000000
27841  -26.180  -60.709  9.279 0.0000000000
27857  -22.490  -60.457  7.934 0.0000000000
27858  -22.973  -60.631  8.784 0.0000000000
27859  -26.819  -60.845  8.769 0.0000000000
27860  -27.264  -60.883  8.156 0.0000000000
27878  -22.087  -60.244  7.214 0.0000000000
27879  -27.599  -60.414  7.342 0.0000000000
27899  -21.771  -60.116  6.808 0.0000000000
27900  -27.625  -60.465  6.266 0.0000000000
27920  -20.294  -59.766  5.235 0.0000000000
27922  -27.473  -60.349  5.352 0.0000000000
27941  -19.504  -59.222  4.870 0.0000000000
27942  -19.763  -59.414  4.956 0.0000000000
27943  -26.939  -60.574  4.347 0.0000000000
27944  -27.295  -60.250  4.756 0.0000000000
27957  -26.497  -60.440  3.550 0.0000000000
27984  -23.366  -60.312  1.010 0.0000000000
27997  -23.280  -60.386  0.600 0.0000000000
28993  -24.020  -59.507  9.611 0.0000000000
28994  -24.951  -59.597  9.848 0.0000000000
28995  -25.915  -59.666  9.550 0.0000000000
28996  -26.848  -59.730  8.980 0.0000000000
28997  -27.358  -59.169  8.658 0.0000000000
29010  -22.790  -59.553  8.448 0.0000000000
29011  -23.301  -59.546  9.124 0.0000000000
29012  -27.110  -60.308  8.548 0.0000000000
29013  -27.439  -59.783  8.242 0.0000000000
29026  -22.378  -59.436  7.663 0.0000000000
29027  -27.817  -59.417  7.570 0.0000000000
29044  -21.860  -59.351  6.865 0.0000000000
29045  -27.909  -59.578  6.738 0.0000000000
29069  -20.394  -58.895  5.066 0.0000000000
29071  -27.774  -59.548  5.777 0.0000000000
29089  -14.303  -59.427  4.574 0.0000000000
29094  -19.046  -58.929  4.623 0.0000000000
29095  -19.769  -58.990  4.754 0.0000000000
29096  -27.249  -59.969  4.412 0.0000000000
29097  -27.481  -59.459  4.744 0.0000000000
29108  -26.353  -59.481  3.072 0.0000000000
29109  -27.089  -59.534  3.907 0.0000000000
29110  -27.340  -59.028  4.218 0.0000000000
29138  -23.362  -59.540  1.061 0.0000000000
29151  -23.358  -59.621  0.403 0.0000000000
30199  -14.961  -58.312  8.824 0.0000000000
30205  -23.605  -58.497  9.442 0.0000000000
30206  -24.552  -58.546  9.837 0.0000000000
30207  -25.562  -58.638  9.895 0.0000000000
30208  -26.505  -58.709  9.587 0.0000000000
30209  -27.256  -58.636  9.107 0.0000000000
30223  -14.846  -58.245  7.908 0.0000000000
30224  -15.623  -58.500  8.234 0.0000000000
30225  -16.535  -58.491  8.558 0.0000000000
30229  -22.650  -58.477  8.212 0.0000000000
30230  -23.060  -58.761  8.850 0.0000000000
30231  -27.861  -58.533  8.267 0.0000000000
30243  -14.853  -58.019  7.382 0.0000000000
30244  -15.384  -58.215  7.418 0.0000000000
30245  -16.275  -58.380  7.584 0.0000000000
30246  -17.252  -58.322  7.940 0.0000000000
30247  -17.868  -58.245  8.299 0.0000000000
30248  -22.307  -58.493  7.341 0.0000000000
30249  -28.128  -58.729  7.181 0.0000000000
30250  -28.322  -57.921  7.530 0.0000000000
30266  -22.013  -58.478  6.839 0.0000000000
30267  -28.069  -58.762  6.246 0.0000000000
30268  -28.327  -58.010  6.632 0.0000000000
30285  -20.653  -58.157  5.333 0.0000000000
30287  -27.834  -58.599  5.344 0.0000000000
30288  -28.253  -58.055  5.837 0.0000000000
30308  -19.225  -58.197  4.262 0.0000000000
30310  -27.182  -58.034  3.899 0.0000000000
30311  -27.411  -58.296  4.348 0.0000000000
30324  -16.509  -58.109  3.830 0.0000000000
30327  -18.631  -57.802  3.887 0.0000000000
30328  -19.055  -57.576  3.999 0.0000000000
30332  -26.833  -58.357  3.535 0.0000000000
30333  -27.231  -58.806  3.959 0.0000000000
30345  -24.114  -58.114  2.014 0.0000000000
30367  -23.415  -58.562  0.783 0.0000000000
31391  -23.574  -57.751  9.400 0.0000000000
31392  -24.109  -57.668  9.709 0.0000000000
31393  -25.147  -57.393  10.070 0.0000000000
31394  -26.164  -57.858  10.083 0.0000000000
31408  -14.160  -58.046  8.312 0.0000000000
31412  -22.756  -57.742  8.300 0.0000000000
31413  -23.109  -57.762  8.881 0.0000000000
31414  -27.600  -57.877  9.050 0.0000000000
31427  -12.818  -57.630  8.060 0.0000000000
31429  -14.321  -57.721  7.408 0.0000000000
31430  -14.978  -57.673  6.954 0.0000000000
31431  -15.849  -57.751  6.893 0.0000000000
31432  -16.907  -57.795  7.092 0.0000000000
31433  -18.293  -57.726  7.661 0.0000000000
31434  -19.337  -57.161  7.725 0.0000000000
31435  -22.566  -57.657  7.755 0.0000000000
31454  -13.800  -57.258  7.059 0.0000000000
31456  -15.298  -56.862  6.543 0.0000000000
31457  -16.283  -56.955  6.495 0.0000000000
31458  -17.351  -56.996  6.609 0.0000000000
31459  -18.157  -56.803  6.736 0.0000000000
31461  -22.205  -57.518  6.831 0.0000000000
31478  -20.369  -57.306  5.014 0.0000000000
31479  -21.122  -57.180  5.552 0.0000000000
31480  -27.878  -57.451  5.166 0.0000000000
31481  -28.354  -57.313  6.064 0.0000000000
31492  -16.086  -57.615  3.906 0.0000000000
31493  -19.484  -57.292  4.279 0.0000000000
31495  -27.117  -57.468  3.952 0.0000000000
31496  -27.460  -57.500  4.512 0.0000000000
31510  -16.756  -57.511  3.880 0.0000000000
31513  -18.782  -57.222  3.844 0.0000000000
31514  -19.095  -57.227  4.003 0.0000000000
31517  -26.102  -57.555  3.185 0.0000000000
31518  -26.654  -57.569  3.547 0.0000000000
31529  -23.751  -57.460  1.680 0.0000000000
32564  -23.673  -57.145  9.315 0.0000000000
32565  -24.354  -56.771  9.656 0.0000000000
32581  -12.397  -57.427  8.074 0.0000000000
32584  -21.449  -55.507  9.063 0.0000000000
32585  -22.917  -57.144  8.241 0.0000000000
32586  -23.368  -56.766  8.725 0.0000000000
32602  -12.654  -57.291  7.379 0.0000000000
32603  -13.339  -57.178  7.127 0.0000000000
32604  -18.872  -56.772  7.038 0.0000000000
32605  -19.594  -56.244  7.282 0.0000000000
32607  -22.671  -56.621  7.591 0.0000000000
32608  -23.109  -56.395  8.190 0.0000000000
32626  -13.681  -56.825  6.481 0.0000000000
32628  -15.667  -55.963  6.155 0.0000000000
32629  -16.653  -56.057  6.221 0.0000000000
32630  -17.618  -56.077  6.349 0.0000000000
32631  -18.476  -56.081  6.575 0.0000000000
32632  -19.049  -56.155  6.785 0.0000000000
32633  -21.717  -56.375  6.239 0.0000000000
32634  -22.343  -56.338  6.925 0.0000000000
32648  -21.202  -56.330  5.636 0.0000000000
32649  -27.897  -56.365  5.078 0.0000000000
32650  -28.210  -56.658  5.620 0.0000000000
32662  -26.971  -56.361  4.032 0.0000000000
32663  -27.454  -56.806  4.578 0.0000000000
32682  -19.084  -56.774  3.941 0.0000000000
32684  -24.981  -56.344  2.553 0.0000000000
32685  -25.807  -56.608  3.051 0.0000000000
32686  -26.511  -56.914  3.537 0.0000000000
33653  -21.263  -55.282  10.420 0.0000000000
33658  -27.847  -55.201  10.085 0.0000000000
33672  -21.599  -55.047  9.673 0.0000000000
33677  -28.422  -55.421  9.517 0.0000000000
33685  -21.294  -55.421  8.584 0.0000000000
33686  -21.546  -54.807  8.782 0.0000000000
33688  -29.046  -55.119  8.796 0.0000000000
33689  -29.347  -54.669  8.330 0.0000000000
33705  -20.000  -55.232  7.208 0.0000000000
33706  -20.968  -55.078  7.900 0.0000000000
33707  -21.331  -54.255  8.185 0.0000000000
33708  -22.668  -55.810  7.279 0.0000000000
33709  -23.155  -55.625  7.816 0.0000000000
33710  -29.217  -55.331  7.767 0.0000000000
33711  -29.459  -54.395  7.696 0.0000000000
33727  -15.142  -54.912  6.050 0.0000000000
33728  -16.004  -55.071  5.951 0.0000000000
33729  -17.006  -55.179  6.120 0.0000000000
33730  -17.997  -55.190  6.255 0.0000000000
33731  -19.073  -55.360  6.584 0.0000000000
33732  -21.769  -55.213  6.240 0.0000000000
33733  -22.381  -55.388  6.738 0.0000000000
33734  -22.933  -55.174  7.228 0.0000000000
33735  -28.951  -55.414  6.564 0.0000000000
33736  -29.373  -54.775  7.053 0.0000000000
33748  -15.269  -54.475  6.020 0.0000000000
33749  -15.475  -54.626  6.029 0.0000000000
33751  -21.228  -55.469  5.658 0.0000000000
33752  -28.006  -55.854  4.986 0.0000000000
33753  -28.355  -55.714  5.478 0.0000000000
33767  -26.920  -55.343  3.913 0.0000000000
33768  -27.601  -55.718  4.580 0.0000000000
33769  -28.085  -55.545  4.916 0.0000000000
33785  -18.986  -55.960  3.837 0.0000000000
33787  -24.717  -55.190  2.397 0.0000000000
33788  -25.609  -55.557  2.973 0.0000000000
33789  -26.373  -55.941  3.460 0.0000000000
34765  -21.019  -53.940  11.168 0.0000000000
34766  -21.233  -53.955  10.958 0.0000000000
34784  -20.841  -54.483  11.026 0.0000000000
34785  -21.519  -54.339  10.411 0.0000000000
34787  -25.130  -54.585  10.198 0.0000000000
34788  -26.392  -54.585  10.588 0.0000000000
34789  -27.460  -54.529  10.488 0.0000000000
34790  -28.307  -54.475  10.156 0.0000000000
34804  -21.807  -54.190  9.514 0.0000000000
34807  -24.721  -53.991  9.601 0.0000000000
34808  -28.941  -54.389  9.498 0.0000000000
34809  -29.313  -53.947  9.117 0.0000000000
34820  -21.709  -53.870  8.709 0.0000000000
34822  -24.105  -54.072  8.510 0.0000000000
34823  -29.258  -54.435  8.865 0.0000000000
34824  -29.498  -53.926  8.449 0.0000000000
34841  -21.334  -53.491  8.088 0.0000000000
34842  -23.344  -54.612  7.570 0.0000000000
34843  -29.568  -53.572  7.665 0.0000000000
34852  -14.789  -54.600  5.994 0.0000000000
34853  -15.010  -54.497  6.032 0.0000000000
34854  -16.511  -54.538  5.950 0.0000000000
34855  -17.323  -54.227  6.025 0.0000000000
34856  -18.423  -54.200  6.299 0.0000000000
34857  -19.576  -54.212  6.600 0.0000000000
34858  -20.241  -53.770  6.888 0.0000000000
34859  -21.525  -54.472  5.893 0.0000000000
34860  -22.121  -54.373  6.422 0.0000000000
34861  -22.863  -54.417  6.922 0.0000000000
34862  -29.218  -54.559  6.442 0.0000000000
34863  -29.413  -53.955  6.887 0.0000000000
34873  -15.170  -54.363  5.850 0.0000000000
34874  -15.788  -54.341  5.873 0.0000000000
34878  -28.820  -54.537  5.706 0.0000000000
34879  -29.266  -53.999  6.140 0.0000000000
34889  -14.780  -54.857  5.560 0.0000000000
34896  -26.907  -54.496  3.694 0.0000000000
34897  -27.464  -54.674  4.177 0.0000000000
34898  -28.206  -54.815  4.790 0.0000000000
34912  -25.052  -53.936  2.374 0.0000000000
34913  -25.641  -54.428  2.834 0.0000000000
34914  -26.288  -54.893  3.416 0.0000000000
35856  -19.670  -53.059  11.252 0.0000000000
35857  -20.526  -53.193  11.411 0.0000000000
35858  -21.231  -53.419  11.298 0.0000000000
35859  -21.652  -53.525  10.784 0.0000000000
35879  -17.427  -53.070  10.616 0.0000000000
35880  -18.120  -53.604  10.747 0.0000000000
35882  -20.122  -53.881  11.237 0.0000000000
35883  -20.756  -53.811  11.264 0.0000000000
35884  -21.908  -53.609  10.126 0.0000000000
35885  -22.148  -53.061  9.986 0.0000000000
35886  -25.814  -53.466  10.453 0.0000000000
35887  -26.915  -53.553  10.757 0.0000000000
35888  -27.981  -53.579  10.668 0.0000000000
35889  -28.822  -53.482  10.148 0.0000000000
35890  -29.297  -53.057  9.752 0.0000000000
35905  -22.009  -53.237  9.321 0.0000000000
35906  -22.192  -52.797  9.680 0.0000000000
35907  -24.446  -53.404  9.000 0.0000000000
35908  -24.941  -53.305  9.876 0.0000000000
35909  -29.203  -53.642  9.554 0.0000000000
35910  -29.558  -53.231  9.095 0.0000000000
35923  -21.664  -53.058  8.541 0.0000000000
35924  -23.711  -54.058  7.962 0.0000000000
35925  -23.923  -53.254  8.077 0.0000000000
35926  -29.673  -53.075  8.271 0.0000000000
35936  -20.934  -52.953  7.584 0.0000000000
35937  -21.351  -52.816  8.028 0.0000000000
35938  -23.383  -53.456  7.301 0.0000000000
35939  -23.671  -52.883  7.617 0.0000000000
35940  -29.625  -52.894  7.635 0.0000000000
35950  -17.912  -53.245  6.006 0.0000000000
35951  -18.863  -53.177  6.272 0.0000000000
35952  -19.753  -53.143  6.565 0.0000000000
35953  -20.433  -53.052  6.993 0.0000000000
35955  -21.707  -53.375  5.850 0.0000000000
35956  -22.610  -53.425  6.539 0.0000000000
35957  -29.514  -53.087  7.026 0.0000000000
35973  -29.038  -53.618  5.696 0.0000000000
35974  -29.340  -53.221  6.238 0.0000000000
35983  -15.686  -54.201  5.483 0.0000000000
35989  -27.281  -53.904  3.774 0.0000000000
35990  -27.894  -53.776  4.266 0.0000000000
35991  -28.536  -53.547  5.038 0.0000000000
36002  -25.124  -53.124  2.451 0.0000000000
36003  -25.650  -53.381  2.727 0.0000000000
36004  -26.485  -53.650  3.323 0.0000000000
36946  -19.392  -52.274  11.513 0.0000000000
36947  -20.218  -52.329  11.632 0.0000000000
36948  -21.132  -52.534  11.636 0.0000000000
36949  -21.921  -52.597  11.111 0.0000000000
36950  -22.279  -52.034  10.738 0.0000000000
36972  -14.332  -51.597  10.282 0.0000000000
36974  -15.675  -52.106  10.259 0.0000000000
36975  -16.741  -52.659  10.536 0.0000000000
36976  -17.621  -52.534  10.490 0.0000000000
36977  -18.660  -52.736  11.015 0.0000000000
36978  -22.055  -53.087  10.512 0.0000000000
36979  -22.295  -52.417  10.156 0.0000000000
36980  -26.344  -52.440  10.767 0.0000000000
36981  -27.455  -52.554  10.929 0.0000000000
36982  -28.484  -52.558  10.702 0.0000000000
36984  -29.553  -52.377  9.524 0.0000000000
36994  -15.939  -51.835  9.745 0.0000000000
36995  -16.399  -52.034  9.927 0.0000000000
36996  -16.995  -52.133  10.089 0.0000000000
36997  -21.984  -52.672  8.771 0.0000000000
36998  -22.266  -52.421  9.209 0.0000000000
36999  -24.793  -52.143  9.210 0.0000000000
37000  -25.426  -52.328  10.146 0.0000000000
37001  -29.690  -52.368  8.726 0.0000000000
37011  -21.633  -52.193  8.252 0.0000000000
37012  -22.085  -52.281  8.672 0.0000000000
37013  -24.247  -52.393  8.353 0.0000000000
37014  -29.690  -52.325  7.957 0.0000000000
37023  -20.546  -52.097  7.143 0.0000000000
37024  -21.133  -52.319  7.696 0.0000000000
37025  -23.493  -52.299  7.264 0.0000000000
37026  -23.856  -52.511  7.815 0.0000000000
37027  -29.554  -52.348  7.237 0.0000000000
37039  -18.496  -52.214  5.653 0.0000000000
37040  -19.282  -52.245  6.316 0.0000000000
37041  -19.994  -52.407  6.659 0.0000000000
37042  -22.325  -52.279  6.088 0.0000000000
37043  -23.029  -52.638  6.707 0.0000000000
37044  -29.402  -52.485  6.537 0.0000000000
37058  -18.005  -52.234  5.281 0.0000000000
37062  -29.020  -52.749  5.552 0.0000000000
37063  -29.286  -52.609  6.055 0.0000000000
37075  -19.256  -52.554  4.479 0.0000000000
37076  -20.146  -52.321  4.553 0.0000000000
37078  -27.359  -52.884  3.798 0.0000000000
37079  -28.152  -52.777  4.411 0.0000000000
37080  -28.619  -52.561  4.918 0.0000000000
37090  -25.378  -52.574  2.749 0.0000000000
37091  -25.993  -52.671  3.115 0.0000000000
37092  -26.597  -52.573  3.459 0.0000000000
37102  -24.881  -52.555  2.424 0.0000000000
38101  -20.108  -50.882  12.294 0.0000000000
38102  -20.444  -50.951  12.224 0.0000000000
38128  -18.837  -51.780  11.503 0.0000000000
38129  -19.735  -51.299  12.068 0.0000000000
38130  -20.865  -51.568  11.989 0.0000000000
38131  -21.633  -51.759  11.620 0.0000000000
38132  -22.331  -51.498  11.159 0.0000000000
38133  -27.787  -50.915  11.396 0.0000000000
38134  -28.564  -50.928  11.185 0.0000000000
38135  -29.005  -50.895  11.030 0.0000000000
38146  -14.063  -51.136  9.930 0.0000000000
38147  -14.716  -51.476  9.921 0.0000000000
38148  -15.155  -51.709  10.050 0.0000000000
38149  -17.309  -51.507  10.303 0.0000000000
38150  -18.143  -51.702  10.881 0.0000000000
38151  -22.481  -51.497  10.269 0.0000000000
38152  -25.794  -51.212  10.532 0.0000000000
38153  -26.918  -51.406  11.247 0.0000000000
38155  -29.053  -51.456  10.802 0.0000000000
38162  -16.742  -51.656  9.899 0.0000000000
38163  -22.396  -51.592  9.402 0.0000000000
38164  -24.725  -50.827  9.108 0.0000000000
38165  -25.159  -51.391  9.773 0.0000000000
38166  -29.750  -51.542  9.126 0.0000000000
38175  -21.564  -51.097  8.162 0.0000000000
38176  -22.129  -51.735  8.662 0.0000000000
38177  -24.305  -51.293  8.412 0.0000000000
38178  -29.749  -51.589  8.306 0.0000000000
38186  -20.405  -50.945  7.008 0.0000000000
38187  -21.051  -51.501  7.621 0.0000000000
38188  -23.384  -51.154  7.172 0.0000000000
38189  -23.884  -51.712  7.775 0.0000000000
38190  -29.651  -51.606  7.530 0.0000000000
38200  -18.663  -51.482  5.385 0.0000000000
38201  -19.195  -51.245  5.747 0.0000000000
38202  -19.813  -51.527  6.557 0.0000000000
38204  -22.946  -51.683  6.605 0.0000000000
38205  -29.462  -51.647  6.713 0.0000000000
38216  -18.376  -51.553  5.105 0.0000000000
38217  -18.772  -51.179  5.295 0.0000000000
38219  -21.810  -51.480  5.607 0.0000000000
38220  -28.845  -51.683  5.146 0.0000000000
38221  -29.226  -51.977  5.980 0.0000000000
38234  -19.616  -51.643  4.570 0.0000000000
38235  -20.308  -51.574  4.638 0.0000000000
38237  -26.124  -51.344  3.256 0.0000000000
38238  -26.939  -51.675  3.633 0.0000000000
38239  -27.845  -51.849  4.138 0.0000000000
38240  -28.409  -52.035  4.576 0.0000000000
38252  -25.100  -51.921  2.700 0.0000000000
38253  -25.623  -51.920  3.104 0.0000000000
38254  -26.220  -52.026  3.369 0.0000000000
39366  -20.198  -50.340  12.340 0.0000000000
39367  -21.363  -50.622  12.263 0.0000000000
39368  -22.448  -50.288  12.074 0.0000000000
39369  -22.817  -49.984  11.723 0.0000000000
39389  -17.757  -49.925  11.100 0.0000000000
39390  -18.613  -50.638  11.638 0.0000000000
39391  -19.429  -50.475  12.151 0.0000000000
39392  -21.485  -51.261  11.934 0.0000000000
39393  -22.086  -51.073  11.866 0.0000000000
39394  -22.690  -50.490  11.362 0.0000000000
39395  -27.128  -50.188  11.598 0.0000000000
39396  -28.284  -50.272  11.633 0.0000000000
39397  -29.120  -50.333  11.142 0.0000000000
39398  -29.450  -50.002  10.764 0.0000000000
39405  -16.665  -50.041  9.957 0.0000000000
39406  -17.211  -50.461  10.419 0.0000000000
39407  -17.797  -50.861  10.847 0.0000000000
39408  -22.684  -50.624  10.405 0.0000000000
39409  -25.574  -49.944  10.595 0.0000000000
39410  -26.275  -50.477  11.089 0.0000000000
39411  -29.189  -50.804  10.871 0.0000000000
39412  -29.505  -50.505  10.433 0.0000000000
39419  -14.229  -50.248  9.435 0.0000000000
39420  -14.699  -50.212  8.995 0.0000000000
39422  -16.103  -50.515  9.321 0.0000000000
39423  -16.732  -50.970  9.856 0.0000000000
39424  -22.028  -49.802  8.826 0.0000000000
39425  -22.416  -50.637  9.517 0.0000000000
39426  -24.650  -49.633  9.112 0.0000000000
39427  -25.068  -50.385  9.886 0.0000000000
39428  -29.796  -50.609  9.468 0.0000000000
39438  -14.937  -49.812  8.613 0.0000000000
39441  -21.482  -50.037  8.214 0.0000000000
39442  -22.066  -50.802  8.751 0.0000000000
39443  -24.269  -50.068  8.368 0.0000000000
39444  -29.861  -50.730  8.576 0.0000000000
39452  -20.457  -49.870  6.817 0.0000000000
39453  -20.955  -50.403  7.578 0.0000000000
39456  -23.797  -50.579  7.751 0.0000000000
39457  -29.783  -50.931  7.858 0.0000000000
39470  -19.543  -50.346  5.728 0.0000000000
39471  -19.767  -50.456  6.321 0.0000000000
39474  -29.600  -50.760  7.088 0.0000000000
39485  -18.644  -51.019  5.093 0.0000000000
39486  -19.131  -50.746  5.236 0.0000000000
39490  -28.286  -50.130  4.429 0.0000000000
39491  -28.604  -50.474  4.812 0.0000000000
39492  -29.296  -50.677  5.932 0.0000000000
39507  -26.615  -50.651  3.429 0.0000000000
39508  -27.784  -50.454  4.018 0.0000000000
39509  -28.306  -51.296  4.529 0.0000000000
40630  -20.223  -49.314  12.431 0.0000000000
40631  -21.060  -49.554  12.545 0.0000000000
40632  -22.150  -49.670  12.562 0.0000000000
40633  -23.104  -49.416  12.044 0.0000000000
40646  -17.812  -48.871  11.121 0.0000000000
40647  -18.470  -49.280  11.618 0.0000000000
40648  -19.351  -49.574  12.180 0.0000000000
40651  -26.119  -48.488  11.247 0.0000000000
40652  -26.834  -49.030  11.781 0.0000000000
40653  -27.905  -49.403  12.002 0.0000000000
40654  -28.922  -49.485  11.606 0.0000000000
40655  -29.500  -49.521  11.010 0.0000000000
40659  -16.718  -49.483  9.992 0.0000000000
40660  -17.156  -49.346  10.415 0.0000000000
40663  -25.558  -48.782  10.614 0.0000000000
40664  -26.161  -49.511  11.243 0.0000000000
40665  -29.674  -49.636  10.430 0.0000000000
40675  -13.930  -49.381  9.190 0.0000000000
40676  -14.271  -49.847  8.952 0.0000000000
40677  -15.723  -48.928  9.031 0.0000000000
40678  -16.328  -49.342  9.572 0.0000000000
40679  -16.758  -49.161  10.008 0.0000000000
40680  -21.977  -48.812  8.742 0.0000000000
40681  -22.612  -49.506  9.589 0.0000000000
40683  -24.605  -48.446  9.108 0.0000000000
40684  -25.009  -49.179  9.897 0.0000000000
40685  -29.888  -49.598  9.699 0.0000000000
40686  -30.100  -49.119  9.384 0.0000000000
40694  -14.009  -48.923  8.566 0.0000000000
40695  -14.544  -49.339  8.601 0.0000000000
40696  -15.268  -49.429  8.641 0.0000000000
40697  -15.765  -49.794  8.940 0.0000000000
40698  -21.521  -49.160  8.324 0.0000000000
40700  -29.988  -49.726  8.839 0.0000000000
40701  -30.084  -49.332  9.205 0.0000000000
40708  -20.749  -49.108  6.647 0.0000000000
40709  -21.099  -49.225  7.531 0.0000000000
40713  -29.754  -49.946  7.796 0.0000000000
40727  -19.641  -50.134  5.634 0.0000000000
40728  -19.919  -49.473  6.022 0.0000000000
40731  -29.486  -49.747  6.737 0.0000000000
40743  -19.830  -50.066  5.570 0.0000000000
40747  -28.325  -49.504  4.589 0.0000000000
40748  -28.889  -49.612  5.381 0.0000000000
40749  -29.244  -49.537  6.024 0.0000000000
40760  -26.867  -49.566  3.436 0.0000000000
40761  -27.578  -49.060  4.053 0.0000000000
41819  -22.396  -48.485  13.136 0.0000000000
41820  -23.054  -48.336  13.254 0.0000000000
41821  -23.733  -47.889  13.080 0.0000000000
41835  -19.840  -48.530  12.399 0.0000000000
41836  -20.707  -48.617  12.627 0.0000000000
41837  -21.734  -48.734  12.891 0.0000000000
41838  -22.741  -48.912  12.780 0.0000000000
41839  -23.700  -48.356  12.345 0.0000000000
41844  -17.809  -48.101  11.195 0.0000000000
41845  -18.324  -48.244  11.549 0.0000000000
41846  -18.971  -48.448  12.136 0.0000000000
41847  -23.900  -48.158  11.216 0.0000000000
41848  -26.149  -47.895  11.189 0.0000000000
41849  -26.612  -47.957  11.662 0.0000000000
41850  -27.546  -48.428  12.145 0.0000000000
41851  -28.667  -48.609  12.008 0.0000000000
41852  -29.623  -48.540  11.293 0.0000000000
41853  -30.111  -47.989  11.027 0.0000000000
41862  -17.428  -48.311  10.735 0.0000000000
41864  -23.398  -48.232  10.368 0.0000000000
41865  -25.739  -47.686  10.689 0.0000000000
41866  -26.109  -47.420  11.226 0.0000000000
41867  -29.849  -48.978  10.520 0.0000000000
41868  -30.216  -48.252  10.556 0.0000000000
41881  -15.796  -48.359  8.899 0.0000000000
41882  -16.203  -48.222  9.306 0.0000000000
41883  -16.818  -48.440  10.074 0.0000000000
41884  -21.981  -48.239  8.556 0.0000000000
41885  -22.402  -48.150  9.086 0.0000000000
41887  -24.515  -47.478  9.091 0.0000000000
41888  -25.028  -47.847  9.842 0.0000000000
41889  -29.875  -49.216  10.088 0.0000000000
41890  -30.211  -48.692  9.716 0.0000000000
41899  -14.517  -48.334  8.578 0.0000000000
41900  -15.360  -48.354  8.605 0.0000000000
41901  -15.892  -47.852  8.824 0.0000000000
41902  -21.601  -48.294  8.097 0.0000000000
41903  -22.009  -47.903  8.416 0.0000000000
41906  -29.864  -48.931  8.175 0.0000000000
41907  -30.204  -48.863  8.904 0.0000000000
41920  -29.560  -48.816  7.253 0.0000000000
41935  -28.777  -48.154  5.966 0.0000000000
41936  -29.262  -48.789  6.386 0.0000000000
41949  -27.938  -48.372  4.697 0.0000000000
41950  -28.539  -48.649  5.294 0.0000000000
41951  -28.997  -48.927  5.788 0.0000000000
41962  -26.818  -48.432  3.743 0.0000000000
41963  -27.323  -48.196  4.305 0.0000000000
42956  -20.944  -47.161  13.279 0.0000000000
42957  -22.061  -47.787  13.471 0.0000000000
42958  -23.260  -47.610  13.607 0.0000000000
42959  -24.090  -47.290  13.281 0.0000000000
42960  -24.425  -47.020  12.882 0.0000000000
42967  -19.530  -47.637  12.301 0.0000000000
42968  -20.313  -47.657  12.675 0.0000000000
42969  -21.098  -48.014  13.045 0.0000000000
42970  -24.229  -47.481  12.607 0.0000000000
42971  -24.541  -46.777  12.328 0.0000000000
42972  -26.560  -46.375  12.046 0.0000000000
42973  -27.007  -46.689  12.343 0.0000000000
42974  -27.914  -47.040  12.589 0.0000000000
42975  -28.832  -47.188  12.486 0.0000000000
42981  -17.617  -47.756  11.002 0.0000000000
42982  -18.030  -47.306  11.319 0.0000000000
42983  -18.831  -47.472  11.873 0.0000000000
42984  -24.294  -47.127  11.504 0.0000000000
42985  -24.571  -46.477  11.746 0.0000000000
42986  -26.414  -46.822  11.680 0.0000000000
42987  -27.233  -47.505  12.239 0.0000000000
42988  -28.276  -47.799  12.339 0.0000000000
42989  -29.367  -47.695  12.005 0.0000000000
42990  -30.064  -47.621  11.426 0.0000000000
43001  -17.358  -47.315  10.585 0.0000000000
43002  -17.740  -46.789  10.992 0.0000000000
43003  -23.175  -47.559  9.926 0.0000000000
43004  -23.495  -47.100  10.342 0.0000000000
43006  -25.726  -46.721  10.915 0.0000000000
43007  -30.441  -47.483  10.760 0.0000000000
43020  -16.278  -47.225  9.055 0.0000000000
43021  -16.639  -47.334  9.784 0.0000000000
43022  -22.886  -47.203  9.394 0.0000000000
43023  -23.369  -46.784  9.685 0.0000000000
43026  -30.586  -47.615  9.843 0.0000000000
43038  -15.262  -47.285  8.555 0.0000000000
43039  -15.955  -47.068  8.467 0.0000000000
43040  -21.877  -47.753  8.164 0.0000000000
43041  -22.328  -47.394  8.367 0.0000000000
43044  -30.128  -48.368  8.362 0.0000000000
43045  -30.392  -47.737  8.685 0.0000000000
43055  -15.812  -46.673  8.417 0.0000000000
43056  -16.007  -46.503  8.343 0.0000000000
43057  -21.790  -47.782  7.862 0.0000000000
43060  -29.856  -47.902  7.725 0.0000000000
43061  -30.016  -47.060  7.871 0.0000000000
43074  -28.680  -47.499  6.060 0.0000000000
43075  -29.193  -47.644  6.658 0.0000000000
44108  -23.201  -46.361  14.350 0.0000000000
44109  -24.081  -46.210  14.109 0.0000000000
44122  -20.842  -46.157  13.273 0.0000000000
44123  -21.658  -46.581  13.754 0.0000000000
44125  -23.777  -46.933  13.939 0.0000000000
44126  -24.696  -46.406  13.212 0.0000000000
44139  -19.872  -47.046  12.445 0.0000000000
44140  -20.269  -46.627  12.726 0.0000000000
44141  -24.782  -46.096  12.013 0.0000000000
44142  -26.693  -45.921  12.320 0.0000000000
44143  -27.624  -46.247  12.682 0.0000000000
44144  -28.633  -46.499  12.748 0.0000000000
44145  -29.718  -46.618  12.270 0.0000000000
44146  -30.339  -46.051  11.903 0.0000000000
44156  -18.760  -46.533  11.626 0.0000000000
44157  -19.459  -46.743  12.094 0.0000000000
44158  -19.884  -46.625  12.359 0.0000000000
44159  -24.022  -46.377  10.648 0.0000000000
44160  -24.529  -46.046  11.190 0.0000000000
44161  -26.315  -46.056  11.760 0.0000000000
44162  -29.946  -47.164  11.791 0.0000000000
44163  -30.491  -46.617  11.347 0.0000000000
44180  -17.634  -46.266  10.657 0.0000000000
44181  -18.104  -46.300  11.211 0.0000000000
44182  -23.682  -46.350  9.938 0.0000000000
44185  -25.863  -45.978  11.250 0.0000000000
44186  -30.765  -46.634  10.172 0.0000000000
44201  -16.652  -46.610  9.369 0.0000000000
44202  -17.166  -46.347  9.898 0.0000000000
44204  -23.353  -46.670  9.195 0.0000000000
44206  -24.687  -46.209  9.956 0.0000000000
44207  -30.612  -46.663  9.134 0.0000000000
44218  -16.510  -46.246  8.783 0.0000000000
44219  -16.938  -45.996  9.248 0.0000000000
44223  -30.340  -46.541  8.210 0.0000000000
44233  -16.196  -46.103  8.399 0.0000000000
44234  -29.421  -46.762  7.248 0.0000000000
44235  -29.886  -46.349  7.596 0.0000000000
44247  -28.600  -46.797  6.144 0.0000000000
44248  -28.926  -46.576  6.677 0.0000000000
45152  -23.106  -45.396  15.031 0.0000000000
45153  -23.886  -45.310  15.241 0.0000000000
45154  -24.535  -44.920  15.218 0.0000000000
45171  -21.811  -45.472  14.358 0.0000000000
45172  -22.712  -45.743  14.623 0.0000000000
45173  -23.685  -45.824  14.671 0.0000000000
45174  -24.891  -45.407  14.337 0.0000000000
45175  -25.517  -44.804  13.994 0.0000000000
45192  -20.776  -45.219  13.243 0.0000000000
45194  -25.280  -45.568  13.213 0.0000000000
45195  -25.519  -45.012  13.463 0.0000000000
45196  -27.847  -45.071  13.430 0.0000000000
45197  -28.885  -45.175  13.434 0.0000000000
45198  -29.916  -45.125  13.263 0.0000000000
45199  -30.436  -44.937  12.954 0.0000000000
45216  -19.771  -45.242  12.285 0.0000000000
45217  -20.355  -45.671  12.686 0.0000000000
45218  -25.060  -45.562  12.319 0.0000000000
45219  -25.649  -45.161  12.638 0.0000000000
45220  -26.413  -45.213  12.621 0.0000000000
45221  -27.300  -45.467  12.839 0.0000000000
45222  -28.252  -45.803  13.142 0.0000000000
45223  -29.318  -45.833  12.925 0.0000000000
45224  -30.322  -45.525  12.482 0.0000000000
45231  -18.607  -45.550  11.496 0.0000000000
45232  -19.326  -45.840  11.878 0.0000000000
45233  -19.899  -46.122  12.268 0.0000000000
45234  -24.862  -45.589  11.460 0.0000000000
45235  -25.217  -45.353  11.708 0.0000000000
45236  -25.907  -45.511  11.869 0.0000000000
45237  -30.827  -45.404  11.490 0.0000000000
45238  -31.231  -44.860  11.195 0.0000000000
45252  -17.568  -45.474  10.208 0.0000000000
45253  -17.960  -45.408  10.936 0.0000000000
45254  -24.645  -45.659  10.990 0.0000000000
45257  -31.024  -45.596  10.466 0.0000000000
45258  -31.245  -45.058  10.857 0.0000000000
45271  -17.295  -45.424  9.488 0.0000000000
45272  -30.811  -45.689  9.420 0.0000000000
45282  -16.579  -45.329  8.509 0.0000000000
45283  -16.972  -45.330  8.867 0.0000000000
45284  -30.503  -45.739  8.519 0.0000000000
45295  -28.903  -45.364  6.810 0.0000000000
45296  -29.303  -45.689  7.135 0.0000000000
45297  -30.096  -45.694  7.760 0.0000000000
45312  -28.490  -45.562  6.359 0.0000000000
45313  -29.070  -46.139  6.820 0.0000000000
46203  -22.943  -44.746  15.428 0.0000000000
46204  -23.780  -44.486  15.691 0.0000000000
46205  -24.805  -44.275  15.557 0.0000000000
46206  -25.418  -43.793  15.589 0.0000000000
46220  -21.668  -44.506  14.564 0.0000000000
46221  -22.350  -45.068  14.928 0.0000000000
46222  -25.007  -44.735  14.930 0.0000000000
46223  -25.694  -44.225  14.605 0.0000000000
46227  -30.047  -43.927  14.197 0.0000000000
46228  -30.514  -43.752  13.898 0.0000000000
46238  -20.610  -44.263  13.356 0.0000000000
46239  -21.162  -44.842  13.902 0.0000000000
46240  -25.828  -44.570  13.604 0.0000000000
46245  -30.595  -44.189  13.372 0.0000000000
46246  -31.209  -43.706  13.043 0.0000000000
46256  -19.639  -44.255  12.276 0.0000000000
46257  -20.260  -44.718  12.715 0.0000000000
46258  -25.785  -44.814  13.149 0.0000000000
46261  -30.749  -44.696  12.500 0.0000000000
46262  -31.190  -43.984  12.510 0.0000000000
46267  -18.540  -44.441  11.104 0.0000000000
46268  -19.116  -44.843  11.865 0.0000000000
46269  -30.743  -45.016  12.021 0.0000000000
46270  -31.181  -44.449  11.651 0.0000000000
46282  -17.561  -44.833  9.785 0.0000000000
46283  -17.903  -44.638  10.369 0.0000000000
46284  -31.185  -44.818  10.358 0.0000000000
46285  -31.294  -44.420  10.761 0.0000000000
46299  -17.416  -44.519  9.078 0.0000000000
46300  -17.810  -44.222  9.705 0.0000000000
46301  -30.941  -44.692  9.659 0.0000000000
46302  -31.187  -44.278  10.119 0.0000000000
46312  -16.656  -44.642  8.332 0.0000000000
46314  -30.086  -44.502  8.085 0.0000000000
46315  -30.508  -44.782  8.720 0.0000000000
46323  -16.540  -44.346  8.201 0.0000000000
46324  -16.919  -44.146  7.914 0.0000000000
46325  -28.916  -44.863  6.940 0.0000000000
46326  -29.633  -44.830  7.595 0.0000000000
46327  -30.208  -45.099  8.103 0.0000000000
46342  -28.364  -44.614  6.547 0.0000000000
47246  -22.793  -42.857  16.232 0.0000000000
47247  -23.305  -43.010  16.390 0.0000000000
47248  -24.170  -42.979  16.544 0.0000000000
47249  -24.909  -42.864  16.485 0.0000000000
47258  -21.927  -43.040  15.312 0.0000000000
47259  -22.599  -43.519  15.828 0.0000000000
47260  -23.910  -43.710  16.163 0.0000000000
47261  -24.838  -43.510  16.135 0.0000000000
47262  -25.609  -43.186  16.138 0.0000000000
47263  -26.363  -43.133  15.864 0.0000000000
47264  -27.037  -42.998  15.641 0.0000000000
47274  -21.678  -43.477  14.850 0.0000000000
47275  -22.176  -44.299  15.197 0.0000000000
47276  -25.931  -43.563  15.435 0.0000000000
47277  -26.549  -43.509  15.106 0.0000000000
47281  -30.629  -43.230  14.267 0.0000000000
47282  -31.150  -42.834  14.096 0.0000000000
47292  -20.470  -43.256  13.425 0.0000000000
47293  -21.096  -43.817  13.999 0.0000000000
47294  -30.750  -43.609  13.762 0.0000000000
47295  -31.236  -43.244  13.556 0.0000000000
47304  -19.588  -43.246  12.186 0.0000000000
47305  -20.068  -43.715  12.802 0.0000000000
47306  -31.524  -43.223  12.652 0.0000000000
47313  -18.786  -43.335  11.033 0.0000000000
47314  -19.178  -43.790  11.632 0.0000000000
47315  -31.535  -43.402  11.766 0.0000000000
47324  -18.281  -43.636  10.224 0.0000000000
47325  -31.068  -43.061  10.250 0.0000000000
47326  -31.414  -43.615  10.910 0.0000000000
47339  -17.440  -43.864  8.475 0.0000000000
47340  -17.751  -43.512  9.136 0.0000000000
47341  -30.857  -43.646  9.684 0.0000000000
47342  -31.232  -43.803  10.312 0.0000000000
47353  -17.541  -43.326  8.429 0.0000000000
47354  -30.149  -43.787  8.385 0.0000000000
47355  -30.604  -44.028  9.061 0.0000000000
47364  -28.373  -43.364  7.045 0.0000000000
47365  -29.124  -43.919  7.352 0.0000000000
47366  -29.722  -44.083  7.836 0.0000000000
47378  -26.274  -43.172  6.118 0.0000000000
47379  -27.148  -43.756  6.189 0.0000000000
47380  -27.984  -43.942  6.577 0.0000000000
47381  -28.571  -44.123  6.854 0.0000000000
47400  -25.879  -43.698  5.603 0.0000000000
47401  -26.520  -43.729  5.847 0.0000000000
48243  -23.007  -42.482  16.380 0.0000000000
48244  -23.595  -42.327  16.539 0.0000000000
48245  -24.410  -42.227  16.648 0.0000000000
48246  -25.353  -42.288  16.567 0.0000000000
48247  -26.037  -42.055  16.486 0.0000000000
48253  -22.049  -42.609  15.505 0.0000000000
48254  -22.499  -42.348  16.010 0.0000000000
48255  -26.047  -42.642  16.297 0.0000000000
48256  -26.653  -42.407  16.216 0.0000000000
48257  -27.354  -42.382  16.038 0.0000000000
48268  -21.565  -42.515  14.927 0.0000000000
48283  -31.466  -42.315  13.926 0.0000000000
48290  -19.619  -42.549  12.100 0.0000000000
48292  -31.715  -42.387  13.025 0.0000000000
48301  -18.875  -42.878  11.056 0.0000000000
48302  -19.229  -42.662  11.385 0.0000000000
48303  -31.714  -42.468  12.037 0.0000000000
48310  -18.682  -42.696  10.656 0.0000000000
48311  -18.966  -42.086  10.823 0.0000000000
48312  -30.919  -42.414  10.265 0.0000000000
48313  -31.422  -42.509  10.951 0.0000000000
48324  -18.238  -42.619  9.631 0.0000000000
48325  -29.969  -42.107  9.049 0.0000000000
48326  -30.454  -42.402  9.510 0.0000000000
48338  -28.155  -41.754  8.117 0.0000000000
48339  -28.725  -42.153  8.139 0.0000000000
48340  -29.689  -42.580  8.563 0.0000000000
48341  -30.383  -43.278  9.007 0.0000000000
48351  -25.943  -41.613  7.170 0.0000000000
48352  -26.685  -41.964  7.185 0.0000000000
48354  -28.995  -42.846  7.560 0.0000000000
48355  -29.575  -43.413  7.873 0.0000000000
48365  -25.900  -42.271  6.559 0.0000000000
48366  -26.907  -42.759  6.695 0.0000000000
48367  -27.647  -43.206  6.771 0.0000000000
49236  -23.018  -41.883  16.411 0.0000000000
49237  -23.695  -41.450  16.498 0.0000000000
49238  -24.664  -41.498  16.634 0.0000000000
49239  -25.516  -41.461  16.628 0.0000000000
49240  -26.442  -41.474  16.567 0.0000000000
49241  -26.827  -41.010  16.715 0.0000000000
49245  -21.790  -41.629  15.365 0.0000000000
49246  -22.559  -41.453  16.034 0.0000000000
49247  -23.054  -41.355  16.347 0.0000000000
49248  -26.981  -41.952  16.337 0.0000000000
49249  -27.400  -41.479  16.471 0.0000000000
49250  -28.444  -41.413  16.301 0.0000000000
49251  -29.403  -41.347  16.025 0.0000000000
49252  -30.460  -41.412  15.502 0.0000000000
49253  -31.086  -40.929  15.333 0.0000000000
49263  -31.364  -41.434  14.699 0.0000000000
49274  -31.855  -41.416  13.541 0.0000000000
49282  -19.670  -41.749  12.041 0.0000000000
49284  -31.816  -41.502  12.466 0.0000000000
49294  -19.246  -41.674  11.129 0.0000000000
49295  -31.088  -41.237  11.111 0.0000000000
49296  -31.506  -41.710  11.559 0.0000000000
49303  -18.651  -41.794  10.201 0.0000000000
49304  -18.959  -41.668  10.706 0.0000000000
49305  -30.207  -41.359  9.883 0.0000000000
49307  -31.213  -41.790  10.988 0.0000000000
49318  -18.352  -41.633  9.102 0.0000000000
49319  -27.884  -40.852  8.895 0.0000000000
49320  -28.379  -40.982  8.981 0.0000000000
49321  -29.597  -41.469  9.274 0.0000000000
49335  -28.584  -41.556  8.574 0.0000000000
49336  -29.155  -41.922  8.611 0.0000000000
49348  -24.344  -40.810  7.100 0.0000000000
50209  -23.639  -40.876  16.370 0.0000000000
50210  -24.116  -40.878  16.459 0.0000000000
50211  -24.837  -40.790  16.586 0.0000000000
50212  -25.648  -40.700  16.649 0.0000000000
50213  -26.360  -40.570  16.631 0.0000000000
50219  -22.160  -40.832  15.672 0.0000000000
50220  -23.042  -40.761  16.177 0.0000000000
50221  -26.986  -40.470  16.579 0.0000000000
50222  -27.783  -40.460  16.560 0.0000000000
50223  -28.789  -40.447  16.379 0.0000000000
50224  -29.831  -40.457  16.148 0.0000000000
50225  -30.716  -40.370  15.696 0.0000000000
50232  -31.424  -40.357  15.159 0.0000000000
50243  -31.871  -40.346  14.180 0.0000000000
50244  -32.106  -39.811  13.674 0.0000000000
50255  -32.104  -40.341  12.963 0.0000000000
50256  -32.239  -39.650  13.286 0.0000000000
50265  -18.764  -40.436  10.620 0.0000000000
50266  -19.276  -40.766  11.356 0.0000000000
50268  -30.839  -40.448  11.076 0.0000000000
50269  -31.616  -40.649  11.835 0.0000000000
50275  -18.460  -40.745  9.770 0.0000000000
50276  -18.955  -41.171  10.612 0.0000000000
50290  -18.018  -40.691  8.759 0.0000000000
50320  -24.820  -40.353  7.608 0.0000000000
50330  -22.851  -40.282  5.630 0.0000000000
51255  -23.666  -40.504  16.272 0.0000000000
51257  -24.926  -40.001  16.540 0.0000000000
51258  -25.745  -39.890  16.572 0.0000000000
51259  -26.434  -39.895  16.527 0.0000000000
51269  -25.089  -39.224  16.209 0.0000000000
51270  -25.978  -39.167  16.367 0.0000000000
51271  -26.974  -39.470  16.394 0.0000000000
51272  -28.046  -39.456  16.454 0.0000000000
51273  -29.096  -39.487  16.313 0.0000000000
51274  -30.120  -39.489  16.105 0.0000000000
51275  -30.967  -39.470  15.570 0.0000000000
51282  -31.693  -39.408  14.895 0.0000000000
51283  -32.129  -39.004  14.504 0.0000000000
51294  -32.049  -39.556  14.224 0.0000000000
51295  -32.331  -39.164  13.791 0.0000000000
51306  -18.653  -39.117  11.848 0.0000000000
51308  -31.947  -39.906  12.263 0.0000000000
51309  -32.281  -39.248  12.760 0.0000000000
51320  -18.754  -39.675  11.207 0.0000000000
51321  -19.277  -40.163  11.792 0.0000000000
51322  -30.015  -39.928  11.024 0.0000000000
51323  -30.503  -39.820  11.027 0.0000000000
51324  -31.584  -39.354  11.589 0.0000000000
51325  -32.192  -38.790  12.201 0.0000000000
51333  -29.710  -39.736  10.616 0.0000000000
51334  -30.741  -39.166  10.864 0.0000000000
51335  -31.278  -38.802  11.070 0.0000000000
51345  -17.640  -39.076  8.662 0.0000000000
51346  -17.941  -39.711  9.046 0.0000000000
51358  -17.595  -39.343  8.213 0.0000000000
51374  -24.323  -39.305  6.550 0.0000000000
51385  -22.839  -39.049  5.479 0.0000000000
51386  -23.518  -39.627  6.110 0.0000000000
52388  -25.356  -38.589  15.709 0.0000000000
52389  -26.253  -38.451  15.994 0.0000000000
52390  -27.266  -38.459  16.245 0.0000000000
52391  -28.325  -38.552  16.204 0.0000000000
52392  -29.332  -38.590  16.073 0.0000000000
52393  -30.317  -38.581  15.886 0.0000000000
52394  -31.141  -38.576  15.427 0.0000000000
52406  -24.227  -38.025  14.961 0.0000000000
52407  -31.754  -38.434  14.923 0.0000000000
52408  -32.224  -38.342  14.349 0.0000000000
52423  -32.434  -38.344  13.550 0.0000000000
52439  -32.434  -38.229  12.705 0.0000000000
52460  -32.187  -38.260  11.874 0.0000000000
52478  -31.171  -38.397  10.539 0.0000000000
52488  -17.697  -38.622  9.222 0.0000000000
52489  -18.057  -39.282  9.655 0.0000000000
52493  -30.632  -38.191  9.832 0.0000000000
52494  -31.236  -37.901  10.041 0.0000000000
52503  -17.475  -38.586  8.284 0.0000000000
52516  -17.310  -38.841  7.851 0.0000000000
52517  -24.441  -38.789  6.350 0.0000000000
52532  -23.849  -38.607  5.846 0.0000000000
52543  -22.497  -38.442  4.727 0.0000000000
53518  -24.845  -38.145  15.183 0.0000000000
53519  -25.532  -37.881  15.312 0.0000000000
53521  -27.592  -37.729  15.868 0.0000000000
53523  -29.511  -37.774  15.756 0.0000000000
53524  -30.525  -37.667  15.694 0.0000000000
53525  -31.310  -37.850  15.356 0.0000000000
53544  -31.073  -37.184  15.494 0.0000000000
53545  -31.769  -37.391  14.866 0.0000000000
53546  -32.326  -37.686  14.151 0.0000000000
53559  -32.262  -37.003  14.304 0.0000000000
53570  -32.578  -37.335  12.438 0.0000000000
53584  -31.692  -37.949  10.857 0.0000000000
53585  -32.213  -37.386  11.298 0.0000000000
53601  -31.649  -37.643  10.423 0.0000000000
53613  -31.521  -37.369  9.392 0.0000000000
53614  -32.252  -36.745  9.803 0.0000000000
53625  -17.431  -37.682  8.385 0.0000000000
53628  -30.691  -37.528  8.366 0.0000000000
53629  -31.560  -37.113  8.214 0.0000000000
53638  -17.267  -37.979  7.723 0.0000000000
53642  -29.468  -37.559  7.505 0.0000000000
53643  -30.227  -37.486  7.588 0.0000000000
53644  -31.074  -37.225  7.517 0.0000000000
53659  -29.965  -37.372  6.862 0.0000000000
53660  -30.640  -37.216  6.968 0.0000000000
53667  -22.907  -37.714  4.644 0.0000000000
54738  -29.672  -36.954  15.546 0.0000000000
54739  -30.430  -36.865  15.483 0.0000000000
54755  -28.944  -36.226  15.317 0.0000000000
54756  -29.905  -36.245  15.214 0.0000000000
54757  -31.000  -36.312  15.318 0.0000000000
54771  -32.407  -36.265  14.048 0.0000000000
54772  -32.801  -36.431  13.144 0.0000000000
54781  -32.892  -36.302  12.104 0.0000000000
54782  -33.089  -35.775  11.898 0.0000000000
54807  -32.810  -36.137  10.203 0.0000000000
54816  -32.070  -36.845  8.620 0.0000000000
54817  -32.578  -36.575  9.201 0.0000000000
54818  -33.251  -35.889  9.458 0.0000000000
54829  -17.318  -36.686  8.502 0.0000000000
54830  -32.152  -36.797  7.998 0.0000000000
54831  -32.693  -36.617  8.267 0.0000000000
54832  -33.270  -36.157  8.602 0.0000000000
54842  -17.210  -36.947  7.711 0.0000000000
54843  -31.867  -36.870  7.405 0.0000000000
54844  -32.610  -36.661  7.483 0.0000000000
54845  -33.273  -36.345  7.690 0.0000000000
54854  -29.721  -37.049  6.179 0.0000000000
54855  -30.531  -36.989  6.295 0.0000000000
54856  -31.378  -36.883  6.628 0.0000000000
54857  -32.439  -36.602  6.598 0.0000000000
54858  -33.108  -36.491  6.970 0.0000000000
54872  -29.416  -36.714  5.529 0.0000000000
56015  -29.253  -35.548  14.940 0.0000000000
56016  -30.157  -35.527  14.795 0.0000000000
56017  -31.227  -35.418  14.651 0.0000000000
56018  -31.947  -35.805  14.470 0.0000000000
56032  -28.763  -34.976  14.435 0.0000000000
56033  -29.528  -35.114  14.571 0.0000000000
56034  -31.458  -34.919  14.288 0.0000000000
56035  -32.023  -35.337  14.116 0.0000000000
56036  -32.529  -35.710  13.547 0.0000000000
56051  -32.794  -35.609  12.885 0.0000000000
56052  -33.050  -35.434  12.241 0.0000000000
56060  -22.374  -35.227  11.516 0.0000000000
56076  -16.464  -34.598  9.442 0.0000000000
56079  -33.380  -35.304  10.590 0.0000000000
56090  -16.387  -35.007  9.041 0.0000000000
56091  -17.029  -35.775  8.729 0.0000000000
56092  -33.707  -35.227  9.750 0.0000000000
56093  -34.126  -35.000  9.285 0.0000000000
56102  -16.571  -35.666  8.417 0.0000000000
56103  -17.126  -36.199  7.935 0.0000000000
56104  -33.747  -35.486  8.944 0.0000000000
56105  -34.358  -35.032  8.579 0.0000000000
56113  -17.006  -36.244  7.652 0.0000000000
56114  -17.125  -36.466  7.582 0.0000000000
56115  -33.858  -35.713  8.028 0.0000000000
56116  -34.478  -35.118  7.538 0.0000000000
56122  -33.133  -36.369  6.416 0.0000000000
56123  -33.715  -35.846  6.803 0.0000000000
57295  -29.895  -35.045  14.501 0.0000000000
57296  -30.331  -34.997  14.492 0.0000000000
57303  -28.379  -34.418  13.712 0.0000000000
57304  -29.586  -34.518  14.197 0.0000000000
57305  -30.818  -34.479  14.263 0.0000000000
57306  -31.675  -34.579  13.875 0.0000000000
57307  -32.358  -34.942  13.374 0.0000000000
57323  -32.778  -34.818  12.719 0.0000000000
57324  -33.172  -34.652  12.122 0.0000000000
57334  -22.570  -34.812  10.814 0.0000000000
57338  -33.461  -34.395  11.316 0.0000000000
57343  -16.518  -34.124  9.944 0.0000000000
57349  -33.851  -34.413  10.207 0.0000000000
57350  -34.131  -33.965  9.897 0.0000000000
57362  -16.330  -34.105  9.206 0.0000000000
57366  -34.057  -34.748  9.666 0.0000000000
57367  -34.331  -34.281  9.338 0.0000000000
57378  -16.183  -34.439  8.854 0.0000000000
57379  -34.836  -34.119  8.148 0.0000000000
58615  -29.006  -33.768  13.426 0.0000000000
58616  -30.119  -33.747  13.663 0.0000000000
58641  -28.491  -33.203  12.699 0.0000000000
58645  -32.725  -33.804  12.603 0.0000000000
58646  -33.274  -34.052  12.012 0.0000000000
58651  -17.622  -33.681  11.577 0.0000000000
58652  -18.502  -33.307  11.884 0.0000000000
58660  -32.824  -33.069  12.191 0.0000000000
58661  -33.233  -33.431  11.732 0.0000000000
58665  -16.851  -33.189  10.715 0.0000000000
58672  -33.583  -33.529  10.787 0.0000000000
58673  -33.902  -33.714  10.175 0.0000000000
58677  -16.047  -33.500  9.120 0.0000000000
58678  -21.596  -33.701  9.367 0.0000000000
58681  -33.759  -33.209  10.230 0.0000000000
58682  -34.142  -33.429  9.725 0.0000000000
58689  -16.049  -34.116  8.824 0.0000000000
58690  -21.647  -33.270  8.846 0.0000000000
58692  -34.524  -33.368  8.965 0.0000000000
59884  -29.087  -32.630  12.077 0.0000000000
59885  -30.140  -32.421  12.449 0.0000000000
59886  -31.246  -32.421  12.633 0.0000000000
59887  -32.281  -32.721  12.500 0.0000000000
59900  -17.791  -32.572  11.373 0.0000000000
59901  -18.923  -32.559  11.560 0.0000000000
59902  -19.883  -32.602  11.333 0.0000000000
59906  -28.565  -32.030  11.078 0.0000000000
59907  -29.711  -31.902  11.616 0.0000000000
59908  -30.769  -31.750  11.940 0.0000000000
59909  -31.836  -32.010  11.935 0.0000000000
59910  -32.754  -32.516  11.657 0.0000000000
59911  -33.257  -32.892  11.184 0.0000000000
59917  -16.982  -32.178  10.847 0.0000000000
59926  -28.297  -31.632  10.403 0.0000000000
59927  -33.105  -32.383  11.066 0.0000000000
59928  -33.463  -32.666  10.595 0.0000000000
59933  -16.154  -32.392  9.558 0.0000000000
59934  -20.809  -32.503  9.516 0.0000000000
59935  -21.086  -33.095  9.001 0.0000000000
59941  -33.758  -32.665  9.901 0.0000000000
59942  -34.222  -32.815  9.393 0.0000000000
59946  -20.912  -32.417  8.832 0.0000000000
59950  -33.888  -32.268  9.366 0.0000000000
61167  -18.494  -31.927  11.251 0.0000000000
61168  -19.332  -31.980  11.103 0.0000000000
61169  -19.827  -32.137  10.906 0.0000000000
61170  -29.520  -31.547  10.816 0.0000000000
61171  -30.410  -31.487  11.011 0.0000000000
61174  -32.836  -32.111  11.159 0.0000000000
61183  -17.708  -31.555  10.800 0.0000000000
61184  -18.788  -31.408  10.751 0.0000000000
61185  -19.923  -31.634  10.349 0.0000000000
61186  -20.598  -32.051  9.925 0.0000000000
61189  -28.954  -31.286  10.145 0.0000000000
61190  -30.047  -31.197  10.145 0.0000000000
61191  -31.073  -31.271  10.267 0.0000000000
61194  -33.463  -32.256  10.248 0.0000000000
61209  -29.675  -30.997  9.205 0.0000000000
61210  -30.706  -31.077  9.324 0.0000000000
61211  -31.725  -31.236  9.503 0.0000000000
61212  -32.763  -31.414  9.735 0.0000000000
61213  -33.452  -31.949  9.827 0.0000000000
61219  -20.975  -31.821  8.120 0.0000000000
61227  -29.308  -30.752  8.149 0.0000000000
61228  -30.346  -30.834  8.359 0.0000000000
61229  -31.341  -30.876  8.674 0.0000000000
61230  -32.368  -30.997  8.928 0.0000000000
61241  -20.906  -31.483  6.970 0.0000000000
61255  -20.791  -31.308  6.188 0.0000000000
62502  -16.629  -31.105  10.117 0.0000000000
62503  -17.195  -30.813  10.195 0.0000000000
62504  -18.191  -30.701  10.409 0.0000000000
62510  -16.377  -30.583  9.887 0.0000000000
62511  -17.051  -30.056  9.905 0.0000000000
62552  -20.578  -30.938  6.567 0.0000000000
63709  -17.635  -30.081  10.234 0.0000000000
63721  -16.637  -29.547  9.469 0.0000000000
63722  -17.688  -29.391  9.626 0.0000000000
63723  -18.893  -29.626  9.728 0.0000000000
64912  -18.533  -28.808  9.165 0.0000000000
64913  -19.422  -29.123  9.062 0.0000000000
64914  -19.878  -29.374  8.915 0.0000000000
