#!ascii label  , from subject sub-CSI2 vox2ras=TkReg
331
29909  -15.299  -57.832  26.920 0.0000000000
29935  -18.241  -58.134  25.684 0.0000000000
29953  -10.184  -58.399  24.341 0.0000000000
29971  -10.798  -58.914  23.206 0.0000000000
31084  -13.840  -56.651  27.328 0.0000000000
31085  -14.349  -56.509  27.418 0.0000000000
31086  -15.882  -56.437  27.412 0.0000000000
31087  -16.349  -56.306  27.375 0.0000000000
31100  -11.735  -57.199  26.496 0.0000000000
31101  -12.654  -57.701  26.583 0.0000000000
31102  -13.735  -57.483  26.941 0.0000000000
31103  -14.673  -57.109  27.214 0.0000000000
31104  -15.656  -57.183  27.286 0.0000000000
31105  -16.649  -56.963  27.243 0.0000000000
31106  -17.635  -57.166  26.774 0.0000000000
31107  -18.312  -57.298  26.177 0.0000000000
31123  -10.500  -57.436  25.409 0.0000000000
31124  -11.301  -57.755  25.912 0.0000000000
31125  -11.914  -57.802  26.225 0.0000000000
31126  -18.605  -57.410  25.225 0.0000000000
31142  -18.526  -57.415  24.168 0.0000000000
31153  -18.141  -57.362  23.392 0.0000000000
32282  -11.755  -55.944  27.402 0.0000000000
32283  -12.142  -55.927  27.414 0.0000000000
32284  -13.088  -55.992  27.390 0.0000000000
32285  -14.165  -55.911  27.553 0.0000000000
32286  -15.185  -55.949  27.691 0.0000000000
32287  -16.163  -55.816  27.604 0.0000000000
32288  -16.866  -55.725  27.615 0.0000000000
32294  -11.384  -56.304  26.980 0.0000000000
32295  -12.334  -56.628  27.002 0.0000000000
32296  -13.118  -56.873  27.064 0.0000000000
32297  -14.722  -56.411  27.487 0.0000000000
32298  -15.232  -56.609  27.420 0.0000000000
32299  -16.685  -56.162  27.378 0.0000000000
32300  -17.368  -56.184  27.202 0.0000000000
32301  -18.131  -56.424  26.676 0.0000000000
32309  -10.287  -56.776  25.826 0.0000000000
32310  -10.951  -57.110  26.201 0.0000000000
32311  -18.585  -56.461  25.845 0.0000000000
32320  -9.507  -56.966  24.958 0.0000000000
32321  -10.076  -57.023  24.941 0.0000000000
32322  -18.873  -56.512  24.803 0.0000000000
32330  -17.839  -56.951  23.057 0.0000000000
32331  -18.484  -56.432  23.497 0.0000000000
32336  -18.120  -55.687  22.745 0.0000000000
33406  -16.956  -54.914  28.850 0.0000000000
33418  -11.792  -55.665  27.682 0.0000000000
33419  -12.630  -55.337  27.762 0.0000000000
33420  -13.495  -55.225  27.846 0.0000000000
33421  -14.477  -55.190  28.239 0.0000000000
33422  -15.589  -55.404  28.248 0.0000000000
33423  -16.548  -55.347  28.203 0.0000000000
33424  -17.528  -55.427  27.901 0.0000000000
33426  -19.067  -54.962  27.181 0.0000000000
33430  -11.470  -55.975  27.386 0.0000000000
33431  -18.045  -55.774  27.241 0.0000000000
33432  -18.585  -55.567  26.624 0.0000000000
33433  -19.250  -54.922  26.465 0.0000000000
33437  -18.954  -55.614  25.621 0.0000000000
33438  -19.337  -54.829  25.596 0.0000000000
33442  -19.080  -55.423  24.572 0.0000000000
33443  -19.307  -54.559  24.974 0.0000000000
33446  -18.712  -55.242  23.455 0.0000000000
33451  -17.258  -55.382  22.390 0.0000000000
33452  -18.078  -54.890  22.719 0.0000000000
33485  -6.215  -55.527  19.858 0.0000000000
33510  -6.784  -55.192  18.993 0.0000000000
33511  -8.031  -55.885  18.848 0.0000000000
33538  -6.868  -54.755  18.084 0.0000000000
34539  -14.381  -54.750  28.698 0.0000000000
34540  -15.397  -54.670  28.953 0.0000000000
34541  -16.221  -54.696  29.035 0.0000000000
34543  -18.900  -54.970  28.196 0.0000000000
34561  -19.153  -54.788  27.774 0.0000000000
34562  -19.670  -54.256  27.444 0.0000000000
34570  -19.498  -54.173  26.391 0.0000000000
34578  -19.435  -54.058  25.598 0.0000000000
34583  -19.104  -54.509  24.223 0.0000000000
34584  -19.317  -53.878  24.900 0.0000000000
34588  -18.617  -54.292  23.416 0.0000000000
34592  -15.931  -55.251  22.235 0.0000000000
34593  -16.343  -54.920  22.452 0.0000000000
34594  -17.226  -54.527  22.438 0.0000000000
34595  -18.022  -54.052  22.746 0.0000000000
34627  -5.919  -54.936  19.430 0.0000000000
34645  -4.224  -54.482  19.838 0.0000000000
34646  -6.209  -54.430  19.176 0.0000000000
34665  -6.498  -54.258  18.634 0.0000000000
34680  -6.786  -54.057  17.966 0.0000000000
35509  -13.124  -53.251  36.368 0.0000000000
35510  -14.106  -53.336  36.484 0.0000000000
35511  -15.076  -53.379  36.437 0.0000000000
35528  -13.449  -54.075  36.041 0.0000000000
35529  -14.430  -54.124  36.057 0.0000000000
35649  -19.583  -53.531  26.171 0.0000000000
35659  -19.459  -53.327  25.545 0.0000000000
35665  -19.012  -53.544  24.171 0.0000000000
35666  -19.247  -53.232  24.936 0.0000000000
35668  -14.223  -52.455  23.211 0.0000000000
35669  -14.553  -52.759  23.088 0.0000000000
35670  -14.985  -53.208  22.803 0.0000000000
35671  -18.442  -53.456  23.336 0.0000000000
35674  -14.121  -52.751  23.001 0.0000000000
35675  -14.575  -53.145  22.598 0.0000000000
35676  -15.506  -53.991  22.362 0.0000000000
35677  -16.429  -53.979  22.493 0.0000000000
35678  -17.336  -53.715  22.533 0.0000000000
35679  -17.975  -53.413  22.757 0.0000000000
35730  -4.229  -54.396  19.607 0.0000000000
35731  -4.642  -54.150  19.595 0.0000000000
35732  -5.385  -53.781  19.410 0.0000000000
35733  -6.117  -53.652  19.118 0.0000000000
35747  -4.167  -54.264  19.403 0.0000000000
35749  -6.514  -53.478  18.314 0.0000000000
35750  -6.962  -53.049  18.077 0.0000000000
35762  -7.022  -53.486  17.930 0.0000000000
35763  -7.564  -53.087  17.921 0.0000000000
36580  -13.772  -52.407  36.674 0.0000000000
36581  -14.777  -52.468  36.695 0.0000000000
36709  -19.822  -52.318  27.533 0.0000000000
36721  -19.581  -52.719  26.312 0.0000000000
36731  -18.865  -52.276  24.817 0.0000000000
36732  -19.270  -52.571  25.401 0.0000000000
36740  -13.949  -51.695  23.555 0.0000000000
36741  -14.150  -51.513  23.632 0.0000000000
36742  -18.651  -52.641  23.934 0.0000000000
36743  -19.031  -52.849  24.656 0.0000000000
36749  -13.868  -52.161  23.163 0.0000000000
36750  -14.453  -51.961  23.417 0.0000000000
36751  -15.221  -52.619  23.100 0.0000000000
36752  -15.718  -52.575  22.947 0.0000000000
36753  -17.403  -52.482  22.727 0.0000000000
36754  -18.111  -52.811  23.040 0.0000000000
36762  -15.312  -53.265  22.722 0.0000000000
36763  -15.860  -53.111  22.714 0.0000000000
36764  -16.823  -53.145  22.556 0.0000000000
36765  -17.558  -53.099  22.642 0.0000000000
36812  -5.023  -53.530  19.028 0.0000000000
36813  -5.574  -53.219  18.828 0.0000000000
36814  -6.086  -53.151  18.525 0.0000000000
36831  -5.130  -52.907  18.283 0.0000000000
36832  -5.801  -52.718  18.181 0.0000000000
36833  -6.474  -52.723  18.133 0.0000000000
36834  -7.076  -52.495  18.003 0.0000000000
36840  -7.515  -52.409  17.670 0.0000000000
37719  -13.368  -51.444  36.730 0.0000000000
37720  -14.412  -51.427  36.719 0.0000000000
37856  -19.136  -51.118  27.289 0.0000000000
37857  -19.399  -51.369  27.505 0.0000000000
37872  -7.051  -50.553  26.863 0.0000000000
37873  -19.001  -51.273  26.869 0.0000000000
37886  -5.901  -50.771  25.571 0.0000000000
37887  -18.805  -51.600  25.683 0.0000000000
37888  -19.357  -52.152  25.980 0.0000000000
37900  -13.927  -51.099  23.721 0.0000000000
37901  -14.391  -51.257  23.685 0.0000000000
37902  -17.669  -51.299  23.871 0.0000000000
37903  -18.428  -51.756  24.393 0.0000000000
37911  -13.492  -51.505  23.362 0.0000000000
37912  -14.731  -51.374  23.613 0.0000000000
37913  -15.195  -51.644  23.435 0.0000000000
37914  -16.009  -51.932  23.097 0.0000000000
37915  -17.115  -51.713  22.970 0.0000000000
37916  -18.014  -52.029  23.384 0.0000000000
37925  -12.604  -51.415  22.308 0.0000000000
37926  -13.301  -51.810  22.730 0.0000000000
37927  -15.986  -52.539  22.875 0.0000000000
37928  -16.511  -52.462  22.735 0.0000000000
37990  -4.872  -52.013  18.002 0.0000000000
37991  -5.421  -51.998  18.094 0.0000000000
37992  -6.196  -52.030  18.074 0.0000000000
37993  -6.694  -52.166  18.038 0.0000000000
38003  -5.896  -51.490  17.629 0.0000000000
38005  -7.573  -51.994  17.446 0.0000000000
38950  -12.886  -50.535  36.560 0.0000000000
38951  -13.888  -50.486  36.573 0.0000000000
38952  -15.063  -50.250  36.448 0.0000000000
39091  -9.282  -49.498  29.119 0.0000000000
39093  -19.437  -51.039  28.149 0.0000000000
39105  -7.801  -50.036  27.756 0.0000000000
39106  -8.450  -49.609  28.259 0.0000000000
39107  -18.141  -50.215  27.071 0.0000000000
39108  -18.980  -50.755  27.502 0.0000000000
39109  -19.296  -51.026  27.710 0.0000000000
39123  -6.612  -50.144  26.070 0.0000000000
39124  -7.406  -49.947  26.888 0.0000000000
39125  -17.910  -50.236  26.149 0.0000000000
39126  -18.521  -50.789  26.493 0.0000000000
39136  -5.417  -50.595  25.037 0.0000000000
39137  -5.839  -50.272  25.196 0.0000000000
39138  -17.677  -50.331  25.248 0.0000000000
39139  -18.264  -50.738  25.667 0.0000000000
39152  -5.081  -50.200  24.284 0.0000000000
39153  -5.460  -50.301  24.765 0.0000000000
39154  -13.812  -50.187  23.867 0.0000000000
39155  -14.621  -50.507  23.940 0.0000000000
39156  -15.539  -50.313  23.996 0.0000000000
39157  -16.432  -50.345  24.061 0.0000000000
39158  -17.321  -50.579  24.343 0.0000000000
39159  -18.138  -50.963  24.821 0.0000000000
39170  -4.401  -50.122  22.970 0.0000000000
39171  -4.667  -49.986  23.601 0.0000000000
39172  -11.792  -50.044  22.830 0.0000000000
39173  -12.509  -50.450  23.250 0.0000000000
39174  -13.231  -50.786  23.565 0.0000000000
39175  -14.678  -51.035  23.759 0.0000000000
39176  -15.081  -50.979  23.745 0.0000000000
39177  -15.806  -50.962  23.510 0.0000000000
39178  -16.743  -51.032  23.502 0.0000000000
39189  -4.055  -49.905  22.481 0.0000000000
39191  -10.713  -49.815  21.736 0.0000000000
39192  -11.404  -50.319  22.177 0.0000000000
39193  -12.126  -50.794  22.613 0.0000000000
39203  -10.652  -49.845  21.132 0.0000000000
39204  -11.283  -50.351  21.466 0.0000000000
40218  -12.015  -50.029  36.053 0.0000000000
40219  -12.424  -49.917  36.141 0.0000000000
40220  -13.302  -49.757  36.254 0.0000000000
40221  -14.160  -49.704  36.251 0.0000000000
40236  -12.728  -49.410  35.505 0.0000000000
40237  -13.689  -49.279  35.570 0.0000000000
40238  -14.723  -49.347  35.640 0.0000000000
40253  -12.105  -49.181  34.485 0.0000000000
40254  -13.079  -48.826  34.818 0.0000000000
40255  -14.036  -48.803  34.838 0.0000000000
40256  -14.984  -48.816  34.748 0.0000000000
40290  -16.783  -49.126  31.973 0.0000000000
40291  -17.183  -49.161  32.270 0.0000000000
40306  -16.827  -49.110  31.542 0.0000000000
40307  -17.639  -49.340  31.291 0.0000000000
40336  -9.885  -49.132  29.698 0.0000000000
40355  -9.555  -49.098  28.945 0.0000000000
40356  -16.991  -49.400  28.155 0.0000000000
40374  -9.259  -48.972  28.410 0.0000000000
40375  -16.924  -49.357  27.217 0.0000000000
40376  -17.587  -49.762  27.609 0.0000000000
40377  -18.312  -50.120  28.013 0.0000000000
40395  -16.848  -49.234  26.279 0.0000000000
40396  -17.465  -49.739  26.669 0.0000000000
40408  -15.823  -48.997  25.089 0.0000000000
40409  -16.617  -49.291  25.362 0.0000000000
40410  -17.322  -49.700  25.720 0.0000000000
40424  -5.263  -49.413  23.885 0.0000000000
40426  -12.830  -48.997  23.787 0.0000000000
40427  -13.569  -49.257  24.151 0.0000000000
40428  -14.409  -49.472  24.301 0.0000000000
40429  -15.256  -49.616  24.427 0.0000000000
40430  -16.127  -49.694  24.589 0.0000000000
40431  -17.003  -49.865  24.807 0.0000000000
40443  -4.602  -49.750  22.598 0.0000000000
40447  -13.040  -49.911  23.698 0.0000000000
40461  -4.288  -49.684  22.260 0.0000000000
40464  -10.059  -49.300  21.987 0.0000000000
40477  -9.562  -49.011  21.461 0.0000000000
40478  -10.014  -49.484  21.308 0.0000000000
40493  -9.492  -49.089  21.006 0.0000000000
41474  -12.648  -48.728  34.049 0.0000000000
41475  -13.385  -48.563  34.032 0.0000000000
41476  -14.297  -48.547  33.992 0.0000000000
41477  -15.178  -48.569  33.891 0.0000000000
41502  -11.857  -48.430  32.286 0.0000000000
41504  -13.999  -47.885  32.514 0.0000000000
41505  -14.805  -48.233  32.389 0.0000000000
41507  -16.440  -48.888  32.079 0.0000000000
41520  -15.073  -48.324  31.789 0.0000000000
41522  -16.219  -48.775  31.119 0.0000000000
41532  -11.203  -47.960  30.081 0.0000000000
41549  -9.926  -48.823  29.227 0.0000000000
41550  -10.409  -48.387  29.525 0.0000000000
41551  -10.890  -47.823  29.578 0.0000000000
41568  -9.794  -48.583  28.736 0.0000000000
41569  -10.186  -48.062  28.799 0.0000000000
41570  -15.652  -48.171  28.934 0.0000000000
41571  -16.470  -48.755  28.556 0.0000000000
41584  -9.271  -48.478  28.025 0.0000000000
41585  -15.999  -48.212  27.660 0.0000000000
41586  -16.568  -48.884  27.696 0.0000000000
41607  -15.851  -48.154  26.526 0.0000000000
41608  -16.433  -48.731  26.874 0.0000000000
41622  -14.785  -48.014  25.148 0.0000000000
41623  -15.482  -48.138  25.592 0.0000000000
41624  -16.295  -48.633  25.892 0.0000000000
41635  -5.390  -48.916  23.760 0.0000000000
41637  -12.569  -48.280  23.943 0.0000000000
41638  -13.230  -48.314  24.311 0.0000000000
41639  -14.186  -48.392  24.617 0.0000000000
41640  -15.037  -48.728  24.770 0.0000000000
41650  -5.481  -48.450  23.617 0.0000000000
41665  -4.525  -48.998  21.748 0.0000000000
41684  -8.712  -48.007  20.915 0.0000000000
42659  -14.716  -48.133  31.887 0.0000000000
42705  -10.693  -47.676  29.062 0.0000000000
42706  -11.493  -47.394  29.432 0.0000000000
42707  -12.618  -46.944  29.519 0.0000000000
42708  -13.553  -47.073  29.846 0.0000000000
42709  -14.410  -47.349  29.783 0.0000000000
42728  -9.783  -48.042  28.283 0.0000000000
42729  -10.275  -47.538  28.329 0.0000000000
42730  -11.208  -47.031  28.428 0.0000000000
42731  -11.951  -46.841  28.916 0.0000000000
42732  -14.394  -47.144  29.084 0.0000000000
42733  -14.937  -47.499  29.017 0.0000000000
42748  -14.604  -47.057  28.406 0.0000000000
42749  -15.280  -47.530  28.067 0.0000000000
42773  -14.785  -46.946  27.392 0.0000000000
42774  -15.419  -47.547  26.959 0.0000000000
42788  -13.964  -46.783  25.575 0.0000000000
42789  -14.667  -47.230  25.944 0.0000000000
42790  -15.421  -47.703  26.230 0.0000000000
42800  -13.684  -47.346  24.964 0.0000000000
42801  -14.378  -47.707  25.095 0.0000000000
42823  -4.845  -48.170  22.086 0.0000000000
42824  -5.347  -47.414  22.522 0.0000000000
42840  -7.833  -47.121  20.797 0.0000000000
42842  -8.796  -47.950  21.238 0.0000000000
43873  -13.039  -46.646  29.030 0.0000000000
43874  -13.458  -46.790  29.230 0.0000000000
43875  -14.003  -46.970  29.385 0.0000000000
43897  -12.637  -46.533  28.610 0.0000000000
43898  -13.430  -46.533  28.592 0.0000000000
43899  -14.042  -46.768  28.816 0.0000000000
43916  -14.133  -46.454  28.019 0.0000000000
43940  -14.062  -46.449  26.936 0.0000000000
43986  -7.279  -46.731  22.760 0.0000000000
43993  -4.596  -47.856  21.996 0.0000000000
43994  -5.098  -47.376  22.406 0.0000000000
43995  -6.047  -46.711  22.351 0.0000000000
43996  -7.064  -46.478  22.191 0.0000000000
44011  -6.833  -46.196  22.015 0.0000000000
45074  -7.054  -45.758  21.830 0.0000000000
