#!ascii label  , from subject sub-CSI2 vox2ras=TkReg
1038
77  9.081  -94.339  21.244 0.0000000000
78  8.199  -94.399  20.589 0.0000000000
79  7.290  -94.704  20.418 0.0000000000
85  9.295  -94.006  18.702 0.0000000000
86  8.671  -93.992  19.258 0.0000000000
87  7.876  -94.314  19.433 0.0000000000
93  11.079  -94.680  18.018 0.0000000000
94  10.421  -94.760  17.817 0.0000000000
95  9.471  -94.437  18.083 0.0000000000
186  11.979  -93.418  21.210 0.0000000000
187  10.785  -93.622  21.296 0.0000000000
188  9.864  -94.105  21.611 0.0000000000
194  13.274  -93.601  20.280 0.0000000000
195  12.449  -93.384  20.445 0.0000000000
196  12.060  -93.347  20.746 0.0000000000
197  10.387  -93.612  20.879 0.0000000000
198  9.808  -93.715  20.716 0.0000000000
199  8.878  -93.908  20.227 0.0000000000
205  12.445  -93.713  19.182 0.0000000000
206  11.286  -93.667  19.054 0.0000000000
207  10.331  -93.656  18.949 0.0000000000
208  9.443  -93.682  19.452 0.0000000000
209  8.883  -93.846  19.662 0.0000000000
215  12.162  -94.226  18.422 0.0000000000
216  11.664  -94.248  18.426 0.0000000000
217  10.829  -94.259  18.388 0.0000000000
218  9.943  -94.077  18.420 0.0000000000
335  11.387  -93.462  21.002 0.0000000000
336  11.120  -93.464  20.850 0.0000000000
339  12.150  -93.293  19.897 0.0000000000
340  11.655  -93.333  20.476 0.0000000000
341  10.675  -93.466  20.483 0.0000000000
342  10.059  -93.492  19.956 0.0000000000
345  11.773  -93.400  19.641 0.0000000000
346  11.194  -93.346  19.825 0.0000000000
347  10.590  -93.468  19.598 0.0000000000
348  10.068  -93.539  19.461 0.0000000000
355  13.631  -93.142  17.430 0.0000000000
357  12.853  -93.214  17.069 0.0000000000
358  12.077  -93.381  16.594 0.0000000000
371  12.510  -92.851  14.654 0.0000000000
378  8.080  -92.259  14.263 0.0000000000
497  7.556  -92.824  24.471 0.0000000000
499  7.594  -93.115  23.384 0.0000000000
527  13.287  -92.410  16.971 0.0000000000
528  12.512  -92.500  16.442 0.0000000000
543  12.787  -92.169  15.031 0.0000000000
547  7.530  -92.116  12.926 0.0000000000
682  10.290  -91.085  26.190 0.0000000000
691  10.648  -91.276  25.520 0.0000000000
692  9.948  -91.646  25.419 0.0000000000
693  8.942  -91.866  25.320 0.0000000000
694  8.150  -91.992  25.240 0.0000000000
695  7.721  -92.276  25.136 0.0000000000
701  11.218  -91.350  24.481 0.0000000000
702  10.772  -91.583  24.670 0.0000000000
703  9.567  -92.141  24.317 0.0000000000
704  8.474  -92.212  24.392 0.0000000000
705  7.969  -92.426  24.391 0.0000000000
706  7.819  -92.716  24.214 0.0000000000
712  11.208  -91.503  24.090 0.0000000000
713  10.597  -92.016  23.417 0.0000000000
714  9.554  -92.401  23.257 0.0000000000
716  8.093  -92.814  23.581 0.0000000000
717  7.927  -92.885  23.606 0.0000000000
722  10.616  -92.043  22.496 0.0000000000
723  9.950  -92.377  22.396 0.0000000000
726  7.363  -92.552  22.665 0.0000000000
760  12.953  -91.916  16.463 0.0000000000
917  11.273  -90.185  26.036 0.0000000000
918  10.617  -90.287  26.366 0.0000000000
929  11.410  -90.496  25.498 0.0000000000
930  10.959  -90.770  25.894 0.0000000000
939  11.590  -90.879  24.575 0.0000000000
940  11.141  -91.059  25.268 0.0000000000
948  11.490  -91.258  23.309 0.0000000000
949  11.033  -91.681  22.686 0.0000000000
956  11.453  -91.263  22.264 0.0000000000
957  10.836  -91.781  21.972 0.0000000000
958  10.416  -92.163  22.017 0.0000000000
964  11.803  -90.871  21.850 0.0000000000
965  11.301  -91.363  21.168 0.0000000000
966  10.116  -92.263  21.278 0.0000000000
1159  10.992  -89.712  26.177 0.0000000000
1174  11.802  -89.553  25.499 0.0000000000
1175  10.741  -89.071  25.921 0.0000000000
1179  6.927  -88.906  25.426 0.0000000000
1186  12.160  -90.017  24.361 0.0000000000
1187  9.601  -88.663  25.073 0.0000000000
1188  8.771  -88.877  24.902 0.0000000000
1189  7.653  -88.758  24.679 0.0000000000
1190  7.355  -88.074  24.294 0.0000000000
1195  12.032  -90.533  23.648 0.0000000000
1196  8.075  -88.338  24.223 0.0000000000
1198  7.265  -87.799  23.675 0.0000000000
1205  12.089  -90.593  22.602 0.0000000000
1207  7.125  -88.044  23.186 0.0000000000
1215  12.277  -90.244  21.385 0.0000000000
1278  8.847  -91.226  14.175 0.0000000000
1453  12.284  -88.581  25.056 0.0000000000
1454  12.048  -88.584  25.273 0.0000000000
1455  11.263  -88.498  25.480 0.0000000000
1456  10.287  -88.505  25.281 0.0000000000
1464  11.753  -87.890  25.053 0.0000000000
1465  10.770  -87.876  24.847 0.0000000000
1466  9.662  -88.003  24.337 0.0000000000
1467  8.639  -88.111  24.080 0.0000000000
1472  12.827  -88.672  23.600 0.0000000000
1473  8.793  -87.532  23.314 0.0000000000
1476  6.968  -87.764  23.610 0.0000000000
1491  13.013  -88.089  21.280 0.0000000000
1492  12.877  -88.888  21.405 0.0000000000
1505  13.240  -88.120  20.545 0.0000000000
1506  12.921  -89.019  20.148 0.0000000000
1521  13.256  -88.502  19.270 0.0000000000
1522  12.741  -89.301  19.175 0.0000000000
1583  9.344  -90.973  14.349 0.0000000000
1596  9.829  -90.637  13.826 0.0000000000
1597  9.166  -90.828  13.467 0.0000000000
1607  9.528  -90.413  12.773 0.0000000000
1608  8.920  -90.615  12.517 0.0000000000
1614  10.830  -89.755  12.028 0.0000000000
1615  9.910  -90.017  11.940 0.0000000000
1616  9.240  -90.219  11.784 0.0000000000
1617  8.696  -90.441  11.670 0.0000000000
1630  12.717  -88.601  10.991 0.0000000000
1632  11.319  -89.275  10.683 0.0000000000
1633  10.258  -89.601  10.975 0.0000000000
1634  9.565  -89.767  11.005 0.0000000000
1635  9.012  -89.904  10.773 0.0000000000
1644  12.508  -88.603  10.653 0.0000000000
1645  12.131  -88.688  10.297 0.0000000000
1646  11.569  -88.641  9.766 0.0000000000
1647  8.684  -89.855  10.283 0.0000000000
1839  12.328  -87.239  24.611 0.0000000000
1840  11.335  -87.172  24.586 0.0000000000
1841  10.358  -87.274  24.176 0.0000000000
1852  13.102  -87.401  23.761 0.0000000000
1853  10.254  -86.573  23.673 0.0000000000
1863  13.016  -88.095  22.476 0.0000000000
1864  9.866  -86.107  22.870 0.0000000000
1875  13.002  -88.108  21.668 0.0000000000
1876  9.493  -85.986  21.758 0.0000000000
1887  10.520  -85.451  20.284 0.0000000000
1888  9.966  -85.666  20.730 0.0000000000
1896  10.492  -85.444  20.057 0.0000000000
1897  10.153  -85.546  20.105 0.0000000000
1912  9.746  -85.702  19.834 0.0000000000
1942  14.643  -87.320  16.534 0.0000000000
1982  13.899  -87.903  12.009 0.0000000000
1997  13.674  -87.749  10.860 0.0000000000
1998  13.217  -88.396  11.338 0.0000000000
1999  11.026  -88.781  9.531 0.0000000000
2000  10.483  -89.209  9.839 0.0000000000
2001  9.901  -89.476  10.234 0.0000000000
2005  13.415  -87.643  10.436 0.0000000000
2006  12.993  -88.079  10.276 0.0000000000
2007  12.137  -88.091  9.583 0.0000000000
2008  11.330  -87.835  9.109 0.0000000000
2009  10.551  -88.156  9.059 0.0000000000
2010  10.058  -88.887  9.210 0.0000000000
2015  12.579  -87.506  9.612 0.0000000000
2016  11.997  -87.223  9.281 0.0000000000
2017  11.421  -86.812  9.120 0.0000000000
2251  13.276  -86.407  24.029 0.0000000000
2254  10.908  -86.469  24.138 0.0000000000
2274  14.256  -85.970  22.311 0.0000000000
2284  14.513  -86.148  21.457 0.0000000000
2287  10.179  -85.485  21.944 0.0000000000
2296  11.157  -85.327  20.483 0.0000000000
2297  10.279  -85.504  21.207 0.0000000000
2308  10.850  -85.432  19.854 0.0000000000
2347  15.615  -86.002  16.567 0.0000000000
2348  15.150  -86.696  16.783 0.0000000000
2360  15.350  -86.211  15.816 0.0000000000
2361  14.839  -86.956  15.716 0.0000000000
2369  15.087  -86.442  15.192 0.0000000000
2370  14.734  -86.892  14.481 0.0000000000
2379  14.735  -86.846  13.069 0.0000000000
2380  14.246  -87.558  12.848 0.0000000000
2397  14.431  -87.163  12.208 0.0000000000
2409  14.644  -86.452  11.266 0.0000000000
2410  14.271  -86.912  11.212 0.0000000000
2413  13.566  -87.085  10.244 0.0000000000
2414  13.042  -87.276  9.787 0.0000000000
2415  10.749  -86.726  9.124 0.0000000000
2416  10.110  -87.205  9.083 0.0000000000
2417  9.940  -87.789  8.973 0.0000000000
2422  13.199  -86.812  9.714 0.0000000000
2423  12.676  -86.725  9.443 0.0000000000
2424  11.942  -86.331  9.161 0.0000000000
2425  11.295  -86.011  9.223 0.0000000000
2687  14.219  -85.097  23.317 0.0000000000
2696  14.911  -84.884  22.300 0.0000000000
2697  14.525  -85.298  22.701 0.0000000000
2707  14.774  -85.511  21.924 0.0000000000
2708  12.122  -85.090  20.468 0.0000000000
2780  15.203  -86.187  13.667 0.0000000000
2820  15.578  -85.369  12.396 0.0000000000
2824  14.869  -85.987  11.084 0.0000000000
2825  14.536  -86.362  10.964 0.0000000000
2826  10.462  -85.069  9.679 0.0000000000
2827  10.000  -85.139  9.636 0.0000000000
2831  14.763  -85.500  10.644 0.0000000000
2832  14.316  -86.035  10.351 0.0000000000
2833  11.370  -85.130  9.560 0.0000000000
2834  10.905  -85.420  9.525 0.0000000000
2835  10.219  -85.919  9.451 0.0000000000
2847  13.447  -86.150  9.553 0.0000000000
2848  12.570  -85.774  9.277 0.0000000000
2849  11.755  -85.474  9.336 0.0000000000
2850  11.283  -85.481  9.412 0.0000000000
3191  14.031  -84.576  23.616 0.0000000000
3203  15.356  -84.270  22.286 0.0000000000
3204  14.661  -84.358  23.068 0.0000000000
3214  12.245  -84.490  21.011 0.0000000000
3292  13.608  -83.709  16.391 0.0000000000
3293  12.843  -84.516  15.542 0.0000000000
3315  9.578  -84.318  14.307 0.0000000000
3324  15.960  -84.690  12.375 0.0000000000
3325  15.436  -85.016  11.819 0.0000000000
3328  15.596  -84.376  11.337 0.0000000000
3329  15.030  -85.092  11.113 0.0000000000
3330  11.103  -84.024  10.592 0.0000000000
3331  10.537  -84.397  10.203 0.0000000000
3332  9.757  -84.502  9.880 0.0000000000
3337  15.117  -84.475  10.666 0.0000000000
3338  14.603  -84.909  10.242 0.0000000000
3339  13.908  -85.196  9.675 0.0000000000
3340  12.135  -84.258  9.799 0.0000000000
3341  11.418  -84.477  9.956 0.0000000000
3342  10.804  -84.805  9.843 0.0000000000
3354  13.167  -85.201  9.472 0.0000000000
3355  12.318  -84.818  9.547 0.0000000000
3356  11.681  -84.945  9.590 0.0000000000
3724  13.987  -83.618  23.630 0.0000000000
3725  13.074  -83.689  23.881 0.0000000000
3726  12.194  -83.665  23.396 0.0000000000
3727  11.699  -84.078  23.236 0.0000000000
3739  15.140  -83.458  22.900 0.0000000000
3740  14.604  -83.522  23.260 0.0000000000
3741  12.119  -83.394  22.345 0.0000000000
3742  11.642  -83.897  22.623 0.0000000000
3754  15.817  -83.411  22.178 0.0000000000
3755  12.801  -83.061  21.294 0.0000000000
3756  12.517  -83.465  21.414 0.0000000000
3757  11.848  -83.858  21.779 0.0000000000
3767  13.105  -83.265  20.756 0.0000000000
3768  12.912  -84.073  20.618 0.0000000000
3851  11.221  -83.393  13.947 0.0000000000
3852  10.079  -83.040  14.290 0.0000000000
3853  9.065  -82.527  14.351 0.0000000000
3865  12.550  -84.349  14.611 0.0000000000
3866  11.764  -84.395  13.985 0.0000000000
3869  8.167  -82.755  14.337 0.0000000000
3875  16.466  -83.166  12.343 0.0000000000
3876  16.140  -83.619  11.953 0.0000000000
3882  15.789  -83.608  11.006 0.0000000000
3883  13.411  -83.510  10.077 0.0000000000
3884  12.687  -83.404  10.480 0.0000000000
3885  11.690  -83.568  10.797 0.0000000000
3897  15.392  -83.967  10.669 0.0000000000
3898  14.864  -84.013  10.208 0.0000000000
3899  13.926  -84.140  9.719 0.0000000000
3901  12.111  -83.871  10.123 0.0000000000
3903  8.863  -84.212  9.622 0.0000000000
3911  13.548  -84.767  9.609 0.0000000000
3913  9.019  -83.487  9.463 0.0000000000
3914  8.698  -84.285  8.998 0.0000000000
3917  9.127  -83.463  8.583 0.0000000000
3918  9.353  -84.461  8.229 0.0000000000
3926  9.649  -83.456  7.499 0.0000000000
4292  13.801  -82.830  23.482 0.0000000000
4293  13.238  -83.005  23.556 0.0000000000
4294  12.726  -83.247  23.511 0.0000000000
4305  14.435  -82.662  23.173 0.0000000000
4306  13.329  -82.286  22.990 0.0000000000
4307  12.570  -82.891  22.843 0.0000000000
4319  12.838  -82.516  21.748 0.0000000000
4320  12.451  -83.022  22.077 0.0000000000
4431  11.778  -82.514  14.192 0.0000000000
4432  10.643  -82.314  14.302 0.0000000000
4433  9.667  -82.091  14.340 0.0000000000
4434  8.982  -81.799  14.139 0.0000000000
4444  8.278  -81.735  14.131 0.0000000000
4445  7.367  -81.461  13.916 0.0000000000
4446  7.044  -81.036  13.507 0.0000000000
4452  16.792  -82.652  12.532 0.0000000000
4453  16.496  -82.930  11.854 0.0000000000
4454  7.057  -81.529  13.907 0.0000000000
4466  16.671  -82.353  11.683 0.0000000000
4467  16.143  -82.726  10.966 0.0000000000
4468  15.010  -82.494  10.532 0.0000000000
4469  13.682  -82.761  10.652 0.0000000000
4470  12.427  -82.738  11.265 0.0000000000
4471  11.381  -82.699  11.449 0.0000000000
4472  10.397  -82.543  11.149 0.0000000000
4486  15.323  -83.340  10.511 0.0000000000
4487  14.483  -83.344  10.212 0.0000000000
4488  13.901  -83.414  10.090 0.0000000000
4489  9.822  -82.409  10.621 0.0000000000
4490  9.576  -82.793  9.997 0.0000000000
4500  10.115  -82.118  8.809 0.0000000000
4501  9.559  -82.743  9.125 0.0000000000
4510  11.076  -82.100  7.914 0.0000000000
4511  10.453  -82.390  8.078 0.0000000000
4512  9.769  -82.753  8.240 0.0000000000
4529  11.788  -82.094  7.230 0.0000000000
4531  10.706  -82.426  7.455 0.0000000000
4532  10.067  -82.665  7.358 0.0000000000
4548  12.173  -82.130  6.861 0.0000000000
4549  11.591  -82.323  6.607 0.0000000000
4562  12.307  -82.205  5.936 0.0000000000
4563  11.370  -82.571  5.620 0.0000000000
4576  12.002  -82.317  4.916 0.0000000000
4956  13.934  -81.745  22.576 0.0000000000
4957  13.306  -81.913  22.271 0.0000000000
5066  12.213  -81.533  14.552 0.0000000000
5067  11.117  -81.432  14.466 0.0000000000
5068  10.013  -81.273  14.436 0.0000000000
5069  9.295  -81.434  14.187 0.0000000000
5080  9.323  -80.851  14.088 0.0000000000
5081  8.615  -80.982  13.958 0.0000000000
5082  7.634  -80.783  13.614 0.0000000000
5083  7.156  -80.869  13.391 0.0000000000
5096  12.580  -81.089  12.292 0.0000000000
5097  11.782  -81.104  12.089 0.0000000000
5098  7.188  -80.562  12.725 0.0000000000
5111  15.654  -81.650  10.961 0.0000000000
5112  14.412  -81.570  11.243 0.0000000000
5113  13.136  -81.895  11.710 0.0000000000
5115  11.149  -81.724  11.796 0.0000000000
5116  10.683  -81.452  11.293 0.0000000000
5117  7.294  -80.317  11.116 0.0000000000
5118  7.063  -80.509  11.833 0.0000000000
5130  10.162  -81.619  10.492 0.0000000000
5131  9.752  -82.156  10.236 0.0000000000
5132  7.344  -80.302  10.393 0.0000000000
5145  10.832  -81.497  9.414 0.0000000000
5146  9.811  -82.004  9.664 0.0000000000
5147  7.422  -80.323  9.903 0.0000000000
5148  7.189  -80.386  10.086 0.0000000000
5163  10.802  -81.935  8.524 0.0000000000
5164  7.504  -80.359  9.554 0.0000000000
5165  7.246  -80.404  9.458 0.0000000000
5205  12.863  -82.129  6.783 0.0000000000
5218  13.125  -81.938  5.972 0.0000000000
5234  12.986  -81.985  4.763 0.0000000000
5742  13.111  -80.200  15.572 0.0000000000
5743  12.796  -79.933  15.427 0.0000000000
5756  13.417  -80.999  15.303 0.0000000000
5757  12.632  -80.454  15.030 0.0000000000
5758  11.549  -80.464  14.667 0.0000000000
5759  10.580  -80.444  14.436 0.0000000000
5760  9.795  -80.303  14.041 0.0000000000
5767  8.962  -80.165  13.765 0.0000000000
5768  8.020  -80.119  13.190 0.0000000000
5769  7.510  -80.421  13.026 0.0000000000
5781  14.042  -80.090  12.306 0.0000000000
5782  13.053  -80.222  12.669 0.0000000000
5783  12.068  -80.299  12.456 0.0000000000
5784  7.747  -79.931  12.464 0.0000000000
5785  7.513  -80.257  12.541 0.0000000000
5798  11.239  -80.548  11.743 0.0000000000
5799  10.734  -80.859  10.869 0.0000000000
5800  7.544  -80.008  11.774 0.0000000000
5801  7.288  -80.378  12.186 0.0000000000
5812  11.427  -80.120  10.502 0.0000000000
5813  10.793  -80.892  10.084 0.0000000000
5814  7.582  -79.855  10.702 0.0000000000
5826  11.337  -80.824  9.697 0.0000000000
5827  10.962  -81.044  9.722 0.0000000000
5828  7.749  -79.943  9.648 0.0000000000
5843  9.352  -80.028  8.185 0.0000000000
5844  8.089  -80.389  8.708 0.0000000000
5862  10.709  -79.724  6.983 0.0000000000
5863  10.146  -80.117  7.360 0.0000000000
5864  8.881  -80.329  7.510 0.0000000000
5865  7.808  -80.413  7.740 0.0000000000
5881  10.648  -79.587  6.833 0.0000000000
5882  10.420  -79.780  6.772 0.0000000000
5918  15.116  -80.520  2.897 0.0000000000
5919  14.025  -81.040  2.907 0.0000000000
5925  14.905  -80.178  2.191 0.0000000000
5933  20.954  -80.474  1.198 0.0000000000
5934  19.834  -80.457  1.389 0.0000000000
5935  18.839  -80.027  1.197 0.0000000000
5936  18.333  -79.716  1.019 0.0000000000
5943  21.342  -80.690  0.087 0.0000000000
5944  20.286  -81.145  0.612 0.0000000000
6411  18.684  -78.690  16.815 0.0000000000
6412  18.664  -79.364  17.359 0.0000000000
6424  18.685  -78.817  15.996 0.0000000000
6425  18.665  -79.334  16.489 0.0000000000
6443  18.541  -78.943  15.357 0.0000000000
6447  13.318  -79.477  16.030 0.0000000000
6448  12.952  -79.562  15.636 0.0000000000
6461  18.470  -78.750  15.006 0.0000000000
6462  18.319  -79.331  14.725 0.0000000000
6463  12.544  -79.457  15.368 0.0000000000
6464  11.841  -79.497  14.981 0.0000000000
6465  10.913  -79.462  14.553 0.0000000000
6466  10.245  -79.730  14.107 0.0000000000
6475  10.324  -79.060  14.084 0.0000000000
6476  9.558  -79.252  13.658 0.0000000000
6477  8.646  -79.498  13.251 0.0000000000
6489  14.613  -79.343  12.528 0.0000000000
6490  13.661  -79.332  12.697 0.0000000000
6491  12.605  -79.305  12.589 0.0000000000
6492  11.757  -79.535  12.242 0.0000000000
6493  8.845  -78.806  12.960 0.0000000000
6494  8.099  -79.247  12.376 0.0000000000
6503  11.532  -79.523  11.457 0.0000000000
6504  7.858  -79.057  11.208 0.0000000000
6513  12.015  -79.287  10.421 0.0000000000
6514  11.692  -79.444  10.883 0.0000000000
6515  7.905  -79.170  10.133 0.0000000000
6528  9.066  -79.033  9.058 0.0000000000
6529  8.358  -79.325  9.410 0.0000000000
6543  9.814  -79.392  8.680 0.0000000000
6544  8.721  -79.732  8.863 0.0000000000
6556  16.036  -79.156  7.332 0.0000000000
6561  10.290  -79.786  8.099 0.0000000000
6578  10.875  -79.102  6.787 0.0000000000
6592  16.436  -78.807  5.524 0.0000000000
6594  11.853  -77.791  6.723 0.0000000000
6595  11.333  -78.132  6.699 0.0000000000
6610  16.407  -78.870  4.583 0.0000000000
6611  16.211  -79.240  4.006 0.0000000000
6617  20.926  -79.107  3.058 0.0000000000
6618  20.383  -79.013  3.045 0.0000000000
6619  15.862  -79.517  3.095 0.0000000000
6624  22.125  -79.323  2.055 0.0000000000
6625  21.214  -79.471  2.417 0.0000000000
6626  20.146  -79.281  2.633 0.0000000000
6627  19.032  -79.160  2.453 0.0000000000
6628  18.473  -78.927  2.308 0.0000000000
6635  22.154  -79.519  1.332 0.0000000000
6636  21.498  -79.808  1.646 0.0000000000
6637  20.519  -79.906  1.930 0.0000000000
6638  19.421  -79.676  1.888 0.0000000000
6639  18.253  -79.245  1.576 0.0000000000
6646  22.326  -79.302  0.675 0.0000000000
6647  21.821  -79.984  0.796 0.0000000000
6648  18.042  -79.565  0.888 0.0000000000
6657  22.350  -79.010  0.180 0.0000000000
6658  21.926  -79.558  -0.283 0.0000000000
6666  21.199  -79.559  -1.408 0.0000000000
7162  18.653  -78.093  16.253 0.0000000000
7178  18.597  -78.283  15.355 0.0000000000
7181  13.705  -78.425  16.259 0.0000000000
7182  12.963  -78.681  15.722 0.0000000000
7193  18.465  -78.447  14.585 0.0000000000
7194  18.299  -78.774  13.941 0.0000000000
7195  12.139  -78.611  15.280 0.0000000000
7196  11.435  -78.577  14.765 0.0000000000
7197  10.833  -78.495  14.187 0.0000000000
7205  18.335  -78.109  13.960 0.0000000000
7206  17.815  -78.394  13.211 0.0000000000
7208  15.788  -77.947  13.178 0.0000000000
7209  14.885  -78.007  13.232 0.0000000000
7210  14.194  -77.982  13.185 0.0000000000
7211  10.223  -78.368  13.669 0.0000000000
7212  9.552  -78.118  13.001 0.0000000000
7224  14.321  -78.639  12.986 0.0000000000
7225  13.524  -78.379  12.745 0.0000000000
7226  12.617  -78.428  12.220 0.0000000000
7227  12.079  -78.977  12.371 0.0000000000
7228  8.740  -78.161  12.100 0.0000000000
7229  8.232  -78.672  11.748 0.0000000000
7240  12.391  -78.232  11.470 0.0000000000
7241  11.862  -78.841  11.930 0.0000000000
7242  8.638  -77.788  11.489 0.0000000000
7243  8.344  -78.233  11.257 0.0000000000
7258  13.110  -78.127  10.263 0.0000000000
7259  12.440  -78.507  10.691 0.0000000000
7260  11.852  -78.888  11.136 0.0000000000
7261  8.712  -78.005  9.931 0.0000000000
7262  8.258  -78.494  10.453 0.0000000000
7278  12.803  -79.002  10.138 0.0000000000
7279  9.762  -77.867  9.182 0.0000000000
7280  9.357  -78.322  9.279 0.0000000000
7281  8.556  -78.697  9.653 0.0000000000
7293  11.025  -77.954  8.491 0.0000000000
7294  10.418  -78.270  8.739 0.0000000000
7295  9.713  -78.804  8.992 0.0000000000
7305  11.385  -78.086  8.063 0.0000000000
7319  16.405  -78.158  6.517 0.0000000000
7337  16.537  -77.715  5.587 0.0000000000
7339  11.825  -77.657  6.144 0.0000000000
7359  16.500  -78.094  4.527 0.0000000000
7360  16.374  -78.663  4.131 0.0000000000
7373  16.401  -78.642  3.510 0.0000000000
7377  22.603  -78.537  2.316 0.0000000000
7378  21.839  -78.919  2.795 0.0000000000
7388  22.558  -78.908  1.419 0.0000000000
7389  18.136  -78.702  2.245 0.0000000000
7395  22.526  -78.561  0.620 0.0000000000
7401  22.232  -78.529  -0.191 0.0000000000
7402  21.575  -78.600  -0.936 0.0000000000
7849  17.435  -77.220  18.337 0.0000000000
7885  18.380  -77.333  16.547 0.0000000000
7886  17.725  -76.962  17.100 0.0000000000
7887  16.566  -76.894  17.399 0.0000000000
7888  15.244  -77.176  16.972 0.0000000000
7889  15.023  -76.943  16.617 0.0000000000
7900  18.508  -77.494  15.700 0.0000000000
7901  14.505  -77.675  16.804 0.0000000000
7902  14.398  -77.400  16.506 0.0000000000
7903  13.405  -77.517  16.022 0.0000000000
7904  12.457  -77.651  15.518 0.0000000000
7918  18.411  -77.464  14.674 0.0000000000
7919  17.798  -76.881  14.192 0.0000000000
7920  17.077  -76.795  14.032 0.0000000000
7921  11.833  -77.839  14.967 0.0000000000
7922  11.295  -77.616  14.303 0.0000000000
7923  10.752  -77.847  13.773 0.0000000000
7935  18.090  -77.579  13.791 0.0000000000
7936  17.376  -77.432  13.601 0.0000000000
7937  16.416  -77.134  13.645 0.0000000000
7938  15.395  -77.189  13.356 0.0000000000
7939  14.589  -77.443  13.205 0.0000000000
7940  13.940  -77.421  13.054 0.0000000000
7941  10.858  -77.172  13.695 0.0000000000
7942  10.232  -77.414  13.262 0.0000000000
7943  9.778  -77.492  12.861 0.0000000000
7952  13.420  -77.530  12.334 0.0000000000
7953  12.786  -77.751  11.827 0.0000000000
7954  9.854  -77.066  12.809 0.0000000000
7955  9.400  -77.284  12.401 0.0000000000
7967  13.205  -77.214  11.504 0.0000000000
7968  12.762  -77.707  11.424 0.0000000000
7969  8.906  -77.126  11.489 0.0000000000
7970  8.587  -77.638  11.067 0.0000000000
7993  12.766  -77.725  10.929 0.0000000000
7994  8.871  -77.325  10.424 0.0000000000
7995  8.502  -77.920  10.611 0.0000000000
8012  10.672  -76.761  9.196 0.0000000000
8013  10.018  -77.327  9.311 0.0000000000
8014  9.327  -77.609  9.618 0.0000000000
8021  11.867  -76.884  8.281 0.0000000000
8022  11.183  -77.405  8.616 0.0000000000
8023  10.571  -77.445  8.933 0.0000000000
8032  11.706  -77.422  8.148 0.0000000000
8050  16.640  -77.145  6.261 0.0000000000
8074  16.677  -77.092  5.661 0.0000000000
8075  12.777  -77.165  6.252 0.0000000000
8076  12.405  -77.314  5.390 0.0000000000
8077  11.528  -77.517  5.474 0.0000000000
8095  17.388  -76.962  4.743 0.0000000000
8096  16.885  -77.186  5.120 0.0000000000
8108  16.968  -77.476  4.250 0.0000000000
8132  22.849  -77.854  1.422 0.0000000000
8137  22.429  -77.683  0.259 0.0000000000
8140  21.869  -77.753  -0.577 0.0000000000
8141  21.369  -77.817  -1.238 0.0000000000
8625  18.255  -77.015  16.334 0.0000000000
8626  18.073  -76.717  16.468 0.0000000000
8627  17.332  -76.476  16.860 0.0000000000
8628  16.373  -76.398  16.836 0.0000000000
8629  15.439  -76.328  16.682 0.0000000000
8630  14.806  -76.038  16.610 0.0000000000
8642  18.324  -76.953  16.039 0.0000000000
8643  18.111  -76.346  15.810 0.0000000000
8644  17.701  -75.955  15.431 0.0000000000
8645  14.772  -76.641  16.542 0.0000000000
8646  13.979  -76.287  16.329 0.0000000000
8647  12.817  -76.521  15.708 0.0000000000
8662  18.351  -76.907  15.414 0.0000000000
8663  18.078  -76.471  14.954 0.0000000000
8664  17.125  -76.064  14.662 0.0000000000
8665  16.616  -75.552  14.611 0.0000000000
8666  11.938  -76.777  14.871 0.0000000000
8667  11.281  -76.511  14.015 0.0000000000
8678  16.631  -76.526  14.109 0.0000000000
8679  16.006  -76.082  13.984 0.0000000000
8680  14.766  -76.572  13.066 0.0000000000
8681  13.889  -76.935  12.781 0.0000000000
8682  10.567  -76.325  13.164 0.0000000000
8683  10.125  -76.789  12.935 0.0000000000
8696  14.701  -76.037  12.501 0.0000000000
8697  13.999  -76.608  12.184 0.0000000000
8698  10.317  -75.896  12.592 0.0000000000
8699  9.868  -76.393  12.411 0.0000000000
8700  9.362  -76.737  11.982 0.0000000000
8717  17.750  -76.215  11.050 0.0000000000
8720  14.886  -76.151  11.638 0.0000000000
8722  9.912  -75.797  11.712 0.0000000000
8723  9.537  -76.340  11.496 0.0000000000
8744  10.578  -75.591  10.291 0.0000000000
8745  10.094  -75.692  10.706 0.0000000000
8746  9.382  -76.564  10.618 0.0000000000
8754  10.795  -75.904  9.862 0.0000000000
8755  10.005  -76.455  9.848 0.0000000000
8756  9.433  -76.972  9.878 0.0000000000
8763  11.550  -76.116  8.854 0.0000000000
8767  20.091  -76.169  7.213 0.0000000000
8768  19.636  -75.971  7.117 0.0000000000
8787  18.508  -76.009  6.493 0.0000000000
8809  12.849  -76.529  5.710 0.0000000000
8810  12.612  -76.690  5.092 0.0000000000
8824  17.118  -76.552  5.258 0.0000000000
8825  12.434  -76.912  4.425 0.0000000000
8826  12.318  -76.765  3.836 0.0000000000
8835  12.267  -77.282  3.768 0.0000000000
8879  22.139  -76.720  -0.441 0.0000000000
8880  21.648  -77.315  -0.892 0.0000000000
8893  22.211  -76.354  -1.512 0.0000000000
8894  21.584  -77.136  -1.357 0.0000000000
9407  17.744  -76.196  16.359 0.0000000000
9408  17.168  -75.884  16.453 0.0000000000
9409  16.286  -75.566  16.391 0.0000000000
9410  15.299  -75.402  16.523 0.0000000000
9411  14.587  -75.553  16.456 0.0000000000
9420  17.664  -75.856  15.996 0.0000000000
9421  17.111  -75.534  15.719 0.0000000000
9422  16.384  -75.061  15.668 0.0000000000
9423  14.786  -74.973  16.386 0.0000000000
9424  14.119  -75.142  16.158 0.0000000000
9425  13.235  -75.407  15.816 0.0000000000
9439  16.751  -75.364  15.122 0.0000000000
9440  16.418  -74.921  14.756 0.0000000000
9441  12.304  -75.475  15.119 0.0000000000
9442  11.710  -75.822  14.393 0.0000000000
9457  16.203  -74.953  13.248 0.0000000000
9458  15.911  -75.099  13.762 0.0000000000
9459  15.513  -75.895  13.384 0.0000000000
9460  11.839  -74.970  14.338 0.0000000000
9461  11.298  -75.258  13.596 0.0000000000
9476  17.342  -75.309  12.443 0.0000000000
9477  16.430  -75.287  12.609 0.0000000000
9478  15.769  -75.412  12.870 0.0000000000
9479  15.245  -75.761  13.014 0.0000000000
9480  10.681  -75.199  12.492 0.0000000000
9481  10.216  -75.716  12.185 0.0000000000
9497  18.406  -75.305  11.342 0.0000000000
9498  17.762  -75.783  11.570 0.0000000000
9499  16.752  -75.746  11.881 0.0000000000
9500  15.808  -75.673  12.106 0.0000000000
9501  15.198  -75.704  12.423 0.0000000000
9502  10.731  -74.769  11.421 0.0000000000
9503  10.305  -75.358  11.602 0.0000000000
9515  18.497  -75.357  10.808 0.0000000000
9516  18.226  -75.956  10.603 0.0000000000
9517  11.871  -74.634  10.113 0.0000000000
9518  10.874  -75.114  10.433 0.0000000000
9519  10.399  -75.156  11.017 0.0000000000
9525  12.462  -75.026  9.441 0.0000000000
9526  11.544  -75.340  9.598 0.0000000000
9534  11.985  -75.473  9.151 0.0000000000
9542  21.326  -75.825  7.172 0.0000000000
9543  20.744  -75.681  7.508 0.0000000000
9544  19.870  -75.596  7.512 0.0000000000
9545  19.225  -75.339  7.443 0.0000000000
9546  17.266  -75.739  7.416 0.0000000000
9561  21.900  -75.660  6.790 0.0000000000
9562  19.334  -75.733  7.094 0.0000000000
9563  18.645  -75.549  6.939 0.0000000000
9565  17.320  -75.579  6.830 0.0000000000
9587  16.951  -75.832  6.163 0.0000000000
9588  13.156  -75.531  6.151 0.0000000000
9589  12.611  -75.858  5.001 0.0000000000
9605  12.329  -76.412  4.246 0.0000000000
9668  22.745  -75.616  0.483 0.0000000000
9682  22.646  -75.538  -0.650 0.0000000000
9692  22.922  -75.417  -1.459 0.0000000000
10278  15.813  -74.983  16.136 0.0000000000
10279  15.289  -74.724  16.239 0.0000000000
10291  15.717  -74.402  15.522 0.0000000000
10292  14.677  -74.332  15.975 0.0000000000
10293  13.643  -74.405  15.710 0.0000000000
10294  12.898  -74.692  15.383 0.0000000000
10308  16.618  -74.027  14.246 0.0000000000
10309  16.316  -74.270  14.575 0.0000000000
10310  13.097  -74.002  15.297 0.0000000000
10311  12.470  -74.238  14.724 0.0000000000
10326  18.277  -74.145  13.510 0.0000000000
10327  17.401  -74.341  13.714 0.0000000000
10328  16.542  -74.528  13.883 0.0000000000
10329  16.219  -74.663  14.144 0.0000000000
10330  11.949  -74.181  13.573 0.0000000000
10331  11.523  -74.652  13.370 0.0000000000
10346  18.487  -74.536  12.785 0.0000000000
10347  17.861  -74.878  13.099 0.0000000000
10348  16.937  -74.865  13.159 0.0000000000
10349  12.717  -73.562  11.968 0.0000000000
10350  12.111  -73.834  12.523 0.0000000000
10351  11.456  -74.545  12.931 0.0000000000
10366  18.734  -74.575  11.942 0.0000000000
10367  18.161  -75.136  12.238 0.0000000000
10368  14.694  -73.543  10.631 0.0000000000
10369  14.062  -73.617  10.971 0.0000000000
10370  13.113  -73.711  11.304 0.0000000000
10371  12.192  -73.947  11.554 0.0000000000
10372  11.409  -74.379  11.996 0.0000000000
10378  18.698  -74.748  10.782 0.0000000000
10379  18.443  -75.294  10.454 0.0000000000
10380  14.877  -73.791  10.119 0.0000000000
10382  13.370  -74.066  10.394 0.0000000000
10383  12.486  -74.220  10.723 0.0000000000
10384  11.562  -74.439  11.010 0.0000000000
10391  18.651  -74.506  10.080 0.0000000000
10392  18.180  -75.056  9.723 0.0000000000
10393  15.013  -73.680  9.855 0.0000000000
10408  21.504  -74.083  7.868 0.0000000000
10409  21.029  -74.302  8.158 0.0000000000
10410  20.119  -74.372  8.242 0.0000000000
10411  19.325  -74.492  8.270 0.0000000000
10412  17.888  -74.974  8.547 0.0000000000
10413  17.585  -75.360  7.832 0.0000000000
10428  22.266  -74.518  7.000 0.0000000000
10429  21.716  -74.862  7.460 0.0000000000
10430  20.529  -75.018  7.901 0.0000000000
10431  19.607  -74.970  7.883 0.0000000000
10433  17.914  -75.029  7.802 0.0000000000
10434  17.531  -75.413  7.332 0.0000000000
10435  14.185  -74.389  7.877 0.0000000000
10436  13.862  -74.116  7.338 0.0000000000
10446  22.394  -74.921  6.518 0.0000000000
10447  22.084  -75.183  6.986 0.0000000000
10449  17.699  -75.335  7.157 0.0000000000
10450  17.501  -75.452  7.074 0.0000000000
10451  14.039  -74.692  7.185 0.0000000000
10452  13.311  -74.470  6.687 0.0000000000
10453  12.385  -74.226  6.326 0.0000000000
10563  23.523  -73.890  -0.122 0.0000000000
10578  23.523  -74.422  -0.648 0.0000000000
10579  23.084  -74.935  -0.809 0.0000000000
10588  23.249  -74.940  -1.061 0.0000000000
11266  15.004  -73.822  15.386 0.0000000000
11267  14.170  -73.710  15.469 0.0000000000
11268  13.565  -73.801  15.362 0.0000000000
11283  17.092  -72.984  14.270 0.0000000000
11284  16.601  -73.380  14.415 0.0000000000
11285  15.636  -73.615  14.845 0.0000000000
11286  14.762  -73.164  15.011 0.0000000000
11287  13.503  -73.332  14.740 0.0000000000
11288  12.646  -73.580  14.062 0.0000000000
11304  18.411  -73.513  13.569 0.0000000000
11305  17.626  -73.350  14.025 0.0000000000
11306  16.936  -73.898  14.018 0.0000000000
11307  13.185  -73.189  13.702 0.0000000000
11308  12.622  -73.495  13.400 0.0000000000
11325  18.973  -73.629  12.857 0.0000000000
11326  14.802  -72.796  12.398 0.0000000000
11327  14.171  -72.828  12.337 0.0000000000
11328  13.150  -73.227  12.664 0.0000000000
11329  12.401  -73.609  13.041 0.0000000000
11342  19.135  -73.805  11.516 0.0000000000
11343  15.246  -72.335  11.568 0.0000000000
11344  14.843  -72.907  11.582 0.0000000000
11345  13.746  -73.238  11.754 0.0000000000
11346  13.181  -73.404  11.908 0.0000000000
11350  19.027  -73.949  10.444 0.0000000000
11351  15.261  -72.414  11.114 0.0000000000
11352  15.038  -73.112  10.383 0.0000000000
11366  20.297  -73.210  9.270 0.0000000000
11368  18.666  -74.259  9.506 0.0000000000
11369  18.143  -74.592  9.081 0.0000000000
11370  14.997  -73.365  9.392 0.0000000000
11371  14.869  -74.004  8.974 0.0000000000
11387  21.354  -73.553  8.218 0.0000000000
11388  20.628  -73.692  8.627 0.0000000000
11389  19.708  -73.931  8.755 0.0000000000
11391  18.148  -74.451  8.802 0.0000000000
11392  14.927  -73.023  8.943 0.0000000000
11393  14.692  -73.555  8.493 0.0000000000
11404  22.211  -74.077  7.135 0.0000000000
11405  21.848  -73.618  7.548 0.0000000000
11406  18.235  -74.638  8.134 0.0000000000
11407  18.071  -74.568  8.348 0.0000000000
11408  14.005  -73.543  7.834 0.0000000000
11421  22.368  -74.144  6.652 0.0000000000
11422  22.219  -73.338  6.631 0.0000000000
11437  22.458  -73.967  5.960 0.0000000000
11438  21.978  -73.145  5.529 0.0000000000
11484  15.268  -72.824  2.772 0.0000000000
11513  16.886  -73.185  1.898 0.0000000000
11514  15.853  -73.108  2.114 0.0000000000
11515  14.785  -73.192  2.243 0.0000000000
11532  19.027  -72.691  1.061 0.0000000000
11533  18.461  -73.115  0.863 0.0000000000
11550  23.419  -73.422  0.525 0.0000000000
11551  23.169  -73.883  0.957 0.0000000000
11552  18.225  -73.265  0.182 0.0000000000
11573  23.938  -73.285  -0.220 0.0000000000
11574  18.073  -73.290  -0.288 0.0000000000
11583  33.551  -73.154  -1.985 0.0000000000
12282  17.268  -72.768  14.117 0.0000000000
12283  16.747  -72.626  14.161 0.0000000000
12284  15.673  -72.710  14.406 0.0000000000
12285  14.486  -72.691  14.289 0.0000000000
12286  13.764  -72.830  13.952 0.0000000000
12303  18.411  -72.847  13.551 0.0000000000
12304  17.471  -72.271  13.710 0.0000000000
12305  16.233  -72.082  13.510 0.0000000000
12306  15.089  -72.459  13.585 0.0000000000
12307  14.251  -72.653  13.512 0.0000000000
12308  13.631  -72.861  13.349 0.0000000000
12323  19.385  -71.937  12.186 0.0000000000
12324  18.915  -72.293  12.889 0.0000000000
12325  18.236  -72.216  13.336 0.0000000000
12326  15.862  -71.731  12.570 0.0000000000
12327  15.260  -72.385  12.666 0.0000000000
12328  14.617  -72.677  12.915 0.0000000000
12329  13.937  -72.734  12.933 0.0000000000
12336  19.545  -72.268  11.593 0.0000000000
12337  19.427  -72.839  12.067 0.0000000000
12338  15.539  -71.779  11.714 0.0000000000
12339  15.313  -72.194  12.014 0.0000000000
12349  19.653  -72.119  11.019 0.0000000000
12350  19.422  -72.964  10.966 0.0000000000
12351  15.448  -71.896  11.080 0.0000000000
12352  15.249  -72.325  10.619 0.0000000000
12369  20.562  -72.540  9.389 0.0000000000
12370  20.059  -72.521  10.125 0.0000000000
12371  19.271  -73.435  10.075 0.0000000000
12372  15.121  -72.449  9.923 0.0000000000
12373  14.937  -72.171  9.442 0.0000000000
12382  21.645  -72.904  7.992 0.0000000000
12383  21.138  -72.668  8.766 0.0000000000
12384  14.977  -72.703  9.275 0.0000000000
12385  14.606  -72.448  8.846 0.0000000000
12392  21.880  -72.577  7.262 0.0000000000
12393  14.196  -72.880  8.225 0.0000000000
12407  21.749  -72.250  6.205 0.0000000000
12428  21.122  -72.450  5.187 0.0000000000
12429  20.156  -72.091  4.879 0.0000000000
12452  21.067  -72.755  4.679 0.0000000000
12453  20.623  -72.690  4.500 0.0000000000
12456  15.969  -72.102  4.116 0.0000000000
12457  15.134  -72.041  3.949 0.0000000000
12458  14.680  -71.899  3.740 0.0000000000
12481  21.932  -72.763  3.272 0.0000000000
12487  16.546  -72.195  3.339 0.0000000000
12488  15.589  -72.410  3.394 0.0000000000
12510  23.207  -72.813  2.023 0.0000000000
12511  22.809  -72.684  2.506 0.0000000000
12517  16.730  -72.668  2.535 0.0000000000
12518  15.978  -72.618  2.810 0.0000000000
12534  23.279  -72.687  1.500 0.0000000000
12535  22.920  -72.041  1.887 0.0000000000
12538  18.992  -72.624  0.516 0.0000000000
12557  23.669  -72.343  0.488 0.0000000000
12559  18.607  -72.858  -0.140 0.0000000000
12577  24.385  -72.371  -0.214 0.0000000000
12578  24.005  -72.364  -0.052 0.0000000000
12579  18.970  -72.438  -1.071 0.0000000000
12603  34.700  -73.171  -2.190 0.0000000000
12604  34.030  -73.080  -1.996 0.0000000000
13328  17.319  -71.777  13.295 0.0000000000
13329  16.982  -71.876  13.412 0.0000000000
13338  19.325  -71.537  12.121 0.0000000000
13339  19.005  -71.267  12.379 0.0000000000
13340  17.943  -71.519  13.026 0.0000000000
13341  16.845  -71.519  13.016 0.0000000000
13351  19.470  -71.481  11.685 0.0000000000
13352  19.241  -70.862  11.863 0.0000000000
13353  17.271  -71.001  12.720 0.0000000000
13354  16.368  -71.025  12.264 0.0000000000
13371  19.838  -71.365  10.780 0.0000000000
13372  15.736  -71.170  11.426 0.0000000000
13373  15.252  -71.525  10.628 0.0000000000
13387  20.748  -71.843  9.365 0.0000000000
13389  14.965  -71.802  9.932 0.0000000000
13396  21.606  -72.154  7.961 0.0000000000
13397  21.225  -71.371  8.416 0.0000000000
13399  13.489  -71.361  8.580 0.0000000000
13408  21.492  -71.459  7.143 0.0000000000
13409  20.931  -70.712  7.602 0.0000000000
13420  21.187  -71.495  6.210 0.0000000000
13421  20.437  -70.707  6.519 0.0000000000
13422  19.622  -70.653  6.156 0.0000000000
13438  21.220  -71.908  5.775 0.0000000000
13439  20.635  -71.581  5.601 0.0000000000
13440  19.406  -71.196  5.321 0.0000000000
13443  15.876  -71.152  5.306 0.0000000000
13464  16.343  -71.543  4.659 0.0000000000
13465  15.458  -71.571  4.598 0.0000000000
13508  22.423  -71.826  2.348 0.0000000000
13529  23.288  -71.887  1.284 0.0000000000
13530  22.572  -71.282  1.541 0.0000000000
13550  23.259  -71.439  0.668 0.0000000000
13569  24.551  -71.512  -0.367 0.0000000000
13570  23.793  -71.510  -0.127 0.0000000000
13573  19.680  -71.685  -0.984 0.0000000000
14322  18.238  -70.769  12.523 0.0000000000
14323  17.755  -70.877  12.665 0.0000000000
14336  19.460  -70.653  11.326 0.0000000000
14337  18.725  -70.213  11.798 0.0000000000
14338  17.465  -70.332  12.183 0.0000000000
14339  16.365  -70.295  11.587 0.0000000000
14349  19.693  -70.348  10.441 0.0000000000
14350  19.285  -69.991  11.094 0.0000000000
14351  15.646  -70.537  11.064 0.0000000000
14352  15.110  -70.373  10.470 0.0000000000
14359  14.735  -70.002  9.883 0.0000000000
14360  14.251  -70.328  9.349 0.0000000000
14361  13.774  -70.627  8.808 0.0000000000
14376  14.020  -70.016  8.641 0.0000000000
14377  13.442  -70.479  8.153 0.0000000000
14393  20.246  -70.254  7.585 0.0000000000
14394  19.504  -70.040  7.529 0.0000000000
14398  16.543  -70.042  7.217 0.0000000000
14399  14.135  -69.818  7.862 0.0000000000
14414  19.940  -70.265  7.069 0.0000000000
14415  19.427  -70.346  6.759 0.0000000000
14418  16.847  -70.365  6.624 0.0000000000
14419  15.843  -70.164  6.768 0.0000000000
14439  18.364  -70.599  5.916 0.0000000000
14440  17.350  -70.629  5.890 0.0000000000
14441  16.348  -70.633  5.945 0.0000000000
14521  21.283  -70.641  -0.732 0.0000000000
14540  25.133  -70.986  -0.257 0.0000000000
14541  24.639  -70.832  -0.527 0.0000000000
14543  22.925  -70.538  -0.589 0.0000000000
14544  21.908  -70.364  -1.056 0.0000000000
14545  21.064  -70.639  -1.251 0.0000000000
14560  23.275  -70.230  -1.102 0.0000000000
15301  18.477  -69.769  11.423 0.0000000000
15302  17.991  -69.674  11.492 0.0000000000
15303  17.046  -69.671  11.434 0.0000000000
15312  19.279  -69.815  10.598 0.0000000000
15313  18.644  -69.584  10.892 0.0000000000
15314  17.491  -69.327  10.687 0.0000000000
15315  16.129  -69.538  10.658 0.0000000000
15316  15.285  -69.653  9.999 0.0000000000
15335  19.238  -69.708  9.896 0.0000000000
15336  18.194  -69.331  9.764 0.0000000000
15337  16.955  -69.099  9.624 0.0000000000
15338  15.815  -69.346  9.473 0.0000000000
15339  14.850  -69.582  9.297 0.0000000000
15340  14.353  -69.756  8.992 0.0000000000
15360  19.531  -69.765  9.173 0.0000000000
15361  18.896  -69.601  8.969 0.0000000000
15362  17.759  -69.555  8.528 0.0000000000
15363  16.427  -69.384  8.610 0.0000000000
15364  15.380  -69.439  8.565 0.0000000000
15365  14.586  -69.623  8.532 0.0000000000
15383  16.913  -69.775  7.814 0.0000000000
15384  15.818  -69.707  7.655 0.0000000000
15385  14.943  -69.609  7.784 0.0000000000
15396  15.369  -69.830  7.136 0.0000000000
15397  15.185  -69.727  7.346 0.0000000000
15536  30.056  -69.049  -2.054 0.0000000000
16480  28.472  -68.064  -0.690 0.0000000000
16491  29.663  -68.504  -1.724 0.0000000000
16497  33.712  -67.869  -2.051 0.0000000000
16498  32.703  -68.168  -2.176 0.0000000000
17464  30.510  -67.623  -1.788 0.0000000000
17475  29.920  -68.241  -1.991 0.0000000000
18473  32.344  -66.463  -0.672 0.0000000000
18485  32.977  -66.432  -1.419 0.0000000000
18496  33.103  -66.758  -2.218 0.0000000000
18497  31.849  -67.347  -1.968 0.0000000000
19505  35.701  -64.568  1.122 0.0000000000
19519  35.562  -64.891  0.477 0.0000000000
19520  34.975  -65.417  0.426 0.0000000000
19534  35.291  -65.076  -0.273 0.0000000000
19535  34.656  -65.384  -0.613 0.0000000000
19546  34.282  -65.772  -1.472 0.0000000000
19547  33.613  -66.180  -1.207 0.0000000000
19551  34.990  -65.598  -2.362 0.0000000000
19553  33.703  -66.328  -1.791 0.0000000000
19555  35.191  -65.841  -2.573 0.0000000000
19556  34.797  -66.015  -2.494 0.0000000000
20517  36.360  -63.275  1.208 0.0000000000
20518  35.780  -63.785  1.752 0.0000000000
20520  27.290  -64.685  1.062 0.0000000000
20521  26.803  -64.107  0.918 0.0000000000
20533  36.452  -63.592  0.659 0.0000000000
20534  36.072  -64.311  0.579 0.0000000000
20536  26.634  -64.017  0.438 0.0000000000
20545  36.410  -63.949  -0.106 0.0000000000
20546  35.825  -64.440  -0.535 0.0000000000
20547  35.200  -64.842  -0.920 0.0000000000
20555  35.586  -64.543  -1.470 0.0000000000
20565  35.488  -65.469  -2.469 0.0000000000
21551  36.231  -62.877  1.534 0.0000000000
21552  35.702  -62.570  2.004 0.0000000000
21564  37.132  -62.440  0.479 0.0000000000
21565  36.821  -62.662  0.805 0.0000000000
21574  40.967  -64.240  -1.053 0.0000000000
21577  37.265  -62.510  0.124 0.0000000000
21578  36.934  -63.226  -0.333 0.0000000000
21579  36.340  -63.765  -0.801 0.0000000000
21586  36.653  -63.373  -1.363 0.0000000000
21587  36.118  -63.979  -1.439 0.0000000000
21591  37.456  -63.398  -2.319 0.0000000000
21593  35.996  -64.279  -1.870 0.0000000000
22611  36.239  -61.907  1.654 0.0000000000
22612  35.492  -61.730  2.006 0.0000000000
22625  37.246  -62.049  0.502 0.0000000000
22635  40.247  -63.355  -1.377 0.0000000000
22636  39.884  -62.809  -1.174 0.0000000000
22637  37.470  -61.828  -0.181 0.0000000000
22638  37.312  -62.455  -0.575 0.0000000000
22642  39.950  -63.102  -1.727 0.0000000000
22643  39.425  -62.418  -1.716 0.0000000000
23687  34.917  -61.309  2.021 0.0000000000
23701  36.422  -60.846  1.457 0.0000000000
23702  35.310  -60.914  1.706 0.0000000000
23716  37.426  -61.035  0.557 0.0000000000
23724  39.367  -61.643  -1.321 0.0000000000
23727  38.464  -61.135  -1.561 0.0000000000
24809  34.152  -60.174  1.019 0.0000000000
24810  33.387  -60.387  0.957 0.0000000000
24829  31.065  -60.066  0.961 0.0000000000
24833  39.466  -60.820  -1.087 0.0000000000
24838  39.194  -60.738  -1.402 0.0000000000
24839  38.841  -60.533  -1.480 0.0000000000
25940  45.017  -59.874  1.673 0.0000000000
25960  38.892  -59.549  -0.690 0.0000000000
25966  39.264  -60.384  -1.191 0.0000000000
27041  44.282  -57.874  1.079 0.0000000000
27046  32.528  -58.717  0.693 0.0000000000
28205  38.079  -58.210  1.044 0.0000000000
28206  37.641  -57.985  1.280 0.0000000000
28207  37.027  -57.793  1.379 0.0000000000
28208  36.477  -57.743  1.934 0.0000000000
28215  38.110  -58.364  0.661 0.0000000000
28216  37.839  -58.241  0.810 0.0000000000
28217  37.501  -58.080  1.021 0.0000000000
28218  31.951  -57.703  0.224 0.0000000000
29378  32.248  -56.700  -0.439 0.0000000000
30469  43.638  -55.695  0.879 0.0000000000
30479  32.562  -55.737  -0.127 0.0000000000
31595  43.330  -54.945  1.126 0.0000000000
31596  42.958  -54.333  1.288 0.0000000000
31605  43.187  -54.431  0.816 0.0000000000
31606  33.702  -54.286  -0.507 0.0000000000
31607  33.218  -54.859  -0.087 0.0000000000
32790  34.320  -53.040  -0.343 0.0000000000
34074  42.321  -52.896  1.267 0.0000000000
34075  41.895  -52.296  1.765 0.0000000000
34088  42.098  -52.260  1.169 0.0000000000
34089  34.457  -52.581  -0.324 0.0000000000
35399  34.956  -51.761  -0.038 0.0000000000
