#!ascii label  , from subject sub-CSI2 vox2ras=TkReg
2231
1626  20.170  -88.441  11.420 0.0000000000
1627  19.086  -88.450  11.433 0.0000000000
1628  18.174  -88.397  11.131 0.0000000000
1629  17.647  -88.230  10.790 0.0000000000
1640  19.862  -89.180  11.118 0.0000000000
1641  18.817  -89.160  10.923 0.0000000000
1642  17.805  -88.856  10.508 0.0000000000
1892  27.773  -87.105  18.734 0.0000000000
1893  27.542  -87.192  19.219 0.0000000000
1902  28.027  -86.976  18.406 0.0000000000
1979  21.010  -87.049  12.108 0.0000000000
1980  20.006  -86.969  12.241 0.0000000000
1981  19.430  -86.774  12.095 0.0000000000
1993  20.575  -87.737  11.728 0.0000000000
1994  19.297  -87.458  11.890 0.0000000000
1995  18.353  -87.666  11.454 0.0000000000
1996  17.734  -87.696  10.968 0.0000000000
2003  17.112  -87.924  10.295 0.0000000000
2013  17.243  -87.099  9.626 0.0000000000
2024  20.633  -86.864  7.848 0.0000000000
2025  20.111  -86.810  8.010 0.0000000000
2026  19.003  -86.789  8.181 0.0000000000
2027  17.707  -86.989  8.528 0.0000000000
2037  20.848  -87.374  7.554 0.0000000000
2038  19.799  -87.472  7.528 0.0000000000
2302  27.763  -86.862  18.819 0.0000000000
2303  27.425  -86.673  19.461 0.0000000000
2312  28.154  -86.390  18.306 0.0000000000
2313  27.623  -86.049  18.778 0.0000000000
2328  28.674  -86.262  17.444 0.0000000000
2386  28.150  -86.559  12.467 0.0000000000
2387  27.266  -86.520  12.422 0.0000000000
2389  25.349  -86.479  12.371 0.0000000000
2390  24.404  -86.479  12.319 0.0000000000
2391  23.445  -86.426  12.247 0.0000000000
2392  22.442  -86.345  12.268 0.0000000000
2394  20.382  -86.234  12.483 0.0000000000
2395  19.526  -86.242  12.275 0.0000000000
2399  27.585  -87.023  12.245 0.0000000000
2400  26.851  -87.059  12.090 0.0000000000
2406  18.966  -86.447  11.891 0.0000000000
2407  18.327  -86.678  11.363 0.0000000000
2408  17.938  -87.189  11.146 0.0000000000
2411  18.191  -86.260  10.665 0.0000000000
2412  17.683  -86.813  10.492 0.0000000000
2419  19.067  -85.705  9.513 0.0000000000
2420  18.493  -85.942  9.861 0.0000000000
2421  17.826  -86.559  9.402 0.0000000000
2435  19.485  -85.954  8.897 0.0000000000
2436  18.381  -86.438  8.967 0.0000000000
2437  17.940  -86.618  8.962 0.0000000000
2732  28.086  -85.543  18.204 0.0000000000
2747  29.781  -85.285  17.128 0.0000000000
2748  28.793  -85.585  17.538 0.0000000000
2762  30.778  -84.868  15.365 0.0000000000
2775  30.641  -84.910  14.565 0.0000000000
2777  25.224  -84.762  14.325 0.0000000000
2778  25.072  -85.018  14.187 0.0000000000
2788  30.624  -84.788  14.288 0.0000000000
2789  30.523  -85.105  13.946 0.0000000000
2790  28.782  -85.072  12.970 0.0000000000
2791  28.208  -85.183  13.139 0.0000000000
2792  27.198  -85.239  13.411 0.0000000000
2793  25.902  -85.135  13.910 0.0000000000
2794  24.820  -85.308  13.724 0.0000000000
2795  24.019  -85.345  13.454 0.0000000000
2796  23.163  -85.272  13.429 0.0000000000
2797  22.242  -85.093  13.364 0.0000000000
2798  21.453  -84.974  13.279 0.0000000000
2809  29.693  -85.590  12.865 0.0000000000
2810  28.898  -85.578  12.676 0.0000000000
2811  27.783  -85.844  12.734 0.0000000000
2812  26.697  -85.913  12.995 0.0000000000
2813  25.613  -85.892  13.048 0.0000000000
2814  24.650  -85.897  12.958 0.0000000000
2815  23.739  -85.897  12.907 0.0000000000
2816  22.798  -85.810  12.884 0.0000000000
2817  21.827  -85.646  12.887 0.0000000000
2818  20.738  -85.287  12.884 0.0000000000
2819  19.776  -85.423  12.427 0.0000000000
2822  19.096  -85.544  11.623 0.0000000000
2823  18.672  -86.104  11.493 0.0000000000
2829  19.034  -85.293  10.694 0.0000000000
2830  18.541  -85.825  10.892 0.0000000000
2844  20.275  -84.945  9.598 0.0000000000
2845  19.329  -85.341  9.861 0.0000000000
2846  18.814  -85.568  10.321 0.0000000000
2853  27.990  -85.106  7.727 0.0000000000
2854  27.633  -85.563  7.734 0.0000000000
2855  26.623  -85.700  8.282 0.0000000000
2861  20.573  -85.531  8.941 0.0000000000
2862  19.909  -85.441  9.324 0.0000000000
2864  28.229  -85.113  7.394 0.0000000000
2868  29.089  -84.713  6.212 0.0000000000
2886  23.083  -85.571  5.066 0.0000000000
3241  32.009  -84.045  18.171 0.0000000000
3242  31.727  -84.042  18.238 0.0000000000
3243  31.384  -84.022  18.307 0.0000000000
3244  28.534  -84.921  17.657 0.0000000000
3245  27.839  -84.756  18.049 0.0000000000
3259  31.098  -84.332  17.853 0.0000000000
3260  30.276  -84.614  17.463 0.0000000000
3261  29.363  -84.795  17.457 0.0000000000
3264  31.828  -84.225  16.886 0.0000000000
3274  31.337  -84.324  15.898 0.0000000000
3281  30.776  -84.316  14.669 0.0000000000
3282  30.534  -83.926  14.125 0.0000000000
3283  27.350  -84.050  14.403 0.0000000000
3284  26.427  -84.090  14.704 0.0000000000
3285  25.518  -84.316  14.640 0.0000000000
3286  24.432  -84.480  14.372 0.0000000000
3287  23.181  -84.088  14.399 0.0000000000
3288  22.269  -83.865  14.204 0.0000000000
3289  21.811  -83.630  13.936 0.0000000000
3299  30.580  -84.700  14.057 0.0000000000
3300  30.295  -84.488  13.529 0.0000000000
3301  29.441  -84.322  13.319 0.0000000000
3302  28.642  -84.522  13.409 0.0000000000
3303  27.736  -84.632  13.753 0.0000000000
3304  26.809  -84.669  14.135 0.0000000000
3305  26.160  -84.595  14.395 0.0000000000
3306  24.196  -85.016  13.900 0.0000000000
3307  23.596  -84.805  13.925 0.0000000000
3308  22.651  -84.597  13.909 0.0000000000
3309  21.653  -84.242  13.717 0.0000000000
3310  21.002  -84.529  13.265 0.0000000000
3319  30.077  -85.138  12.941 0.0000000000
3320  29.683  -85.012  12.869 0.0000000000
3321  29.143  -84.920  12.951 0.0000000000
3322  20.527  -84.285  12.811 0.0000000000
3323  20.061  -84.699  12.499 0.0000000000
3326  20.168  -84.024  12.102 0.0000000000
3327  19.673  -84.679  11.819 0.0000000000
3334  20.725  -83.611  10.698 0.0000000000
3335  20.115  -83.956  11.073 0.0000000000
3336  19.402  -84.759  11.001 0.0000000000
3345  27.082  -84.173  9.073 0.0000000000
3351  20.875  -84.050  10.087 0.0000000000
3352  19.831  -84.609  10.308 0.0000000000
3353  19.379  -84.991  10.461 0.0000000000
3359  28.095  -84.603  8.016 0.0000000000
3360  27.210  -84.858  8.546 0.0000000000
3361  26.742  -85.136  8.600 0.0000000000
3364  29.234  -84.149  6.730 0.0000000000
3365  28.730  -84.457  7.201 0.0000000000
3369  29.577  -84.319  6.052 0.0000000000
3370  29.045  -84.559  6.545 0.0000000000
3371  24.012  -84.099  6.244 0.0000000000
3387  24.962  -84.630  5.772 0.0000000000
3388  23.684  -84.826  5.640 0.0000000000
3735  32.083  -82.842  21.836 0.0000000000
3736  31.838  -82.856  21.893 0.0000000000
3749  32.053  -82.937  21.423 0.0000000000
3750  31.926  -82.939  21.644 0.0000000000
3762  32.157  -82.904  20.995 0.0000000000
3763  31.960  -83.073  20.987 0.0000000000
3773  32.186  -83.070  20.154 0.0000000000
3774  31.644  -83.154  19.805 0.0000000000
3775  31.198  -83.351  19.068 0.0000000000
3790  32.142  -83.488  18.728 0.0000000000
3791  31.548  -83.661  18.725 0.0000000000
3792  30.921  -83.816  18.384 0.0000000000
3793  30.024  -83.597  17.856 0.0000000000
3794  28.807  -83.954  17.725 0.0000000000
3807  32.263  -83.674  17.883 0.0000000000
3808  30.911  -84.154  18.056 0.0000000000
3809  30.589  -84.152  17.836 0.0000000000
3810  29.845  -84.237  17.584 0.0000000000
3814  32.173  -83.716  17.230 0.0000000000
3815  31.677  -83.691  16.437 0.0000000000
3826  31.248  -83.752  15.505 0.0000000000
3827  30.951  -83.332  15.275 0.0000000000
3828  25.485  -82.824  15.277 0.0000000000
3829  25.094  -82.861  15.310 0.0000000000
3830  24.358  -82.852  15.255 0.0000000000
3835  30.941  -83.730  15.002 0.0000000000
3836  30.639  -83.426  14.644 0.0000000000
3837  28.466  -83.088  14.364 0.0000000000
3838  27.950  -83.280  14.493 0.0000000000
3839  26.880  -83.331  14.914 0.0000000000
3840  25.774  -83.222  15.126 0.0000000000
3841  24.789  -83.566  15.051 0.0000000000
3842  23.688  -83.295  14.893 0.0000000000
3843  22.672  -83.224  14.478 0.0000000000
3844  22.005  -83.187  14.059 0.0000000000
3857  30.255  -83.469  13.960 0.0000000000
3858  29.798  -83.572  13.670 0.0000000000
3859  28.870  -83.449  13.993 0.0000000000
3860  28.137  -84.013  14.030 0.0000000000
3861  21.478  -83.185  13.548 0.0000000000
3862  20.970  -83.788  13.214 0.0000000000
3873  21.033  -83.127  12.938 0.0000000000
3874  20.662  -83.447  12.507 0.0000000000
3880  21.016  -82.932  11.361 0.0000000000
3881  20.552  -83.392  11.686 0.0000000000
3890  26.182  -83.201  9.819 0.0000000000
3891  25.420  -83.133  10.152 0.0000000000
3892  24.364  -83.102  10.364 0.0000000000
3893  23.330  -83.104  10.426 0.0000000000
3894  22.355  -83.114  10.516 0.0000000000
3895  21.348  -83.223  10.717 0.0000000000
3896  20.714  -83.380  11.077 0.0000000000
3904  27.237  -83.594  9.233 0.0000000000
3905  26.697  -83.642  9.445 0.0000000000
3906  25.758  -83.843  9.514 0.0000000000
3907  24.749  -83.800  9.710 0.0000000000
3908  23.718  -83.731  9.841 0.0000000000
3909  22.722  -83.670  9.960 0.0000000000
3910  21.854  -83.621  10.131 0.0000000000
3915  28.170  -83.785  8.318 0.0000000000
3916  27.653  -83.735  8.767 0.0000000000
3919  29.089  -83.645  7.173 0.0000000000
3920  28.530  -83.763  7.823 0.0000000000
3921  23.318  -82.613  7.343 0.0000000000
3928  31.104  -83.108  5.864 0.0000000000
3929  30.458  -83.581  5.880 0.0000000000
3930  29.677  -83.608  6.556 0.0000000000
3931  26.309  -83.410  5.784 0.0000000000
3932  25.634  -83.398  6.214 0.0000000000
3933  24.725  -83.499  6.411 0.0000000000
3934  23.557  -83.203  6.877 0.0000000000
3947  27.536  -83.540  4.793 0.0000000000
3948  26.778  -84.028  5.175 0.0000000000
3949  25.863  -84.052  5.706 0.0000000000
3950  25.306  -83.916  6.023 0.0000000000
4297  32.213  -82.577  22.211 0.0000000000
4326  32.373  -82.550  20.668 0.0000000000
4328  30.616  -82.544  20.709 0.0000000000
4345  32.463  -82.809  19.582 0.0000000000
4346  31.145  -82.724  20.231 0.0000000000
4347  30.696  -82.781  19.584 0.0000000000
4366  32.539  -82.924  18.777 0.0000000000
4367  30.845  -83.255  18.894 0.0000000000
4368  30.301  -83.050  18.611 0.0000000000
4381  32.440  -83.186  18.191 0.0000000000
4382  32.287  -82.828  17.812 0.0000000000
4391  32.302  -83.308  17.642 0.0000000000
4392  31.853  -82.926  17.077 0.0000000000
4406  31.270  -82.936  15.951 0.0000000000
4407  30.705  -82.700  15.250 0.0000000000
4408  27.145  -81.725  15.301 0.0000000000
4409  26.535  -81.965  15.410 0.0000000000
4410  25.608  -82.377  15.423 0.0000000000
4411  24.606  -82.211  15.438 0.0000000000
4412  23.735  -82.211  15.213 0.0000000000
4418  30.090  -82.499  14.495 0.0000000000
4419  29.288  -82.273  14.423 0.0000000000
4420  28.478  -82.500  14.541 0.0000000000
4421  27.332  -82.423  15.061 0.0000000000
4422  26.334  -82.697  15.226 0.0000000000
4423  25.894  -82.770  15.248 0.0000000000
4424  22.931  -82.412  14.769 0.0000000000
4425  22.183  -82.423  14.102 0.0000000000
4426  21.834  -82.795  13.809 0.0000000000
4438  29.979  -83.069  13.924 0.0000000000
4439  29.561  -82.945  14.098 0.0000000000
4440  29.069  -82.787  14.241 0.0000000000
4441  21.993  -82.086  13.661 0.0000000000
4442  21.750  -82.410  13.476 0.0000000000
4449  21.886  -82.026  12.137 0.0000000000
4450  21.438  -82.489  12.697 0.0000000000
4451  20.968  -82.937  12.555 0.0000000000
4459  34.997  -81.827  10.942 0.0000000000
4460  24.694  -81.690  11.075 0.0000000000
4461  24.268  -81.745  11.173 0.0000000000
4462  23.346  -81.866  11.352 0.0000000000
4463  22.382  -82.065  11.589 0.0000000000
4464  21.538  -82.474  11.697 0.0000000000
4465  20.908  -82.830  12.075 0.0000000000
4478  34.834  -81.893  10.384 0.0000000000
4479  26.979  -82.103  10.089 0.0000000000
4480  26.312  -82.442  10.238 0.0000000000
4481  24.972  -82.161  10.789 0.0000000000
4482  23.868  -82.406  10.826 0.0000000000
4483  22.879  -82.514  10.934 0.0000000000
4484  21.975  -82.637  11.047 0.0000000000
4485  21.453  -82.781  11.171 0.0000000000
4496  34.016  -81.980  8.929 0.0000000000
4497  28.095  -82.089  9.046 0.0000000000
4498  27.379  -82.733  9.448 0.0000000000
4499  26.660  -83.005  9.756 0.0000000000
4506  33.772  -82.043  8.298 0.0000000000
4507  28.896  -82.241  7.807 0.0000000000
4508  28.223  -82.913  8.494 0.0000000000
4509  27.737  -83.122  8.890 0.0000000000
4515  33.654  -82.139  7.480 0.0000000000
4516  33.130  -81.952  7.286 0.0000000000
4517  30.324  -82.560  6.612 0.0000000000
4518  29.559  -82.702  7.021 0.0000000000
4519  28.839  -83.063  7.658 0.0000000000
4520  24.709  -82.029  7.288 0.0000000000
4521  24.030  -81.949  7.466 0.0000000000
4535  32.755  -82.189  6.519 0.0000000000
4536  31.666  -82.670  6.100 0.0000000000
4537  30.817  -82.820  6.278 0.0000000000
4538  30.153  -83.069  6.443 0.0000000000
4539  26.171  -82.691  6.302 0.0000000000
4540  25.266  -82.567  6.788 0.0000000000
4541  24.344  -82.651  7.070 0.0000000000
4542  23.702  -82.501  7.319 0.0000000000
4556  28.716  -82.434  4.626 0.0000000000
4557  28.114  -82.726  4.828 0.0000000000
4558  27.036  -82.765  5.542 0.0000000000
4569  29.773  -82.506  3.834 0.0000000000
4570  29.085  -82.913  4.028 0.0000000000
4571  28.216  -83.466  4.382 0.0000000000
4592  22.954  -82.314  2.051 0.0000000000
4604  22.582  -82.786  1.505 0.0000000000
4975  32.406  -81.869  20.835 0.0000000000
4976  32.184  -81.584  20.422 0.0000000000
4992  32.390  -82.096  20.045 0.0000000000
4993  31.990  -81.516  19.763 0.0000000000
5007  32.354  -82.202  19.032 0.0000000000
5008  31.731  -81.383  18.888 0.0000000000
5017  36.933  -80.887  16.784 0.0000000000
5018  36.805  -80.794  16.702 0.0000000000
5019  32.416  -82.646  18.327 0.0000000000
5020  31.880  -81.970  17.876 0.0000000000
5028  36.989  -80.993  16.075 0.0000000000
5029  36.852  -80.894  16.379 0.0000000000
5030  31.148  -81.813  16.487 0.0000000000
5031  30.589  -81.116  16.014 0.0000000000
5040  37.020  -81.013  15.217 0.0000000000
5041  36.831  -80.881  15.760 0.0000000000
5042  30.862  -82.299  15.790 0.0000000000
5043  30.443  -81.695  15.409 0.0000000000
5044  26.853  -81.167  15.500 0.0000000000
5045  25.910  -81.287  15.590 0.0000000000
5046  24.898  -81.383  15.648 0.0000000000
5047  24.070  -81.498  15.416 0.0000000000
5048  23.640  -81.593  15.188 0.0000000000
5053  36.950  -80.992  14.459 0.0000000000
5054  36.779  -80.846  14.875 0.0000000000
5055  30.047  -81.703  14.859 0.0000000000
5056  29.611  -81.578  14.713 0.0000000000
5057  28.855  -81.407  14.669 0.0000000000
5058  27.828  -81.308  15.141 0.0000000000
5059  23.218  -81.535  14.815 0.0000000000
5060  22.606  -81.799  14.361 0.0000000000
5072  37.020  -80.939  13.841 0.0000000000
5073  36.613  -80.826  13.793 0.0000000000
5074  36.073  -81.010  13.007 0.0000000000
5075  22.855  -81.121  14.043 0.0000000000
5076  22.313  -81.695  13.629 0.0000000000
5077  21.938  -81.967  13.324 0.0000000000
5086  36.897  -80.937  13.179 0.0000000000
5088  35.795  -81.187  12.137 0.0000000000
5089  22.838  -81.016  13.044 0.0000000000
5090  22.118  -81.755  12.750 0.0000000000
5091  21.759  -82.110  13.062 0.0000000000
5105  34.735  -81.501  10.949 0.0000000000
5106  24.802  -81.129  11.233 0.0000000000
5107  23.827  -81.162  11.663 0.0000000000
5108  22.855  -81.413  12.079 0.0000000000
5109  22.274  -81.755  12.111 0.0000000000
5125  34.448  -81.443  10.340 0.0000000000
5126  34.174  -81.000  10.252 0.0000000000
5127  27.323  -81.625  9.987 0.0000000000
5128  26.714  -81.527  10.409 0.0000000000
5129  25.816  -81.379  10.745 0.0000000000
5139  34.501  -81.722  9.958 0.0000000000
5140  34.128  -81.330  9.647 0.0000000000
5141  28.247  -81.533  9.085 0.0000000000
5142  27.850  -81.601  9.446 0.0000000000
5154  33.625  -81.399  8.658 0.0000000000
5155  33.136  -81.168  8.026 0.0000000000
5156  29.049  -81.577  7.941 0.0000000000
5157  28.602  -81.600  8.524 0.0000000000
5171  33.373  -81.732  7.823 0.0000000000
5172  32.570  -81.418  7.322 0.0000000000
5173  31.527  -81.457  6.932 0.0000000000
5174  30.471  -81.852  6.934 0.0000000000
5175  29.553  -81.715  7.519 0.0000000000
5176  25.306  -81.605  7.254 0.0000000000
5177  24.518  -81.287  7.516 0.0000000000
5178  23.656  -81.190  7.643 0.0000000000
5192  31.959  -81.940  6.607 0.0000000000
5193  31.195  -82.181  6.531 0.0000000000
5194  30.705  -82.362  6.569 0.0000000000
5195  28.260  -81.238  5.934 0.0000000000
5196  27.449  -81.411  6.264 0.0000000000
5197  26.679  -81.830  6.413 0.0000000000
5198  25.905  -81.974  6.792 0.0000000000
5208  29.292  -81.495  4.993 0.0000000000
5209  28.600  -81.891  5.161 0.0000000000
5210  27.766  -82.012  5.603 0.0000000000
5211  27.240  -82.029  5.982 0.0000000000
5222  31.321  -80.880  4.216 0.0000000000
5223  30.791  -81.275  4.226 0.0000000000
5224  29.879  -81.817  4.308 0.0000000000
5225  29.108  -82.128  4.603 0.0000000000
5238  31.633  -81.334  3.816 0.0000000000
5239  30.566  -82.032  3.712 0.0000000000
5241  23.063  -81.169  3.314 0.0000000000
5242  22.569  -81.253  3.511 0.0000000000
5251  23.858  -81.281  2.395 0.0000000000
5252  23.333  -81.434  2.708 0.0000000000
5257  26.025  -81.004  0.778 0.0000000000
5259  24.159  -81.646  1.820 0.0000000000
5260  23.515  -82.082  1.983 0.0000000000
5660  32.165  -81.476  20.879 0.0000000000
5661  31.740  -81.015  20.657 0.0000000000
5678  37.448  -80.391  19.537 0.0000000000
5679  37.113  -80.345  19.410 0.0000000000
5694  37.011  -80.489  18.666 0.0000000000
5695  31.306  -80.796  18.890 0.0000000000
5707  36.805  -80.554  17.356 0.0000000000
5708  31.333  -80.986  18.214 0.0000000000
5719  36.632  -80.551  16.369 0.0000000000
5720  31.209  -81.117  17.364 0.0000000000
5721  30.634  -80.574  16.636 0.0000000000
5732  36.593  -80.588  15.385 0.0000000000
5733  30.090  -80.414  15.610 0.0000000000
5734  29.573  -80.011  15.335 0.0000000000
5735  27.260  -80.300  15.348 0.0000000000
5736  26.285  -80.380  15.475 0.0000000000
5737  25.276  -80.411  15.553 0.0000000000
5738  24.152  -80.486  15.313 0.0000000000
5739  23.654  -81.120  15.129 0.0000000000
5745  37.250  -80.687  14.397 0.0000000000
5746  36.455  -80.549  14.460 0.0000000000
5747  36.168  -80.257  14.081 0.0000000000
5748  29.947  -81.147  15.035 0.0000000000
5749  29.355  -80.509  14.942 0.0000000000
5750  28.462  -80.480  14.952 0.0000000000
5751  27.898  -80.416  15.180 0.0000000000
5752  23.786  -80.109  14.814 0.0000000000
5753  23.448  -80.560  14.542 0.0000000000
5762  37.285  -80.589  13.303 0.0000000000
5763  36.422  -80.629  13.993 0.0000000000
5764  36.176  -80.592  13.661 0.0000000000
5765  23.226  -80.480  13.616 0.0000000000
5773  35.570  -80.653  12.654 0.0000000000
5774  35.112  -80.253  12.387 0.0000000000
5775  23.733  -80.177  12.533 0.0000000000
5776  23.402  -80.309  12.954 0.0000000000
5789  35.359  -81.093  11.937 0.0000000000
5790  34.818  -80.698  11.713 0.0000000000
5791  34.233  -80.278  11.133 0.0000000000
5792  24.960  -80.286  11.395 0.0000000000
5793  24.267  -80.193  11.926 0.0000000000
5794  23.469  -80.697  12.344 0.0000000000
5806  34.359  -80.931  10.806 0.0000000000
5807  33.912  -80.424  10.343 0.0000000000
5808  27.129  -80.890  10.336 0.0000000000
5809  26.431  -80.607  10.638 0.0000000000
5810  25.557  -80.342  11.047 0.0000000000
5819  33.452  -80.403  9.344 0.0000000000
5820  32.974  -80.266  8.734 0.0000000000
5821  28.363  -80.803  9.174 0.0000000000
5822  27.634  -80.799  9.823 0.0000000000
5831  36.167  -80.255  8.755 0.0000000000
5832  35.759  -80.537  8.142 0.0000000000
5833  33.204  -80.762  8.534 0.0000000000
5834  32.559  -80.602  8.000 0.0000000000
5835  32.104  -80.358  7.797 0.0000000000
5836  30.460  -80.371  7.759 0.0000000000
5837  29.401  -80.858  8.062 0.0000000000
5838  28.796  -80.843  8.585 0.0000000000
5849  35.500  -80.679  7.504 0.0000000000
5850  32.376  -80.908  7.577 0.0000000000
5851  31.948  -80.729  7.467 0.0000000000
5852  30.979  -80.916  7.295 0.0000000000
5853  30.150  -81.126  7.489 0.0000000000
5854  26.170  -80.109  7.222 0.0000000000
5855  25.200  -80.515  7.446 0.0000000000
5856  24.160  -80.457  7.538 0.0000000000
5857  23.309  -80.439  7.503 0.0000000000
5858  22.404  -80.308  7.213 0.0000000000
5869  35.293  -80.579  6.996 0.0000000000
5870  35.117  -80.758  6.546 0.0000000000
5871  29.384  -79.978  6.028 0.0000000000
5872  28.812  -80.324  6.112 0.0000000000
5873  27.773  -80.449  6.505 0.0000000000
5874  26.860  -80.732  6.771 0.0000000000
5875  26.056  -81.141  7.084 0.0000000000
5876  22.393  -80.021  6.501 0.0000000000
5889  30.534  -80.161  5.114 0.0000000000
5890  29.896  -80.460  5.356 0.0000000000
5891  28.959  -81.077  5.503 0.0000000000
5892  22.942  -79.890  5.368 0.0000000000
5893  22.524  -79.978  5.694 0.0000000000
5902  32.277  -80.154  4.065 0.0000000000
5903  31.856  -80.411  4.159 0.0000000000
5904  30.890  -80.359  4.706 0.0000000000
5905  30.368  -81.001  4.651 0.0000000000
5906  22.956  -80.141  4.880 0.0000000000
5913  32.470  -80.405  3.913 0.0000000000
5914  32.011  -80.727  3.840 0.0000000000
5915  23.847  -80.311  3.448 0.0000000000
5916  23.229  -80.704  3.671 0.0000000000
5917  22.679  -80.911  3.888 0.0000000000
5922  25.120  -80.352  2.183 0.0000000000
5923  24.078  -80.715  2.694 0.0000000000
5924  23.530  -80.945  3.005 0.0000000000
5929  27.069  -80.086  0.821 0.0000000000
5930  26.281  -80.642  1.048 0.0000000000
5931  25.558  -80.727  1.556 0.0000000000
5932  24.887  -80.988  1.821 0.0000000000
5942  26.731  -80.495  0.511 0.0000000000
6275  32.264  -79.647  26.510 0.0000000000
6289  31.948  -79.474  25.636 0.0000000000
6304  32.242  -80.181  24.699 0.0000000000
6305  31.588  -79.268  24.621 0.0000000000
6318  32.241  -80.383  23.904 0.0000000000
6384  36.903  -80.136  19.314 0.0000000000
6399  36.599  -79.935  18.350 0.0000000000
6409  36.485  -79.919  17.153 0.0000000000
6421  36.436  -79.870  16.362 0.0000000000
6423  29.720  -79.206  16.098 0.0000000000
6435  36.365  -79.966  15.559 0.0000000000
6436  36.219  -79.497  15.011 0.0000000000
6437  29.957  -79.855  15.831 0.0000000000
6438  29.657  -79.556  15.693 0.0000000000
6439  27.237  -79.640  15.239 0.0000000000
6440  26.651  -79.636  15.282 0.0000000000
6441  25.750  -79.533  15.289 0.0000000000
6442  24.795  -79.541  15.249 0.0000000000
6450  37.748  -79.423  14.179 0.0000000000
6451  37.563  -79.919  14.736 0.0000000000
6452  36.415  -80.299  15.028 0.0000000000
6453  36.219  -79.977  14.613 0.0000000000
6454  29.211  -79.585  15.194 0.0000000000
6455  28.751  -79.758  14.957 0.0000000000
6456  27.898  -79.604  15.134 0.0000000000
6457  27.074  -79.078  15.096 0.0000000000
6458  26.265  -78.962  15.063 0.0000000000
6459  24.057  -79.594  14.814 0.0000000000
6460  23.697  -79.875  14.420 0.0000000000
6468  38.025  -79.092  13.712 0.0000000000
6469  37.658  -79.824  13.643 0.0000000000
6470  35.774  -79.870  13.622 0.0000000000
6471  35.233  -79.387  13.108 0.0000000000
6472  23.861  -79.261  14.042 0.0000000000
6473  23.518  -79.924  13.820 0.0000000000
6479  38.267  -79.138  12.860 0.0000000000
6481  35.304  -79.964  12.816 0.0000000000
6482  34.755  -79.596  12.404 0.0000000000
6483  34.185  -79.188  11.909 0.0000000000
6484  23.823  -79.494  12.934 0.0000000000
6485  23.491  -80.058  13.328 0.0000000000
6498  34.330  -79.854  11.664 0.0000000000
6499  33.729  -79.395  11.133 0.0000000000
6500  25.846  -78.900  11.053 0.0000000000
6501  25.238  -79.469  11.395 0.0000000000
6502  24.484  -79.189  12.078 0.0000000000
6508  33.322  -79.513  10.028 0.0000000000
6509  32.898  -79.061  9.707 0.0000000000
6510  27.201  -79.788  10.314 0.0000000000
6511  26.020  -79.648  10.837 0.0000000000
6512  25.600  -79.824  11.089 0.0000000000
6518  36.311  -79.626  9.119 0.0000000000
6519  35.903  -79.346  8.908 0.0000000000
6520  33.260  -79.847  9.547 0.0000000000
6521  32.943  -79.617  9.231 0.0000000000
6522  29.330  -79.247  8.862 0.0000000000
6523  28.605  -79.705  9.252 0.0000000000
6524  27.958  -80.055  9.644 0.0000000000
6532  36.143  -79.881  8.717 0.0000000000
6533  35.774  -79.756  8.378 0.0000000000
6534  35.249  -79.535  7.939 0.0000000000
6535  32.587  -79.938  8.539 0.0000000000
6536  31.989  -79.881  8.060 0.0000000000
6537  31.039  -79.620  8.044 0.0000000000
6538  29.976  -79.681  8.321 0.0000000000
6539  29.019  -80.165  8.666 0.0000000000
6547  35.562  -80.243  7.773 0.0000000000
6548  35.320  -79.888  7.564 0.0000000000
6549  31.862  -80.295  7.745 0.0000000000
6550  31.382  -80.274  7.699 0.0000000000
6551  26.225  -79.344  7.177 0.0000000000
6552  25.521  -79.478  7.318 0.0000000000
6553  24.533  -79.565  7.337 0.0000000000
6554  23.779  -79.880  7.345 0.0000000000
6555  23.195  -79.858  7.150 0.0000000000
6564  35.349  -80.305  7.296 0.0000000000
6565  34.992  -80.054  6.649 0.0000000000
6566  29.651  -79.593  6.035 0.0000000000
6567  29.065  -79.429  6.330 0.0000000000
6568  28.175  -79.452  6.619 0.0000000000
6569  27.013  -79.480  6.933 0.0000000000
6570  24.406  -78.984  6.910 0.0000000000
6571  23.755  -79.311  6.667 0.0000000000
6572  22.906  -79.768  6.421 0.0000000000
6586  31.234  -79.317  5.142 0.0000000000
6587  30.794  -79.619  5.264 0.0000000000
6588  30.114  -79.330  5.883 0.0000000000
6589  23.809  -79.204  5.237 0.0000000000
6590  23.321  -79.542  5.522 0.0000000000
6591  22.910  -79.737  5.898 0.0000000000
6605  32.413  -79.616  4.224 0.0000000000
6606  31.499  -79.591  4.814 0.0000000000
6607  31.067  -79.869  4.918 0.0000000000
6608  23.996  -79.357  4.580 0.0000000000
6609  23.436  -79.943  4.508 0.0000000000
6613  32.791  -79.741  3.864 0.0000000000
6614  25.096  -79.311  3.211 0.0000000000
6615  24.322  -79.796  3.509 0.0000000000
6616  23.743  -79.999  3.923 0.0000000000
6620  27.052  -79.020  1.944 0.0000000000
6621  26.271  -79.361  2.230 0.0000000000
6622  25.482  -79.635  2.493 0.0000000000
6623  24.789  -79.927  2.783 0.0000000000
6631  28.242  -79.148  0.863 0.0000000000
6632  27.507  -79.422  1.230 0.0000000000
6633  26.686  -79.771  1.486 0.0000000000
6634  25.891  -80.069  1.797 0.0000000000
6996  32.180  -78.825  27.474 0.0000000000
7015  32.253  -79.375  27.180 0.0000000000
7016  31.715  -78.751  26.640 0.0000000000
7030  31.217  -78.450  25.375 0.0000000000
7031  30.625  -77.885  25.144 0.0000000000
7044  31.134  -78.690  24.471 0.0000000000
7045  30.660  -78.180  24.621 0.0000000000
7057  31.273  -79.072  24.082 0.0000000000
7059  30.254  -78.397  23.235 0.0000000000
7075  29.959  -78.431  22.653 0.0000000000
7090  29.774  -78.814  21.494 0.0000000000
7091  29.033  -78.389  21.030 0.0000000000
7101  37.307  -79.086  19.975 0.0000000000
7102  29.402  -78.830  20.352 0.0000000000
7103  28.664  -78.275  20.333 0.0000000000
7115  37.178  -79.716  19.828 0.0000000000
7116  36.925  -79.313  19.255 0.0000000000
7117  29.064  -78.674  19.338 0.0000000000
7118  28.333  -78.021  19.520 0.0000000000
7132  29.370  -78.639  18.321 0.0000000000
7133  28.581  -78.188  18.587 0.0000000000
7146  28.874  -78.194  17.967 0.0000000000
7158  36.412  -78.925  16.559 0.0000000000
7172  36.405  -79.458  15.996 0.0000000000
7173  36.196  -78.802  15.434 0.0000000000
7174  29.422  -78.769  15.915 0.0000000000
7175  29.051  -78.503  15.588 0.0000000000
7176  25.738  -78.940  15.082 0.0000000000
7177  25.280  -78.942  15.112 0.0000000000
7186  35.878  -79.132  14.450 0.0000000000
7187  29.206  -79.021  15.472 0.0000000000
7188  28.604  -78.778  15.174 0.0000000000
7189  27.612  -78.463  14.985 0.0000000000
7190  26.678  -78.282  14.827 0.0000000000
7191  25.681  -78.371  14.820 0.0000000000
7192  24.615  -78.623  14.566 0.0000000000
7200  39.114  -77.918  13.039 0.0000000000
7201  38.706  -78.292  13.348 0.0000000000
7202  35.382  -78.831  13.689 0.0000000000
7203  34.890  -78.678  13.078 0.0000000000
7204  24.260  -78.479  13.525 0.0000000000
7218  34.372  -78.549  12.471 0.0000000000
7219  33.792  -78.484  11.869 0.0000000000
7220  24.434  -78.296  12.517 0.0000000000
7235  33.213  -78.194  11.175 0.0000000000
7236  32.750  -77.910  10.761 0.0000000000
7237  25.928  -78.510  10.955 0.0000000000
7238  25.538  -78.271  11.266 0.0000000000
7239  24.864  -78.538  11.770 0.0000000000
7247  38.058  -78.302  11.024 0.0000000000
7248  37.391  -78.538  10.433 0.0000000000
7249  36.321  -78.326  10.091 0.0000000000
7250  35.786  -78.258  9.824 0.0000000000
7251  33.300  -78.898  10.645 0.0000000000
7252  32.798  -78.529  10.265 0.0000000000
7253  28.401  -78.134  9.706 0.0000000000
7254  27.509  -78.433  10.163 0.0000000000
7255  26.436  -78.587  10.687 0.0000000000
7256  25.964  -78.250  10.908 0.0000000000
7265  37.282  -79.104  9.973 0.0000000000
7266  36.755  -78.987  9.735 0.0000000000
7267  35.808  -78.759  9.368 0.0000000000
7268  35.336  -78.721  8.920 0.0000000000
7269  32.347  -78.693  9.325 0.0000000000
7270  31.388  -78.339  8.996 0.0000000000
7271  30.498  -78.268  8.961 0.0000000000
7272  29.665  -78.419  9.060 0.0000000000
7273  28.875  -78.753  9.325 0.0000000000
7274  28.074  -79.150  9.716 0.0000000000
7284  35.621  -79.137  8.780 0.0000000000
7285  35.120  -79.006  8.369 0.0000000000
7286  32.373  -79.374  8.679 0.0000000000
7287  31.687  -79.057  8.523 0.0000000000
7288  30.764  -78.896  8.498 0.0000000000
7289  30.028  -78.866  8.698 0.0000000000
7298  34.759  -79.307  7.418 0.0000000000
7299  26.472  -78.961  7.069 0.0000000000
7300  25.922  -78.774  7.050 0.0000000000
7301  25.037  -78.755  7.059 0.0000000000
7309  34.345  -79.098  6.272 0.0000000000
7310  33.880  -78.418  5.839 0.0000000000
7311  30.022  -78.328  6.193 0.0000000000
7312  29.679  -78.680  6.272 0.0000000000
7313  28.643  -78.544  6.582 0.0000000000
7314  27.660  -78.498  6.727 0.0000000000
7315  26.643  -78.402  6.730 0.0000000000
7316  25.621  -78.095  6.308 0.0000000000
7317  24.484  -78.630  6.260 0.0000000000
7318  23.813  -78.968  5.881 0.0000000000
7329  34.047  -78.964  5.092 0.0000000000
7330  33.638  -77.991  5.252 0.0000000000
7331  31.331  -78.714  5.278 0.0000000000
7332  30.386  -78.602  5.909 0.0000000000
7333  30.081  -78.875  6.077 0.0000000000
7334  25.014  -78.285  5.321 0.0000000000
7335  24.177  -78.842  5.352 0.0000000000
7336  23.776  -79.128  5.506 0.0000000000
7350  33.374  -78.625  4.406 0.0000000000
7351  32.718  -78.586  4.307 0.0000000000
7352  32.112  -78.675  4.686 0.0000000000
7353  25.872  -78.147  4.142 0.0000000000
7354  25.207  -78.458  4.430 0.0000000000
7355  24.601  -78.748  4.719 0.0000000000
7361  33.271  -79.313  3.986 0.0000000000
7362  32.981  -79.227  3.911 0.0000000000
7363  26.940  -78.005  3.054 0.0000000000
7364  26.214  -78.353  3.385 0.0000000000
7365  25.481  -78.676  3.664 0.0000000000
7366  24.776  -79.043  4.012 0.0000000000
7374  27.254  -78.355  2.372 0.0000000000
7375  26.578  -78.640  2.629 0.0000000000
7376  25.793  -78.906  2.868 0.0000000000
7385  28.946  -78.345  0.680 0.0000000000
7386  28.668  -78.510  0.927 0.0000000000
7387  27.895  -78.480  1.651 0.0000000000
7393  28.928  -78.580  0.301 0.0000000000
7394  28.585  -78.905  0.536 0.0000000000
7694  33.383  -77.979  29.220 0.0000000000
7695  32.655  -78.244  28.470 0.0000000000
7696  32.263  -78.147  28.030 0.0000000000
7713  32.341  -78.530  27.922 0.0000000000
7714  31.889  -78.106  27.572 0.0000000000
7729  31.351  -77.736  26.941 0.0000000000
7730  30.964  -77.421  26.501 0.0000000000
7743  31.140  -77.990  26.247 0.0000000000
7744  30.669  -77.489  25.775 0.0000000000
7756  30.168  -77.282  24.765 0.0000000000
7757  29.702  -76.930  24.166 0.0000000000
7771  38.195  -77.288  23.755 0.0000000000
7772  30.352  -77.934  24.161 0.0000000000
7773  29.834  -77.656  23.536 0.0000000000
7789  29.087  -77.728  22.308 0.0000000000
7790  28.508  -77.219  22.022 0.0000000000
7804  29.030  -78.200  21.573 0.0000000000
7805  28.447  -77.605  21.305 0.0000000000
7806  27.871  -77.281  20.847 0.0000000000
7819  28.120  -77.634  20.335 0.0000000000
7820  27.548  -77.104  20.296 0.0000000000
7832  27.816  -77.528  19.686 0.0000000000
7833  27.360  -77.055  19.394 0.0000000000
7845  27.901  -77.632  18.865 0.0000000000
7846  27.448  -77.030  18.454 0.0000000000
7863  28.878  -77.843  16.963 0.0000000000
7864  28.291  -77.527  17.650 0.0000000000
7865  27.599  -76.822  17.783 0.0000000000
7898  29.137  -78.271  15.855 0.0000000000
7899  28.731  -77.777  15.678 0.0000000000
7909  39.183  -77.501  13.992 0.0000000000
7913  28.093  -77.661  15.029 0.0000000000
7914  27.194  -77.465  14.680 0.0000000000
7915  26.139  -77.442  14.527 0.0000000000
7916  25.196  -77.637  14.288 0.0000000000
7917  24.663  -77.868  13.858 0.0000000000
7928  39.331  -77.554  13.270 0.0000000000
7929  38.971  -77.794  13.680 0.0000000000
7931  34.481  -77.573  13.292 0.0000000000
7932  33.724  -77.222  12.718 0.0000000000
7933  24.915  -77.205  13.689 0.0000000000
7934  24.592  -77.544  13.146 0.0000000000
7947  39.424  -77.286  12.684 0.0000000000
7948  33.994  -77.859  12.433 0.0000000000
7949  33.401  -77.622  12.019 0.0000000000
7950  32.903  -77.124  11.886 0.0000000000
7951  24.648  -77.476  12.525 0.0000000000
7959  38.631  -77.638  11.800 0.0000000000
7960  38.025  -77.405  11.549 0.0000000000
7961  37.363  -77.237  11.367 0.0000000000
7962  33.046  -77.547  11.578 0.0000000000
7963  32.604  -77.278  11.238 0.0000000000
7964  32.039  -76.934  10.765 0.0000000000
7965  25.517  -77.382  11.275 0.0000000000
7966  24.914  -77.517  11.823 0.0000000000
7976  38.227  -77.893  11.360 0.0000000000
7977  37.677  -77.806  11.047 0.0000000000
7978  36.647  -77.464  10.830 0.0000000000
7979  35.518  -77.638  10.134 0.0000000000
7980  34.819  -77.304  9.922 0.0000000000
7981  32.296  -77.665  10.375 0.0000000000
7982  31.476  -77.094  10.142 0.0000000000
7983  30.587  -77.074  9.808 0.0000000000
7984  29.741  -77.159  9.779 0.0000000000
7985  28.870  -77.254  9.832 0.0000000000
7986  27.938  -77.384  10.038 0.0000000000
7987  26.973  -77.504  10.486 0.0000000000
7988  26.041  -77.625  10.851 0.0000000000
8000  35.449  -78.179  9.648 0.0000000000
8001  34.658  -77.947  9.223 0.0000000000
8002  33.860  -77.212  8.882 0.0000000000
8003  32.321  -78.196  9.920 0.0000000000
8004  31.834  -77.902  9.667 0.0000000000
8005  31.015  -77.657  9.415 0.0000000000
8006  30.128  -77.705  9.370 0.0000000000
8007  29.256  -77.865  9.432 0.0000000000
8016  34.338  -78.453  7.941 0.0000000000
8017  33.781  -77.521  8.223 0.0000000000
8026  34.251  -78.638  7.056 0.0000000000
8027  33.821  -77.913  7.198 0.0000000000
8039  33.965  -78.345  6.498 0.0000000000
8040  33.672  -77.557  6.199 0.0000000000
8041  29.961  -77.726  6.253 0.0000000000
8042  29.072  -77.705  6.492 0.0000000000
8043  28.148  -77.593  6.468 0.0000000000
8044  27.282  -77.656  6.382 0.0000000000
8045  26.487  -77.613  6.119 0.0000000000
8046  26.032  -77.646  5.818 0.0000000000
8061  33.484  -77.136  5.475 0.0000000000
8062  32.471  -77.226  4.864 0.0000000000
8063  32.001  -77.575  4.999 0.0000000000
8064  30.896  -77.562  5.729 0.0000000000
8065  27.681  -77.055  6.119 0.0000000000
8066  27.119  -77.052  5.630 0.0000000000
8067  26.411  -77.436  5.363 0.0000000000
8068  25.759  -77.781  5.377 0.0000000000
8084  33.253  -77.334  4.892 0.0000000000
8085  32.770  -77.545  4.586 0.0000000000
8086  32.434  -78.050  4.548 0.0000000000
8087  26.930  -77.037  4.530 0.0000000000
8088  26.175  -77.672  4.675 0.0000000000
8089  25.581  -78.023  4.784 0.0000000000
8100  27.230  -77.318  3.445 0.0000000000
8101  26.519  -77.701  3.852 0.0000000000
8116  28.318  -77.405  2.038 0.0000000000
8117  27.728  -77.594  2.508 0.0000000000
8129  29.131  -77.836  0.859 0.0000000000
8130  28.511  -77.898  1.514 0.0000000000
8131  28.088  -77.819  1.895 0.0000000000
8135  29.859  -77.161  -0.331 0.0000000000
8136  29.462  -77.908  -0.004 0.0000000000
8450  34.416  -77.077  29.811 0.0000000000
8460  34.603  -76.247  29.154 0.0000000000
8461  34.084  -76.919  29.231 0.0000000000
8462  32.758  -77.004  28.549 0.0000000000
8463  32.205  -77.682  28.090 0.0000000000
8471  32.194  -76.288  28.011 0.0000000000
8472  31.648  -76.941  27.596 0.0000000000
8473  31.140  -76.755  27.065 0.0000000000
8480  31.135  -77.112  26.947 0.0000000000
8481  30.781  -76.730  26.567 0.0000000000
8493  30.253  -76.468  25.726 0.0000000000
8494  29.761  -76.108  25.347 0.0000000000
8510  29.892  -76.585  25.151 0.0000000000
8511  29.591  -76.364  24.688 0.0000000000
8523  37.610  -76.378  23.800 0.0000000000
8524  36.819  -76.026  23.441 0.0000000000
8525  36.269  -75.715  23.222 0.0000000000
8526  29.170  -76.431  23.719 0.0000000000
8527  28.589  -75.786  23.435 0.0000000000
8540  36.274  -76.056  22.919 0.0000000000
8541  35.968  -75.678  23.031 0.0000000000
8542  29.118  -77.075  23.036 0.0000000000
8543  28.398  -76.439  22.534 0.0000000000
8544  27.769  -75.901  21.998 0.0000000000
8557  28.231  -76.971  21.813 0.0000000000
8558  27.624  -76.552  21.314 0.0000000000
8571  26.845  -76.288  20.049 0.0000000000
8572  26.516  -75.695  19.673 0.0000000000
8581  26.858  -76.523  19.006 0.0000000000
8582  26.551  -76.003  19.319 0.0000000000
8593  27.022  -76.321  18.127 0.0000000000
8594  26.580  -75.981  18.719 0.0000000000
8609  27.844  -76.851  17.378 0.0000000000
8610  27.496  -76.287  17.363 0.0000000000
8621  40.359  -76.759  16.015 0.0000000000
8623  28.068  -76.690  16.800 0.0000000000
8624  27.652  -76.062  16.762 0.0000000000
8636  40.914  -76.448  15.319 0.0000000000
8637  39.968  -76.702  15.128 0.0000000000
8641  27.849  -75.949  15.532 0.0000000000
8653  40.628  -76.530  14.247 0.0000000000
8654  39.717  -76.993  14.056 0.0000000000
8658  28.279  -77.108  15.344 0.0000000000
8659  27.708  -76.481  14.967 0.0000000000
8660  26.612  -76.510  14.414 0.0000000000
8661  25.575  -76.614  13.969 0.0000000000
8669  42.377  -75.428  14.310 0.0000000000
8670  41.949  -75.703  14.114 0.0000000000
8671  41.139  -76.114  13.723 0.0000000000
8672  39.949  -76.627  13.307 0.0000000000
8674  33.543  -76.221  13.441 0.0000000000
8675  32.711  -75.696  12.914 0.0000000000
8676  25.010  -76.623  13.016 0.0000000000
8677  24.719  -77.132  12.775 0.0000000000
8688  39.037  -76.712  12.512 0.0000000000
8689  38.057  -76.286  12.303 0.0000000000
8690  37.515  -76.149  12.091 0.0000000000
8691  33.186  -76.879  12.426 0.0000000000
8692  32.342  -76.234  12.068 0.0000000000
8693  31.587  -75.809  11.592 0.0000000000
8694  25.097  -76.548  12.245 0.0000000000
8695  24.794  -76.982  12.374 0.0000000000
8706  38.811  -77.250  12.120 0.0000000000
8707  38.406  -77.031  11.995 0.0000000000
8708  37.623  -76.714  11.820 0.0000000000
8709  36.801  -76.599  11.461 0.0000000000
8710  36.177  -76.226  11.277 0.0000000000
8711  32.144  -76.632  11.247 0.0000000000
8712  31.417  -76.228  11.002 0.0000000000
8713  30.543  -76.149  10.611 0.0000000000
8714  25.942  -76.056  11.315 0.0000000000
8715  25.461  -76.563  11.550 0.0000000000
8716  24.963  -76.857  11.941 0.0000000000
8729  36.329  -76.736  11.121 0.0000000000
8730  35.716  -76.610  10.848 0.0000000000
8731  34.863  -76.693  10.357 0.0000000000
8732  30.869  -76.577  10.306 0.0000000000
8733  30.186  -76.586  10.175 0.0000000000
8734  29.417  -76.568  10.135 0.0000000000
8735  28.529  -76.545  10.194 0.0000000000
8736  27.538  -76.554  10.432 0.0000000000
8737  26.405  -76.445  10.888 0.0000000000
8738  25.782  -76.977  11.037 0.0000000000
8750  34.380  -76.800  9.800 0.0000000000
8751  33.918  -76.750  9.314 0.0000000000
8758  33.576  -76.419  8.543 0.0000000000
8765  33.468  -76.697  7.283 0.0000000000
8779  33.496  -76.421  6.097 0.0000000000
8780  29.327  -76.936  6.282 0.0000000000
8781  28.572  -76.881  6.271 0.0000000000
8782  28.065  -76.901  6.195 0.0000000000
8796  33.142  -76.536  5.349 0.0000000000
8797  32.466  -76.636  5.180 0.0000000000
8798  31.352  -76.442  5.569 0.0000000000
8799  30.122  -76.397  6.063 0.0000000000
8800  28.952  -76.067  6.117 0.0000000000
8801  27.946  -76.304  5.573 0.0000000000
8802  27.353  -76.653  5.101 0.0000000000
8817  33.204  -76.934  5.065 0.0000000000
8818  33.014  -76.961  4.888 0.0000000000
8819  27.880  -75.966  4.696 0.0000000000
8820  27.558  -76.387  4.584 0.0000000000
8831  27.984  -76.022  3.916 0.0000000000
8832  27.588  -76.653  3.664 0.0000000000
8842  29.112  -76.284  2.090 0.0000000000
8843  28.470  -76.507  2.617 0.0000000000
8844  27.710  -76.975  3.041 0.0000000000
8853  29.969  -76.255  0.824 0.0000000000
8854  29.462  -76.517  1.331 0.0000000000
8855  28.752  -77.214  1.636 0.0000000000
8864  30.142  -76.524  0.296 0.0000000000
8865  29.637  -77.220  0.406 0.0000000000
8871  34.314  -75.991  -0.584 0.0000000000
8874  30.586  -76.525  -0.889 0.0000000000
8883  34.080  -76.062  -0.935 0.0000000000
9235  35.027  -75.700  28.966 0.0000000000
9236  34.107  -75.786  28.635 0.0000000000
9237  33.482  -76.383  28.654 0.0000000000
9246  33.569  -75.169  28.146 0.0000000000
9247  32.861  -75.697  28.173 0.0000000000
9248  31.737  -75.620  27.458 0.0000000000
9249  31.118  -76.297  27.128 0.0000000000
9259  31.380  -74.974  26.969 0.0000000000
9260  30.740  -75.541  26.620 0.0000000000
9273  29.961  -75.477  25.811 0.0000000000
9274  29.500  -75.488  25.151 0.0000000000
9291  29.147  -75.608  24.468 0.0000000000
9292  28.750  -75.077  24.328 0.0000000000
9303  37.507  -75.466  23.654 0.0000000000
9304  36.612  -75.323  23.386 0.0000000000
9305  36.018  -75.328  23.111 0.0000000000
9306  28.799  -75.620  23.969 0.0000000000
9307  28.472  -75.078  23.775 0.0000000000
9318  35.627  -75.416  22.627 0.0000000000
9319  34.826  -75.043  22.218 0.0000000000
9320  28.179  -75.274  23.100 0.0000000000
9321  27.752  -75.339  22.456 0.0000000000
9335  27.221  -75.289  21.702 0.0000000000
9336  26.601  -74.925  21.103 0.0000000000
9353  26.848  -75.677  20.919 0.0000000000
9354  26.445  -75.097  20.171 0.0000000000
9364  26.364  -75.334  19.106 0.0000000000
9375  27.014  -75.816  17.627 0.0000000000
9376  26.590  -75.506  18.090 0.0000000000
9393  27.189  -75.485  17.067 0.0000000000
9394  26.841  -75.432  17.522 0.0000000000
9405  27.982  -76.154  16.323 0.0000000000
9406  27.603  -75.622  16.394 0.0000000000
9418  27.973  -75.903  15.947 0.0000000000
9419  27.626  -75.345  15.832 0.0000000000
9436  27.483  -75.382  15.147 0.0000000000
9437  26.885  -75.445  14.454 0.0000000000
9438  26.094  -75.776  14.116 0.0000000000
9448  42.749  -75.124  14.376 0.0000000000
9449  42.230  -75.212  13.966 0.0000000000
9450  41.507  -75.379  13.662 0.0000000000
9451  40.414  -75.561  13.400 0.0000000000
9452  39.411  -75.185  13.254 0.0000000000
9455  26.244  -75.126  13.894 0.0000000000
9456  25.695  -75.525  13.357 0.0000000000
9467  39.471  -75.960  13.124 0.0000000000
9468  38.497  -75.399  12.868 0.0000000000
9469  37.270  -75.427  12.309 0.0000000000
9470  36.588  -75.054  12.046 0.0000000000
9471  32.167  -75.080  12.728 0.0000000000
9472  31.334  -75.205  11.925 0.0000000000
9473  30.638  -74.827  11.767 0.0000000000
9474  25.895  -75.153  11.967 0.0000000000
9475  25.442  -75.844  12.363 0.0000000000
9487  37.128  -76.092  11.873 0.0000000000
9488  36.420  -75.553  11.698 0.0000000000
9489  35.634  -75.641  11.220 0.0000000000
9490  31.154  -75.650  11.426 0.0000000000
9491  30.258  -75.382  11.168 0.0000000000
9492  28.869  -75.072  10.839 0.0000000000
9493  27.819  -75.037  10.897 0.0000000000
9494  26.974  -75.137  11.103 0.0000000000
9495  26.302  -75.540  11.352 0.0000000000
9496  25.742  -75.785  11.657 0.0000000000
9507  34.920  -75.782  10.805 0.0000000000
9508  34.195  -75.792  10.149 0.0000000000
9509  33.864  -75.293  9.895 0.0000000000
9510  29.933  -76.078  10.470 0.0000000000
9511  29.219  -75.840  10.443 0.0000000000
9512  28.203  -75.776  10.538 0.0000000000
9513  27.260  -75.750  10.752 0.0000000000
9514  26.723  -75.700  10.995 0.0000000000
9521  33.985  -76.256  9.699 0.0000000000
9522  33.680  -75.663  9.390 0.0000000000
9528  33.508  -75.536  8.660 0.0000000000
9541  33.476  -75.502  7.937 0.0000000000
9557  40.054  -75.340  6.025 0.0000000000
9558  39.373  -75.239  5.612 0.0000000000
9559  33.465  -75.426  6.868 0.0000000000
9576  39.648  -75.374  5.129 0.0000000000
9577  38.842  -75.316  4.949 0.0000000000
9578  33.265  -75.387  6.026 0.0000000000
9579  32.724  -75.422  5.640 0.0000000000
9580  31.825  -75.356  5.569 0.0000000000
9581  30.718  -75.274  5.745 0.0000000000
9582  29.532  -75.085  5.660 0.0000000000
9583  28.696  -75.545  5.485 0.0000000000
9599  38.353  -75.109  4.089 0.0000000000
9600  37.886  -74.790  3.932 0.0000000000
9601  28.870  -75.044  5.076 0.0000000000
9602  28.394  -75.497  4.635 0.0000000000
9614  37.605  -74.788  3.260 0.0000000000
9615  36.884  -74.260  2.996 0.0000000000
9616  29.072  -75.189  3.110 0.0000000000
9617  28.529  -75.591  3.500 0.0000000000
9627  36.941  -74.707  2.406 0.0000000000
9628  30.035  -75.312  1.836 0.0000000000
9629  29.319  -75.783  2.264 0.0000000000
9630  28.811  -75.731  2.852 0.0000000000
9640  35.693  -75.073  1.159 0.0000000000
9641  35.122  -74.897  1.096 0.0000000000
9642  31.029  -75.523  0.446 0.0000000000
9643  30.310  -75.732  0.919 0.0000000000
9644  29.750  -75.803  1.557 0.0000000000
9659  34.854  -75.468  0.513 0.0000000000
9660  33.793  -75.505  0.210 0.0000000000
9661  32.824  -75.467  -0.007 0.0000000000
9662  31.726  -75.522  0.099 0.0000000000
9663  30.838  -75.956  -0.112 0.0000000000
9673  34.317  -75.843  -0.130 0.0000000000
9674  33.661  -75.822  -0.567 0.0000000000
9675  32.474  -75.783  -0.947 0.0000000000
9676  31.358  -75.981  -0.665 0.0000000000
9677  30.933  -76.178  -0.594 0.0000000000
10085  35.153  -74.905  28.533 0.0000000000
10086  34.667  -75.284  28.571 0.0000000000
10101  35.627  -73.823  28.144 0.0000000000
10102  35.158  -74.116  28.165 0.0000000000
10103  34.251  -74.632  28.162 0.0000000000
10104  33.059  -74.542  27.640 0.0000000000
10105  32.412  -75.062  27.578 0.0000000000
10119  32.598  -73.987  27.296 0.0000000000
10120  32.012  -74.421  27.164 0.0000000000
10121  31.102  -74.381  26.647 0.0000000000
10135  30.289  -74.489  26.107 0.0000000000
10136  29.655  -74.695  25.568 0.0000000000
10149  29.126  -74.587  24.903 0.0000000000
10150  28.529  -74.324  24.247 0.0000000000
10158  37.169  -74.562  23.256 0.0000000000
10159  36.288  -74.764  23.125 0.0000000000
10160  35.728  -74.884  22.910 0.0000000000
10161  28.005  -74.321  23.518 0.0000000000
10162  27.589  -74.028  22.973 0.0000000000
10173  35.181  -74.518  22.463 0.0000000000
10174  34.385  -74.411  21.950 0.0000000000
10175  33.808  -74.119  21.652 0.0000000000
10176  27.758  -74.672  22.896 0.0000000000
10177  27.348  -74.351  22.346 0.0000000000
10196  33.958  -74.537  21.457 0.0000000000
10197  33.235  -74.211  21.279 0.0000000000
10198  32.678  -74.025  20.815 0.0000000000
10199  26.799  -74.154  21.570 0.0000000000
10200  26.494  -74.225  20.774 0.0000000000
10217  32.609  -74.115  20.286 0.0000000000
10218  26.341  -74.138  20.137 0.0000000000
10225  32.854  -74.245  20.087 0.0000000000
10226  26.278  -74.339  19.398 0.0000000000
10240  26.354  -74.554  18.368 0.0000000000
10257  26.975  -75.052  16.968 0.0000000000
10258  26.708  -74.874  17.367 0.0000000000
10276  27.160  -74.748  16.550 0.0000000000
10277  26.767  -74.325  17.058 0.0000000000
10289  33.978  -73.972  15.065 0.0000000000
10290  27.429  -74.525  15.526 0.0000000000
10302  43.200  -74.498  14.471 0.0000000000
10305  32.819  -74.011  13.934 0.0000000000
10306  27.165  -74.503  14.713 0.0000000000
10307  26.617  -74.527  14.058 0.0000000000
10316  41.858  -74.679  13.808 0.0000000000
10317  40.982  -74.624  13.572 0.0000000000
10318  39.907  -74.491  13.442 0.0000000000
10319  38.717  -74.332  13.259 0.0000000000
10320  38.113  -73.646  13.165 0.0000000000
10323  31.772  -74.060  13.000 0.0000000000
10324  26.217  -74.587  13.259 0.0000000000
10325  25.826  -75.005  13.155 0.0000000000
10337  38.295  -74.704  13.040 0.0000000000
10338  37.693  -74.326  12.908 0.0000000000
10339  36.496  -74.354  12.224 0.0000000000
10340  35.915  -73.907  11.904 0.0000000000
10341  31.963  -74.479  12.921 0.0000000000
10342  31.535  -74.459  12.602 0.0000000000
10343  30.823  -74.333  12.205 0.0000000000
10344  26.232  -74.571  12.382 0.0000000000
10345  25.775  -75.042  12.767 0.0000000000
10358  36.271  -74.857  11.841 0.0000000000
10359  35.569  -74.526  11.466 0.0000000000
10360  34.904  -74.075  11.034 0.0000000000
10361  30.147  -74.359  11.732 0.0000000000
10362  29.331  -74.408  11.356 0.0000000000
10363  28.320  -74.334  11.247 0.0000000000
10364  27.384  -74.421  11.387 0.0000000000
10365  26.561  -74.652  11.681 0.0000000000
10375  35.134  -75.143  11.026 0.0000000000
10376  34.485  -74.655  10.542 0.0000000000
10377  34.024  -75.088  10.135 0.0000000000
10389  34.078  -74.337  10.066 0.0000000000
10390  33.846  -74.678  9.777 0.0000000000
10404  40.091  -74.235  7.649 0.0000000000
10405  39.303  -74.338  7.282 0.0000000000
10406  33.847  -74.000  8.693 0.0000000000
10407  33.606  -74.619  8.752 0.0000000000
10423  39.872  -74.915  6.850 0.0000000000
10424  38.961  -74.485  6.684 0.0000000000
10425  38.379  -74.265  6.319 0.0000000000
10426  33.932  -73.974  8.265 0.0000000000
10427  33.707  -74.383  7.578 0.0000000000
10442  39.433  -75.016  6.197 0.0000000000
10443  38.816  -74.791  5.797 0.0000000000
10444  38.252  -74.187  5.674 0.0000000000
10445  33.578  -74.216  6.603 0.0000000000
10463  38.435  -74.683  5.101 0.0000000000
10464  38.101  -74.062  5.053 0.0000000000
10465  33.068  -74.310  5.955 0.0000000000
10466  32.265  -74.296  5.677 0.0000000000
10467  31.272  -74.307  5.661 0.0000000000
10468  30.357  -74.329  5.575 0.0000000000
10469  29.782  -74.237  5.243 0.0000000000
10482  38.425  -74.988  4.652 0.0000000000
10483  38.063  -74.528  4.473 0.0000000000
10484  29.312  -74.545  4.644 0.0000000000
10485  28.840  -74.993  4.604 0.0000000000
10498  37.595  -74.281  3.883 0.0000000000
10499  37.179  -74.041  3.233 0.0000000000
10500  30.089  -74.356  2.977 0.0000000000
10501  29.517  -74.496  3.571 0.0000000000
10502  28.849  -74.961  4.002 0.0000000000
10513  36.590  -74.079  2.596 0.0000000000
10514  35.931  -73.995  2.141 0.0000000000
10515  32.031  -74.032  1.941 0.0000000000
10516  31.583  -74.230  1.981 0.0000000000
10517  30.586  -74.587  2.191 0.0000000000
10518  29.702  -74.875  2.607 0.0000000000
10531  36.233  -74.544  1.838 0.0000000000
10532  35.361  -74.302  1.621 0.0000000000
10533  34.507  -74.555  1.200 0.0000000000
10534  33.486  -74.394  1.187 0.0000000000
10535  32.357  -74.333  1.401 0.0000000000
10536  31.313  -74.973  1.021 0.0000000000
10537  30.555  -75.137  1.483 0.0000000000
10555  33.961  -74.988  0.716 0.0000000000
10556  33.102  -74.911  0.611 0.0000000000
10557  32.163  -75.006  0.544 0.0000000000
10558  31.732  -75.168  0.535 0.0000000000
11048  35.409  -73.425  27.849 0.0000000000
11049  34.597  -73.579  27.764 0.0000000000
11050  33.715  -73.708  27.625 0.0000000000
11066  33.016  -73.563  27.392 0.0000000000
11067  32.378  -73.421  27.043 0.0000000000
11068  31.594  -73.485  26.653 0.0000000000
11086  30.757  -73.465  26.212 0.0000000000
11087  29.762  -73.424  25.516 0.0000000000
11109  28.867  -73.418  24.695 0.0000000000
11110  28.249  -73.380  23.964 0.0000000000
11128  27.714  -73.355  23.303 0.0000000000
11129  27.364  -73.395  22.629 0.0000000000
11143  35.562  -73.548  22.377 0.0000000000
11144  34.696  -73.627  22.070 0.0000000000
11145  34.075  -73.822  21.852 0.0000000000
11146  27.051  -73.539  22.081 0.0000000000
11167  34.136  -73.294  21.813 0.0000000000
11168  33.542  -73.473  21.584 0.0000000000
11169  32.821  -73.469  21.110 0.0000000000
11170  26.779  -73.237  21.612 0.0000000000
11171  26.582  -73.459  21.058 0.0000000000
11181  32.309  -73.492  20.409 0.0000000000
11182  31.606  -73.253  19.746 0.0000000000
11183  30.917  -72.828  19.275 0.0000000000
11184  26.482  -73.552  20.470 0.0000000000
11195  31.541  -73.378  18.958 0.0000000000
11196  30.899  -72.813  18.720 0.0000000000
11197  26.420  -73.503  19.784 0.0000000000
11218  30.993  -72.664  18.334 0.0000000000
11219  26.469  -73.441  18.798 0.0000000000
11235  31.749  -72.709  17.911 0.0000000000
11236  27.092  -73.080  17.066 0.0000000000
11237  26.604  -73.827  17.609 0.0000000000
11254  27.371  -73.560  16.100 0.0000000000
11255  26.881  -73.885  16.819 0.0000000000
11264  34.176  -73.308  15.853 0.0000000000
11265  27.420  -73.585  14.996 0.0000000000
11278  42.113  -73.701  14.081 0.0000000000
11279  33.552  -73.330  14.993 0.0000000000
11280  32.958  -73.380  14.365 0.0000000000
11281  26.946  -73.681  14.106 0.0000000000
11282  26.591  -74.089  13.691 0.0000000000
11294  42.145  -74.166  14.054 0.0000000000
11295  41.497  -73.781  13.907 0.0000000000
11296  40.419  -73.608  13.681 0.0000000000
11297  39.393  -73.483  13.513 0.0000000000
11298  38.576  -73.242  13.291 0.0000000000
11299  38.085  -73.050  13.087 0.0000000000
11300  32.403  -73.432  13.816 0.0000000000
11301  31.819  -73.497  13.341 0.0000000000
11302  27.184  -73.140  13.514 0.0000000000
11303  26.712  -73.698  13.298 0.0000000000
11316  37.657  -73.237  12.951 0.0000000000
11317  36.895  -73.323  12.642 0.0000000000
11318  36.127  -73.358  12.158 0.0000000000
11319  31.184  -73.535  12.768 0.0000000000
11320  30.263  -73.455  12.196 0.0000000000
11321  29.286  -73.057  12.062 0.0000000000
11322  28.297  -72.966  12.134 0.0000000000
11323  27.318  -73.211  12.599 0.0000000000
11324  26.591  -73.966  12.571 0.0000000000
11335  35.602  -73.408  11.627 0.0000000000
11336  35.153  -73.703  11.214 0.0000000000
11337  29.582  -73.745  11.720 0.0000000000
11338  28.768  -73.641  11.627 0.0000000000
11339  27.797  -73.652  11.710 0.0000000000
11340  26.965  -73.930  11.924 0.0000000000
11341  26.568  -74.247  12.111 0.0000000000
11348  35.193  -73.118  11.127 0.0000000000
11349  34.759  -73.477  10.623 0.0000000000
11359  42.340  -73.353  8.805 0.0000000000
11360  41.381  -73.291  8.841 0.0000000000
11361  40.433  -73.128  8.841 0.0000000000
11362  39.814  -73.036  8.818 0.0000000000
11363  34.842  -73.077  9.283 0.0000000000
11364  34.180  -73.817  9.753 0.0000000000
11365  33.814  -74.243  9.340 0.0000000000
11378  41.750  -74.024  8.348 0.0000000000
11379  40.793  -73.809  8.320 0.0000000000
11380  39.853  -73.507  8.380 0.0000000000
11381  38.809  -73.817  7.958 0.0000000000
11382  37.498  -73.449  8.047 0.0000000000
11383  36.393  -73.258  8.224 0.0000000000
11384  35.312  -73.191  8.476 0.0000000000
11385  34.321  -73.624  8.740 0.0000000000
11386  33.850  -73.986  9.058 0.0000000000
11398  38.755  -74.188  7.277 0.0000000000
11399  38.006  -73.957  7.117 0.0000000000
11400  36.867  -73.416  7.458 0.0000000000
11401  35.791  -73.307  7.624 0.0000000000
11402  34.574  -73.530  7.677 0.0000000000
11403  34.004  -73.777  7.130 0.0000000000
11416  37.863  -73.779  6.242 0.0000000000
11417  37.217  -73.430  6.682 0.0000000000
11418  36.318  -73.104  6.867 0.0000000000
11419  35.313  -72.977  6.901 0.0000000000
11420  34.310  -73.245  6.664 0.0000000000
11431  37.768  -73.621  5.510 0.0000000000
11432  33.564  -73.338  6.113 0.0000000000
11433  32.755  -73.336  5.715 0.0000000000
11434  31.797  -73.380  5.418 0.0000000000
11435  30.872  -73.650  5.346 0.0000000000
11436  30.219  -73.805  5.193 0.0000000000
11446  37.549  -73.580  4.602 0.0000000000
11447  36.950  -73.062  4.099 0.0000000000
11448  31.307  -73.122  4.837 0.0000000000
11449  30.586  -73.481  4.606 0.0000000000
11450  29.899  -73.908  4.611 0.0000000000
11469  37.202  -73.611  3.803 0.0000000000
11470  36.449  -73.220  3.338 0.0000000000
11471  35.764  -73.171  2.864 0.0000000000
11472  32.186  -72.904  3.426 0.0000000000
11473  31.342  -73.172  3.756 0.0000000000
11474  30.267  -73.847  3.647 0.0000000000
11475  29.706  -74.144  4.125 0.0000000000
11496  36.038  -73.567  2.599 0.0000000000
11497  35.296  -73.556  2.298 0.0000000000
11498  34.355  -73.341  2.284 0.0000000000
11499  33.380  -73.309  2.334 0.0000000000
11500  32.182  -73.546  2.457 0.0000000000
11501  31.005  -73.802  2.761 0.0000000000
11502  30.470  -74.122  2.894 0.0000000000
11523  35.163  -73.881  1.845 0.0000000000
11524  34.781  -73.862  1.752 0.0000000000
11525  33.927  -73.812  1.670 0.0000000000
11526  33.050  -73.794  1.725 0.0000000000
12069  33.970  -72.740  27.466 0.0000000000
12070  33.425  -73.148  27.437 0.0000000000
12086  33.614  -72.350  27.305 0.0000000000
12087  33.089  -72.599  27.221 0.0000000000
12088  32.043  -72.461  26.657 0.0000000000
12089  31.265  -72.745  26.348 0.0000000000
12101  31.377  -72.028  26.260 0.0000000000
12102  30.638  -72.298  25.857 0.0000000000
12103  29.918  -72.140  25.310 0.0000000000
12116  29.321  -72.400  24.831 0.0000000000
12117  28.621  -72.422  24.217 0.0000000000
12128  28.001  -72.448  23.527 0.0000000000
12129  27.539  -72.551  22.845 0.0000000000
12141  35.231  -72.682  21.989 0.0000000000
12142  34.528  -72.893  21.843 0.0000000000
12143  27.124  -72.577  22.089 0.0000000000
12157  34.676  -72.250  21.717 0.0000000000
12158  33.934  -72.539  21.621 0.0000000000
12159  33.144  -72.660  21.259 0.0000000000
12160  32.560  -72.676  20.756 0.0000000000
12161  26.753  -72.553  21.058 0.0000000000
12162  26.568  -73.102  20.729 0.0000000000
12171  31.849  -72.547  20.289 0.0000000000
12172  31.105  -72.357  19.810 0.0000000000
12173  30.453  -72.185  19.460 0.0000000000
12174  26.990  -72.294  20.209 0.0000000000
12175  26.590  -72.928  20.309 0.0000000000
12185  30.096  -72.352  18.990 0.0000000000
12186  29.063  -71.912  19.053 0.0000000000
12187  28.115  -71.829  19.164 0.0000000000
12188  27.338  -72.195  19.491 0.0000000000
12189  26.692  -72.775  19.577 0.0000000000
12206  31.090  -72.512  17.997 0.0000000000
12207  30.473  -72.335  18.281 0.0000000000
12208  29.489  -71.967  18.382 0.0000000000
12209  28.449  -71.923  18.413 0.0000000000
12210  27.582  -72.304  18.615 0.0000000000
12211  26.900  -72.631  18.896 0.0000000000
12222  31.718  -72.367  17.527 0.0000000000
12223  30.792  -72.086  17.606 0.0000000000
12224  29.943  -71.809  17.678 0.0000000000
12225  28.871  -71.711  17.547 0.0000000000
12226  27.775  -72.231  17.570 0.0000000000
12227  26.951  -72.839  18.067 0.0000000000
12246  32.666  -71.962  16.554 0.0000000000
12247  31.720  -71.740  16.701 0.0000000000
12248  28.281  -71.839  16.767 0.0000000000
12249  27.661  -72.471  16.466 0.0000000000
12261  33.415  -72.519  15.670 0.0000000000
12262  32.610  -71.982  15.277 0.0000000000
12263  28.169  -71.907  15.905 0.0000000000
12264  27.667  -72.605  15.422 0.0000000000
12276  42.072  -72.917  14.073 0.0000000000
12277  33.048  -72.695  14.879 0.0000000000
12278  32.363  -72.537  14.344 0.0000000000
12279  31.747  -72.413  13.905 0.0000000000
12280  28.284  -71.837  14.844 0.0000000000
12281  27.495  -72.665  14.252 0.0000000000
12292  40.897  -72.548  13.875 0.0000000000
12293  39.830  -72.600  13.647 0.0000000000
12294  38.991  -72.558  13.410 0.0000000000
12295  38.247  -72.390  13.131 0.0000000000
12296  37.850  -72.751  12.971 0.0000000000
12297  31.942  -72.905  13.727 0.0000000000
12298  31.291  -72.682  13.321 0.0000000000
12299  30.391  -72.199  13.259 0.0000000000
12300  29.414  -71.898  13.284 0.0000000000
12301  28.313  -72.077  13.585 0.0000000000
12302  27.593  -72.635  13.326 0.0000000000
12314  37.976  -71.891  12.896 0.0000000000
12315  37.447  -72.360  12.741 0.0000000000
12316  36.386  -72.366  12.149 0.0000000000
12317  35.871  -72.866  11.901 0.0000000000
12318  31.111  -72.989  12.889 0.0000000000
12319  30.727  -72.851  12.763 0.0000000000
12320  29.847  -72.564  12.622 0.0000000000
12321  28.843  -72.417  12.681 0.0000000000
12322  27.999  -72.524  12.794 0.0000000000
12334  36.150  -71.980  11.580 0.0000000000
12335  35.692  -72.467  11.365 0.0000000000
12347  35.150  -72.713  10.554 0.0000000000
12348  34.855  -73.031  10.420 0.0000000000
12361  41.951  -72.688  9.332 0.0000000000
12362  40.917  -72.600  9.382 0.0000000000
12363  39.814  -72.453  9.252 0.0000000000
12364  38.660  -72.260  9.324 0.0000000000
12365  37.554  -72.216  9.364 0.0000000000
12366  36.513  -72.204  9.415 0.0000000000
12367  35.504  -72.346  9.698 0.0000000000
12368  34.758  -72.982  10.068 0.0000000000
12377  39.177  -72.964  8.695 0.0000000000
12378  38.106  -72.910  8.673 0.0000000000
12379  36.998  -72.765  8.727 0.0000000000
12380  35.989  -72.691  8.869 0.0000000000
12381  35.388  -72.795  9.054 0.0000000000
12402  37.417  -73.300  6.023 0.0000000000
12403  36.822  -72.884  6.136 0.0000000000
12404  35.921  -72.538  6.180 0.0000000000
12405  34.941  -72.522  6.120 0.0000000000
12406  34.170  -72.734  5.969 0.0000000000
12418  37.248  -73.014  5.404 0.0000000000
12419  36.490  -72.523  5.336 0.0000000000
12420  35.446  -72.161  5.223 0.0000000000
12421  34.558  -72.222  5.344 0.0000000000
12422  33.482  -72.559  5.473 0.0000000000
12423  32.477  -72.716  5.235 0.0000000000
12424  31.863  -72.824  4.988 0.0000000000
12441  36.973  -72.820  4.716 0.0000000000
12442  36.208  -72.512  4.221 0.0000000000
12443  35.118  -72.153  4.366 0.0000000000
12444  34.111  -72.157  4.578 0.0000000000
12445  33.043  -72.393  4.611 0.0000000000
12446  32.259  -72.623  4.564 0.0000000000
12447  31.727  -72.842  4.459 0.0000000000
12470  36.110  -72.729  3.619 0.0000000000
12471  35.570  -72.677  3.413 0.0000000000
12472  34.510  -72.410  3.601 0.0000000000
12473  33.501  -72.420  3.754 0.0000000000
12474  32.623  -72.563  3.896 0.0000000000
12475  31.981  -72.714  4.010 0.0000000000
12500  35.374  -73.040  2.831 0.0000000000
12501  34.842  -72.889  2.840 0.0000000000
12502  33.908  -72.751  2.917 0.0000000000
12503  32.936  -72.824  3.088 0.0000000000
13086  34.607  -72.114  27.387 0.0000000000
13100  33.859  -71.752  27.156 0.0000000000
13101  32.786  -71.542  26.753 0.0000000000
13102  31.894  -71.402  26.356 0.0000000000
13116  31.191  -71.290  25.872 0.0000000000
13117  30.335  -71.053  25.235 0.0000000000
13118  29.648  -71.573  24.888 0.0000000000
13134  29.610  -70.863  24.638 0.0000000000
13135  29.039  -71.415  24.344 0.0000000000
13136  28.412  -71.533  23.690 0.0000000000
13154  27.781  -71.552  22.845 0.0000000000
13155  27.450  -72.065  22.504 0.0000000000
13174  27.662  -71.253  22.324 0.0000000000
13175  27.440  -71.645  22.163 0.0000000000
13191  35.340  -71.557  21.740 0.0000000000
13192  34.313  -71.537  21.476 0.0000000000
13193  33.413  -71.684  21.133 0.0000000000
13194  32.883  -72.062  20.899 0.0000000000
13195  27.193  -71.862  21.543 0.0000000000
13209  32.905  -71.559  20.796 0.0000000000
13210  32.361  -71.692  20.544 0.0000000000
13211  31.454  -71.538  20.134 0.0000000000
13212  30.557  -71.465  19.797 0.0000000000
13213  28.545  -71.107  20.015 0.0000000000
13214  28.191  -71.150  20.169 0.0000000000
13215  27.446  -71.534  20.698 0.0000000000
13229  29.663  -71.603  19.520 0.0000000000
13230  28.673  -71.344  19.710 0.0000000000
13231  27.794  -71.582  19.846 0.0000000000
13232  27.383  -71.893  20.064 0.0000000000
13255  31.144  -71.788  17.071 0.0000000000
13256  30.411  -71.604  17.010 0.0000000000
13257  29.544  -71.531  16.941 0.0000000000
13258  28.877  -71.559  16.772 0.0000000000
13275  31.938  -71.535  15.882 0.0000000000
13276  30.997  -71.452  16.264 0.0000000000
13277  30.009  -71.266  16.288 0.0000000000
13278  29.196  -71.352  16.266 0.0000000000
13279  28.625  -71.579  16.276 0.0000000000
13291  31.970  -71.653  15.102 0.0000000000
13292  31.288  -71.442  15.279 0.0000000000
13293  30.392  -71.216  15.461 0.0000000000
13294  29.514  -71.206  15.572 0.0000000000
13295  28.755  -71.453  15.643 0.0000000000
13307  41.596  -71.736  14.032 0.0000000000
13308  32.187  -71.936  14.749 0.0000000000
13309  31.625  -71.848  14.399 0.0000000000
13310  30.697  -71.449  14.585 0.0000000000
13311  29.794  -71.247  14.758 0.0000000000
13312  29.043  -71.329  14.983 0.0000000000
13320  40.868  -71.468  13.714 0.0000000000
13321  40.138  -71.740  13.580 0.0000000000
13322  39.282  -71.694  13.340 0.0000000000
13323  38.733  -71.989  13.292 0.0000000000
13324  31.415  -72.189  13.846 0.0000000000
13325  30.942  -71.906  13.834 0.0000000000
13326  30.062  -71.569  13.924 0.0000000000
13327  29.105  -71.505  14.179 0.0000000000
13334  39.069  -71.324  13.079 0.0000000000
13335  38.596  -71.472  12.919 0.0000000000
13336  37.818  -71.554  12.491 0.0000000000
13337  37.111  -71.701  12.225 0.0000000000
13347  38.348  -70.961  12.197 0.0000000000
13348  37.644  -71.255  11.743 0.0000000000
13349  36.697  -71.617  11.505 0.0000000000
13350  36.085  -71.820  11.132 0.0000000000
13363  43.068  -71.589  10.217 0.0000000000
13364  42.090  -71.408  10.267 0.0000000000
13365  41.062  -71.226  10.395 0.0000000000
13366  39.976  -71.029  10.612 0.0000000000
13367  38.703  -70.885  11.138 0.0000000000
13368  37.417  -71.383  10.845 0.0000000000
13369  36.491  -71.648  10.642 0.0000000000
13370  35.751  -71.981  10.476 0.0000000000
13379  42.505  -72.074  9.762 0.0000000000
13380  41.497  -71.967  9.830 0.0000000000
13381  40.418  -71.777  9.885 0.0000000000
13382  39.261  -71.580  9.997 0.0000000000
13383  38.085  -71.629  10.112 0.0000000000
13384  37.000  -71.676  10.014 0.0000000000
13385  36.115  -71.805  9.989 0.0000000000
13386  35.752  -71.957  10.026 0.0000000000
13431  34.942  -72.011  5.114 0.0000000000
13432  34.707  -72.069  5.139 0.0000000000
13454  35.085  -72.004  4.885 0.0000000000
13455  34.748  -72.018  4.898 0.0000000000
14096  33.510  -70.632  26.698 0.0000000000
14098  31.673  -70.678  26.061 0.0000000000
14116  31.149  -70.249  25.572 0.0000000000
14117  30.521  -69.986  25.081 0.0000000000
14130  29.935  -70.020  24.584 0.0000000000
14131  29.162  -70.310  23.951 0.0000000000
14132  28.722  -70.921  23.842 0.0000000000
14149  28.866  -69.993  23.404 0.0000000000
14150  28.446  -70.528  23.191 0.0000000000
14168  27.888  -70.718  22.158 0.0000000000
14169  27.609  -71.179  22.074 0.0000000000
14189  33.800  -70.637  21.095 0.0000000000
14190  27.876  -70.702  21.385 0.0000000000
14191  27.567  -71.208  21.597 0.0000000000
14203  46.166  -69.889  21.477 0.0000000000
14210  32.899  -70.795  20.662 0.0000000000
14211  31.918  -70.613  20.333 0.0000000000
14212  30.885  -70.485  20.130 0.0000000000
14213  29.754  -70.638  20.027 0.0000000000
14214  28.765  -70.807  20.155 0.0000000000
14215  28.069  -70.733  20.744 0.0000000000
14216  27.680  -70.989  21.097 0.0000000000
14231  29.140  -71.084  19.829 0.0000000000
14232  28.860  -71.077  19.891 0.0000000000
14264  46.300  -70.504  16.287 0.0000000000
14298  42.006  -71.224  14.104 0.0000000000
14308  41.570  -70.609  13.488 0.0000000000
14309  40.328  -71.037  13.315 0.0000000000
14310  39.766  -71.309  13.292 0.0000000000
14317  42.010  -69.994  12.042 0.0000000000
14318  41.263  -70.185  12.444 0.0000000000
14319  40.434  -70.560  12.717 0.0000000000
14320  39.401  -70.958  12.882 0.0000000000
14321  38.815  -70.963  12.540 0.0000000000
14331  42.257  -70.375  11.332 0.0000000000
14332  41.389  -70.302  11.591 0.0000000000
14333  40.514  -70.345  11.899 0.0000000000
14334  39.707  -70.539  12.136 0.0000000000
14335  38.999  -70.687  12.108 0.0000000000
14344  42.652  -70.913  10.705 0.0000000000
14345  41.690  -70.731  10.834 0.0000000000
14346  40.720  -70.619  11.083 0.0000000000
14347  39.800  -70.617  11.417 0.0000000000
14348  39.285  -70.629  11.695 0.0000000000
14370  42.114  -70.112  7.875 0.0000000000
14371  41.668  -70.223  7.784 0.0000000000
14390  42.391  -70.353  7.363 0.0000000000
14391  41.215  -70.444  7.172 0.0000000000
14392  40.496  -70.384  6.924 0.0000000000
14411  41.888  -70.523  6.251 0.0000000000
14412  40.839  -70.373  6.271 0.0000000000
14413  40.177  -70.252  6.547 0.0000000000
14431  41.829  -70.399  5.327 0.0000000000
14432  41.323  -70.354  5.676 0.0000000000
15085  31.501  -69.328  25.726 0.0000000000
15086  30.818  -69.294  25.273 0.0000000000
15087  30.339  -69.279  24.677 0.0000000000
15100  29.988  -69.296  24.339 0.0000000000
15101  29.637  -69.402  23.983 0.0000000000
15118  29.192  -69.477  23.368 0.0000000000
15119  28.759  -69.759  23.003 0.0000000000
15136  29.062  -69.248  22.603 0.0000000000
15137  28.529  -69.820  22.318 0.0000000000
15156  29.867  -68.946  21.093 0.0000000000
15157  29.333  -69.172  21.523 0.0000000000
15158  28.415  -70.129  21.328 0.0000000000
15173  46.328  -69.349  21.381 0.0000000000
15179  33.229  -69.695  20.749 0.0000000000
15180  32.372  -69.680  20.505 0.0000000000
15181  31.392  -69.512  20.388 0.0000000000
15182  30.197  -69.323  20.608 0.0000000000
15183  29.114  -69.963  20.605 0.0000000000
15184  28.569  -70.364  20.678 0.0000000000
15235  47.175  -69.432  15.764 0.0000000000
15236  46.703  -69.742  16.178 0.0000000000
15294  41.924  -69.938  12.762 0.0000000000
15327  43.072  -69.136  9.006 0.0000000000
15328  42.265  -69.367  9.081 0.0000000000
15329  41.261  -69.529  9.071 0.0000000000
15353  42.782  -69.581  8.464 0.0000000000
15354  41.899  -69.841  8.340 0.0000000000
15355  40.735  -70.124  8.090 0.0000000000
15375  43.162  -69.867  7.885 0.0000000000
15376  42.483  -69.962  7.988 0.0000000000
15377  40.545  -70.335  7.363 0.0000000000
15391  40.165  -70.108  5.989 0.0000000000
15404  41.343  -70.225  5.223 0.0000000000
15405  40.709  -70.022  5.387 0.0000000000
15406  39.553  -69.572  5.497 0.0000000000
15407  38.417  -69.320  5.890 0.0000000000
15422  41.493  -69.939  4.609 0.0000000000
15423  40.291  -69.414  4.548 0.0000000000
15424  39.653  -69.297  4.818 0.0000000000
15436  41.001  -69.211  3.853 0.0000000000
15437  40.411  -69.092  3.979 0.0000000000
16092  30.066  -68.525  24.015 0.0000000000
16093  29.580  -68.882  23.483 0.0000000000
16111  29.759  -68.270  22.965 0.0000000000
16112  29.376  -68.874  22.969 0.0000000000
16129  29.902  -68.181  22.081 0.0000000000
16130  29.473  -68.672  22.325 0.0000000000
16147  33.180  -68.512  20.952 0.0000000000
16148  32.426  -67.979  20.872 0.0000000000
16149  30.731  -68.252  20.954 0.0000000000
16150  30.136  -68.464  21.307 0.0000000000
16151  29.671  -68.570  21.790 0.0000000000
16166  46.819  -68.313  20.987 0.0000000000
16172  32.720  -69.065  20.615 0.0000000000
16173  31.968  -68.489  20.587 0.0000000000
16174  30.992  -68.673  20.610 0.0000000000
16175  30.515  -68.648  20.837 0.0000000000
16228  47.314  -68.717  15.672 0.0000000000
16229  47.018  -68.894  16.012 0.0000000000
16230  46.498  -69.188  16.218 0.0000000000
16247  46.792  -68.675  16.075 0.0000000000
16283  39.710  -68.093  11.294 0.0000000000
16297  43.130  -68.309  10.101 0.0000000000
16298  42.232  -68.438  10.283 0.0000000000
16300  40.357  -68.450  10.726 0.0000000000
16301  39.277  -68.659  10.701 0.0000000000
16312  45.962  -68.492  9.431 0.0000000000
16313  45.356  -68.371  9.208 0.0000000000
16314  44.678  -68.394  9.144 0.0000000000
16315  43.779  -68.531  9.340 0.0000000000
16316  42.712  -68.796  9.594 0.0000000000
16317  41.753  -68.960  9.738 0.0000000000
16359  39.344  -69.228  4.920 0.0000000000
16360  38.744  -69.079  5.048 0.0000000000
16361  37.571  -68.812  5.531 0.0000000000
16362  36.274  -68.093  5.441 0.0000000000
16374  40.096  -69.043  4.070 0.0000000000
16375  39.470  -68.922  4.338 0.0000000000
16376  38.247  -68.380  4.230 0.0000000000
16377  37.025  -68.094  4.599 0.0000000000
16378  36.526  -67.731  4.804 0.0000000000
16388  41.546  -68.480  3.056 0.0000000000
16389  40.277  -68.597  3.553 0.0000000000
16390  39.176  -68.226  3.585 0.0000000000
16391  38.593  -67.972  3.608 0.0000000000
16404  41.878  -67.856  2.512 0.0000000000
17120  30.206  -67.759  23.298 0.0000000000
17140  30.375  -67.593  22.411 0.0000000000
17157  31.830  -67.573  21.070 0.0000000000
17158  30.910  -67.605  21.462 0.0000000000
17159  30.302  -67.907  21.787 0.0000000000
17172  47.160  -67.394  20.915 0.0000000000
17179  31.461  -67.878  20.904 0.0000000000
17180  31.197  -68.120  20.825 0.0000000000
17235  47.450  -68.271  15.603 0.0000000000
17236  47.232  -68.473  15.801 0.0000000000
17249  47.738  -67.653  15.390 0.0000000000
17250  47.144  -67.997  15.886 0.0000000000
17279  40.183  -66.699  12.246 0.0000000000
17280  39.613  -66.886  12.218 0.0000000000
17293  43.802  -67.289  10.929 0.0000000000
17294  43.287  -67.352  11.097 0.0000000000
17295  42.185  -67.425  11.397 0.0000000000
17296  40.700  -67.392  11.680 0.0000000000
17297  39.342  -67.538  11.766 0.0000000000
17311  46.006  -67.342  10.125 0.0000000000
17312  45.177  -67.463  10.133 0.0000000000
17313  44.039  -67.645  10.383 0.0000000000
17314  42.768  -67.885  10.725 0.0000000000
17315  41.701  -67.995  10.953 0.0000000000
17316  41.013  -68.116  10.979 0.0000000000
17326  46.260  -67.872  9.867 0.0000000000
17327  45.690  -67.846  9.624 0.0000000000
17328  44.913  -67.906  9.604 0.0000000000
17329  44.386  -68.127  9.604 0.0000000000
17357  36.276  -67.508  4.927 0.0000000000
17358  35.755  -67.003  5.183 0.0000000000
17365  38.190  -67.768  3.584 0.0000000000
17366  37.475  -67.678  3.844 0.0000000000
17367  36.587  -67.136  4.281 0.0000000000
17368  36.112  -66.398  4.553 0.0000000000
17379  41.384  -67.755  2.552 0.0000000000
17380  40.715  -67.876  2.773 0.0000000000
17381  39.763  -67.832  2.898 0.0000000000
17382  38.737  -67.564  2.945 0.0000000000
17383  37.888  -67.264  3.220 0.0000000000
17384  37.242  -67.018  3.500 0.0000000000
17403  41.624  -67.325  2.113 0.0000000000
17404  40.977  -67.284  2.309 0.0000000000
17405  40.236  -67.265  2.384 0.0000000000
17406  39.490  -67.215  2.443 0.0000000000
18230  47.632  -66.887  15.450 0.0000000000
18257  43.266  -66.331  12.017 0.0000000000
18258  42.377  -66.212  12.193 0.0000000000
18259  41.492  -66.140  12.329 0.0000000000
18260  40.637  -66.274  12.372 0.0000000000
18261  39.771  -66.136  12.445 0.0000000000
18262  38.928  -66.267  12.435 0.0000000000
18272  46.420  -66.412  11.283 0.0000000000
18273  45.695  -66.451  11.045 0.0000000000
18274  44.989  -66.708  11.002 0.0000000000
18275  44.058  -66.842  11.289 0.0000000000
18276  42.832  -66.863  11.699 0.0000000000
18277  41.789  -66.806  11.938 0.0000000000
18278  41.156  -66.690  12.150 0.0000000000
18291  46.239  -66.843  10.659 0.0000000000
18292  45.511  -66.968  10.564 0.0000000000
18293  44.695  -67.146  10.688 0.0000000000
18294  44.276  -67.222  10.791 0.0000000000
18367  35.752  -65.923  4.882 0.0000000000
18379  36.482  -66.036  4.070 0.0000000000
18380  36.147  -65.777  4.459 0.0000000000
18394  38.239  -66.890  2.689 0.0000000000
18395  37.640  -66.454  2.959 0.0000000000
18396  36.979  -66.302  3.544 0.0000000000
18419  41.171  -66.846  1.939 0.0000000000
18420  40.584  -66.769  1.988 0.0000000000
18421  39.845  -66.591  1.964 0.0000000000
18422  38.934  -66.647  2.261 0.0000000000
18423  38.262  -66.260  2.435 0.0000000000
18437  41.660  -66.636  1.584 0.0000000000
18438  40.874  -66.310  1.630 0.0000000000
18439  40.327  -66.341  1.701 0.0000000000
19280  48.006  -66.118  15.231 0.0000000000
19296  48.295  -65.823  14.909 0.0000000000
19303  47.929  -65.577  13.783 0.0000000000
19304  47.240  -65.271  13.286 0.0000000000
19305  46.610  -65.180  13.093 0.0000000000
19307  47.522  -65.891  12.941 0.0000000000
19308  46.999  -65.569  12.592 0.0000000000
19309  46.097  -65.448  12.533 0.0000000000
19310  45.129  -65.602  12.235 0.0000000000
19311  44.083  -65.915  12.135 0.0000000000
19312  42.934  -65.603  12.438 0.0000000000
19313  41.962  -65.431  12.528 0.0000000000
19314  41.047  -65.374  12.587 0.0000000000
19315  40.126  -65.341  12.643 0.0000000000
19316  39.199  -65.372  12.574 0.0000000000
19327  46.696  -65.934  11.915 0.0000000000
19328  45.865  -65.928  11.674 0.0000000000
19329  44.903  -66.269  11.588 0.0000000000
19330  44.354  -66.349  11.679 0.0000000000
19421  36.175  -64.747  4.622 0.0000000000
19422  35.695  -64.976  5.131 0.0000000000
19443  36.470  -65.135  4.210 0.0000000000
19444  36.051  -65.325  4.667 0.0000000000
19456  37.310  -65.696  3.065 0.0000000000
19457  36.878  -65.384  3.553 0.0000000000
19480  39.369  -66.156  1.813 0.0000000000
19481  38.746  -65.678  1.811 0.0000000000
19482  37.841  -65.607  2.467 0.0000000000
19501  42.079  -66.187  1.096 0.0000000000
19502  41.291  -65.798  1.168 0.0000000000
19503  39.977  -65.676  1.253 0.0000000000
19504  39.189  -65.216  1.354 0.0000000000
19516  41.628  -65.584  0.368 0.0000000000
19517  40.758  -65.176  0.606 0.0000000000
19518  40.208  -65.082  0.732 0.0000000000
20261  48.003  -64.468  20.621 0.0000000000
20322  48.224  -65.224  15.353 0.0000000000
20339  47.995  -64.664  14.339 0.0000000000
20345  47.416  -64.705  13.810 0.0000000000
20346  46.806  -64.678  13.492 0.0000000000
20347  45.895  -64.688  13.338 0.0000000000
20348  44.825  -64.376  13.194 0.0000000000
20349  43.868  -64.288  13.043 0.0000000000
20350  43.067  -64.261  13.046 0.0000000000
20352  45.286  -65.081  12.853 0.0000000000
20353  44.450  -65.073  12.747 0.0000000000
20354  43.477  -64.989  12.758 0.0000000000
20355  42.446  -64.680  12.825 0.0000000000
20356  41.512  -64.620  12.770 0.0000000000
20357  40.592  -64.483  12.754 0.0000000000
20358  39.610  -64.449  12.628 0.0000000000
20359  38.640  -64.583  12.366 0.0000000000
20360  37.888  -64.973  12.161 0.0000000000
20368  38.071  -64.377  11.930 0.0000000000
20440  36.060  -64.021  4.782 0.0000000000
20461  36.501  -64.194  4.237 0.0000000000
20479  37.383  -64.703  2.839 0.0000000000
20480  36.881  -64.417  3.640 0.0000000000
20495  38.732  -64.850  1.429 0.0000000000
20496  38.126  -64.731  1.988 0.0000000000
20515  39.909  -64.985  0.792 0.0000000000
20516  39.345  -64.647  0.904 0.0000000000
20530  40.945  -64.622  -0.194 0.0000000000
20531  40.078  -64.508  0.327 0.0000000000
20532  39.507  -64.119  0.449 0.0000000000
20544  40.922  -64.293  -0.666 0.0000000000
21283  48.337  -63.421  20.879 0.0000000000
21338  48.376  -62.940  15.924 0.0000000000
21339  48.235  -62.833  16.164 0.0000000000
21349  48.176  -63.769  15.424 0.0000000000
21364  48.123  -63.778  14.780 0.0000000000
21365  47.221  -63.815  14.254 0.0000000000
21366  46.167  -63.302  14.093 0.0000000000
21367  45.589  -63.007  13.998 0.0000000000
21373  47.006  -64.307  13.823 0.0000000000
21374  46.407  -64.077  13.829 0.0000000000
21375  45.299  -63.545  13.705 0.0000000000
21376  44.147  -63.530  13.360 0.0000000000
21377  43.196  -63.537  13.178 0.0000000000
21378  42.340  -63.742  13.047 0.0000000000
21379  41.781  -63.692  12.966 0.0000000000
21384  41.854  -64.084  12.923 0.0000000000
21385  41.217  -63.731  12.890 0.0000000000
21386  40.174  -63.540  12.661 0.0000000000
21387  39.154  -63.624  12.306 0.0000000000
21388  38.496  -63.922  12.025 0.0000000000
21393  38.728  -63.484  11.799 0.0000000000
21394  38.199  -63.825  11.287 0.0000000000
21412  38.945  -63.468  9.705 0.0000000000
21413  38.429  -63.563  10.102 0.0000000000
21430  40.052  -63.321  8.972 0.0000000000
21431  39.337  -63.373  9.179 0.0000000000
21448  40.951  -63.327  8.160 0.0000000000
21450  39.581  -63.155  8.261 0.0000000000
21451  39.027  -62.993  8.521 0.0000000000
21466  40.954  -63.285  7.841 0.0000000000
21467  40.441  -63.187  7.716 0.0000000000
21468  40.006  -63.083  7.701 0.0000000000
21489  36.072  -63.036  5.120 0.0000000000
21501  37.120  -62.939  3.756 0.0000000000
21502  36.630  -63.159  4.360 0.0000000000
21519  37.381  -63.447  3.200 0.0000000000
21520  36.884  -63.633  3.838 0.0000000000
21533  38.512  -63.867  1.260 0.0000000000
21534  37.825  -63.626  2.198 0.0000000000
21550  39.103  -63.788  0.600 0.0000000000
21561  40.752  -64.131  -0.601 0.0000000000
21562  40.313  -63.829  -0.432 0.0000000000
21563  39.605  -63.479  0.118 0.0000000000
21575  40.712  -63.763  -0.990 0.0000000000
21576  40.226  -63.318  -0.811 0.0000000000
22391  48.545  -62.436  15.599 0.0000000000
22406  48.254  -62.718  15.137 0.0000000000
22407  47.566  -62.846  14.769 0.0000000000
22408  46.638  -62.760  14.464 0.0000000000
22409  45.810  -62.568  14.172 0.0000000000
22412  45.112  -62.586  13.894 0.0000000000
22413  44.309  -62.675  13.585 0.0000000000
22414  43.398  -62.728  13.309 0.0000000000
22415  42.324  -62.705  13.117 0.0000000000
22416  41.723  -63.276  13.011 0.0000000000
22422  41.723  -62.098  12.883 0.0000000000
22423  41.039  -62.647  12.762 0.0000000000
22424  39.741  -62.682  12.093 0.0000000000
22425  39.069  -63.152  11.928 0.0000000000
22428  39.596  -62.437  10.909 0.0000000000
22429  38.853  -63.091  11.224 0.0000000000
22430  38.497  -63.453  10.777 0.0000000000
22445  39.876  -62.696  9.929 0.0000000000
22446  39.174  -63.268  10.074 0.0000000000
22447  38.704  -63.354  10.523 0.0000000000
22474  41.326  -62.678  8.779 0.0000000000
22475  40.715  -62.874  9.104 0.0000000000
22476  39.811  -63.174  9.402 0.0000000000
22504  43.350  -62.003  7.787 0.0000000000
22505  42.745  -62.327  7.810 0.0000000000
22506  41.593  -62.915  8.157 0.0000000000
22507  40.904  -63.231  8.399 0.0000000000
22508  39.401  -62.590  8.328 0.0000000000
22526  44.308  -61.883  7.035 0.0000000000
22527  43.674  -62.180  7.228 0.0000000000
22529  41.502  -62.789  7.058 0.0000000000
22530  40.505  -62.707  7.532 0.0000000000
22531  39.827  -62.706  7.832 0.0000000000
22540  45.068  -61.839  6.247 0.0000000000
22541  44.475  -61.955  6.499 0.0000000000
22543  42.703  -62.244  6.273 0.0000000000
22544  42.111  -62.230  6.491 0.0000000000
22553  45.033  -61.884  5.784 0.0000000000
22556  43.050  -62.042  5.858 0.0000000000
22566  37.019  -62.086  3.920 0.0000000000
22567  36.537  -62.065  4.683 0.0000000000
22582  37.474  -62.282  3.277 0.0000000000
22597  38.294  -62.570  1.561 0.0000000000
22598  37.790  -62.463  2.491 0.0000000000
22610  38.903  -62.746  0.566 0.0000000000
22623  39.807  -62.962  -0.540 0.0000000000
22624  39.450  -62.496  -0.084 0.0000000000
23485  48.728  -61.419  15.687 0.0000000000
23500  48.421  -61.610  15.195 0.0000000000
23501  47.786  -61.860  14.843 0.0000000000
23502  46.948  -61.999  14.646 0.0000000000
23503  46.128  -61.906  14.372 0.0000000000
23506  45.314  -61.831  13.957 0.0000000000
23507  44.485  -61.885  13.620 0.0000000000
23508  43.504  -61.760  13.313 0.0000000000
23509  42.900  -62.195  13.198 0.0000000000
23516  42.983  -61.160  13.041 0.0000000000
23517  42.369  -61.641  12.969 0.0000000000
23518  41.277  -61.604  12.398 0.0000000000
23519  40.555  -62.132  12.283 0.0000000000
23523  41.034  -61.275  11.305 0.0000000000
23524  40.345  -61.888  11.634 0.0000000000
23532  41.191  -61.375  10.197 0.0000000000
23533  40.443  -61.985  10.362 0.0000000000
23555  42.400  -61.626  8.755 0.0000000000
23556  41.657  -61.941  9.130 0.0000000000
23557  40.948  -62.019  9.655 0.0000000000
23579  44.589  -60.911  7.732 0.0000000000
23580  43.931  -61.474  7.747 0.0000000000
23581  42.998  -61.649  8.316 0.0000000000
23582  42.287  -62.175  8.428 0.0000000000
23604  46.424  -60.787  7.090 0.0000000000
23605  45.945  -61.148  7.012 0.0000000000
23606  44.915  -61.397  7.138 0.0000000000
23607  44.200  -61.788  7.275 0.0000000000
23608  41.150  -61.927  7.232 0.0000000000
23609  40.291  -61.786  7.871 0.0000000000
23610  39.740  -62.213  8.140 0.0000000000
23627  45.676  -61.619  6.249 0.0000000000
23628  45.036  -61.722  6.517 0.0000000000
23629  42.476  -61.686  6.146 0.0000000000
23630  41.816  -61.854  6.589 0.0000000000
23642  44.050  -61.372  4.975 0.0000000000
23643  43.159  -61.619  5.685 0.0000000000
23652  44.705  -61.062  4.170 0.0000000000
23653  44.351  -61.036  4.450 0.0000000000
23654  37.079  -60.925  4.277 0.0000000000
23655  36.459  -61.172  4.950 0.0000000000
23667  45.142  -61.076  3.694 0.0000000000
23669  37.606  -61.113  3.374 0.0000000000
23685  38.261  -61.319  1.960 0.0000000000
23686  37.815  -61.590  2.757 0.0000000000
23699  38.752  -61.486  0.921 0.0000000000
23714  39.478  -61.839  -0.692 0.0000000000
23715  39.285  -61.592  0.106 0.0000000000
24579  48.827  -60.689  15.822 0.0000000000
24596  48.700  -60.406  14.850 0.0000000000
24597  47.889  -60.830  14.599 0.0000000000
24598  46.977  -61.166  14.440 0.0000000000
24599  46.469  -61.486  14.380 0.0000000000
24606  48.627  -59.944  14.038 0.0000000000
24607  48.178  -60.170  13.906 0.0000000000
24608  46.932  -60.342  13.544 0.0000000000
24609  45.836  -60.986  13.903 0.0000000000
24610  44.677  -61.181  13.485 0.0000000000
24611  44.063  -61.352  13.343 0.0000000000
24621  46.250  -59.975  12.872 0.0000000000
24622  45.716  -60.253  13.049 0.0000000000
24623  44.816  -60.531  13.089 0.0000000000
24624  43.643  -60.672  12.829 0.0000000000
24625  42.510  -60.854  12.622 0.0000000000
24626  41.927  -61.134  12.574 0.0000000000
24635  43.309  -60.146  12.205 0.0000000000
24636  42.655  -60.285  11.861 0.0000000000
24637  41.738  -60.789  12.055 0.0000000000
24650  42.445  -60.208  10.613 0.0000000000
24651  41.681  -60.611  11.002 0.0000000000
24675  44.596  -60.020  8.530 0.0000000000
24676  43.953  -60.147  8.887 0.0000000000
24677  42.775  -60.662  9.292 0.0000000000
24678  41.805  -60.800  9.959 0.0000000000
24697  47.474  -59.785  8.025 0.0000000000
24698  46.653  -60.005  8.007 0.0000000000
24699  45.378  -60.260  8.074 0.0000000000
24700  44.292  -60.599  8.194 0.0000000000
24701  43.536  -60.883  8.432 0.0000000000
24720  46.183  -60.579  7.450 0.0000000000
24721  45.602  -60.849  7.377 0.0000000000
24759  43.504  -60.764  4.952 0.0000000000
24769  44.594  -60.742  3.754 0.0000000000
24770  44.213  -60.689  4.144 0.0000000000
24776  45.278  -60.853  3.011 0.0000000000
24777  44.853  -60.692  3.200 0.0000000000
24778  44.500  -60.541  3.536 0.0000000000
24790  44.995  -60.644  2.693 0.0000000000
24805  38.618  -60.334  1.103 0.0000000000
24821  39.392  -60.751  -0.483 0.0000000000
24822  39.111  -60.547  0.262 0.0000000000
25698  48.831  -60.141  15.283 0.0000000000
25699  48.695  -59.926  15.485 0.0000000000
25714  48.763  -59.645  14.735 0.0000000000
25715  48.374  -59.306  15.015 0.0000000000
25730  48.750  -59.534  13.971 0.0000000000
25731  48.342  -59.597  13.428 0.0000000000
25732  47.621  -59.794  13.184 0.0000000000
25748  48.628  -59.130  12.651 0.0000000000
25749  47.753  -59.467  12.437 0.0000000000
25750  46.701  -59.682  12.493 0.0000000000
25751  45.661  -59.759  12.379 0.0000000000
25752  44.831  -59.994  12.514 0.0000000000
25753  44.280  -60.270  12.617 0.0000000000
25763  48.754  -59.019  11.279 0.0000000000
25764  47.942  -59.218  11.433 0.0000000000
25765  46.889  -59.344  11.444 0.0000000000
25766  45.784  -59.419  11.528 0.0000000000
25767  44.775  -59.559  11.721 0.0000000000
25768  43.836  -59.851  12.093 0.0000000000
25769  43.204  -59.965  11.900 0.0000000000
25782  48.826  -59.056  10.219 0.0000000000
25783  48.070  -59.225  10.383 0.0000000000
25784  47.173  -59.164  10.360 0.0000000000
25785  45.950  -59.157  10.445 0.0000000000
25786  44.819  -59.307  10.627 0.0000000000
25787  43.861  -59.526  11.006 0.0000000000
25788  43.129  -59.829  11.332 0.0000000000
25815  48.087  -59.290  9.474 0.0000000000
25816  47.218  -59.325  9.513 0.0000000000
25817  46.229  -59.306  9.500 0.0000000000
25818  44.981  -59.427  9.246 0.0000000000
25819  43.823  -59.627  9.841 0.0000000000
25820  43.120  -59.821  10.381 0.0000000000
25842  47.362  -59.556  8.666 0.0000000000
25843  46.427  -59.606  8.719 0.0000000000
25844  45.727  -59.557  8.831 0.0000000000
25918  43.667  -59.908  4.213 0.0000000000
25924  44.649  -60.341  2.829 0.0000000000
25925  44.296  -60.023  3.123 0.0000000000
25932  44.757  -60.235  2.356 0.0000000000
25933  44.463  -59.581  2.217 0.0000000000
25941  44.677  -59.680  1.867 0.0000000000
25942  38.490  -59.289  1.281 0.0000000000
26814  48.802  -59.256  14.193 0.0000000000
26815  48.732  -58.978  14.346 0.0000000000
26834  48.819  -59.035  13.643 0.0000000000
26835  48.487  -58.663  13.682 0.0000000000
26861  48.656  -58.772  12.829 0.0000000000
26862  48.197  -58.460  12.791 0.0000000000
26873  48.968  -58.711  11.955 0.0000000000
26883  49.112  -58.611  10.974 0.0000000000
26884  47.860  -59.279  10.171 0.0000000000
26885  47.619  -59.239  10.176 0.0000000000
26905  47.737  -59.279  9.949 0.0000000000
26906  47.442  -59.222  9.997 0.0000000000
26946  48.317  -58.555  8.084 0.0000000000
27013  43.750  -58.985  3.536 0.0000000000
27019  44.089  -58.944  2.535 0.0000000000
27020  38.059  -58.456  1.936 0.0000000000
27030  44.464  -58.812  1.600 0.0000000000
27031  38.250  -58.550  1.457 0.0000000000
28022  48.795  -58.458  12.269 0.0000000000
28023  48.506  -58.225  12.041 0.0000000000
28045  48.984  -58.246  11.608 0.0000000000
28046  48.401  -57.836  11.417 0.0000000000
28062  49.044  -57.960  10.724 0.0000000000
28085  48.156  -57.410  9.487 0.0000000000
28124  48.504  -58.041  8.520 0.0000000000
28125  47.844  -57.853  8.055 0.0000000000
28126  47.081  -57.634  7.553 0.0000000000
28183  43.746  -58.004  2.966 0.0000000000
28193  43.873  -58.133  2.072 0.0000000000
29244  47.447  -56.990  9.102 0.0000000000
29265  47.456  -57.240  8.453 0.0000000000
29266  46.886  -56.601  8.673 0.0000000000
29281  47.377  -57.421  8.026 0.0000000000
29282  46.996  -56.954  8.050 0.0000000000
29297  46.525  -56.839  7.471 0.0000000000
29298  45.981  -56.716  6.794 0.0000000000
29359  43.565  -57.000  2.245 0.0000000000
30395  46.416  -56.139  8.119 0.0000000000
30396  45.837  -55.382  7.759 0.0000000000
30407  46.109  -56.108  7.380 0.0000000000
30408  45.548  -55.653  6.795 0.0000000000
31478  45.246  -55.080  9.037 0.0000000000
31496  45.294  -54.624  8.321 0.0000000000
31497  44.610  -53.970  8.415 0.0000000000
31511  45.372  -54.633  7.332 0.0000000000
31526  45.033  -54.668  6.424 0.0000000000
31527  44.647  -54.131  5.849 0.0000000000
31540  52.184  -54.250  4.926 0.0000000000
32577  49.897  -53.314  14.782 0.0000000000
32590  52.766  -53.114  13.629 0.0000000000
32591  51.891  -53.231  13.767 0.0000000000
32592  50.782  -53.246  13.764 0.0000000000
32593  49.606  -53.136  14.105 0.0000000000
32606  53.671  -53.228  12.834 0.0000000000
32607  52.752  -53.169  12.810 0.0000000000
32608  51.785  -53.123  13.191 0.0000000000
32609  51.266  -52.954  13.158 0.0000000000
32622  53.728  -53.296  11.818 0.0000000000
32638  53.965  -53.507  10.452 0.0000000000
32657  43.966  -53.728  8.798 0.0000000000
32658  43.344  -53.188  9.228 0.0000000000
32675  44.962  -53.845  7.773 0.0000000000
32676  44.316  -53.088  8.223 0.0000000000
32677  43.792  -53.156  8.702 0.0000000000
32690  44.678  -53.080  7.291 0.0000000000
32706  52.257  -53.429  6.095 0.0000000000
32707  44.808  -54.003  6.393 0.0000000000
32720  52.630  -54.274  5.814 0.0000000000
32721  52.184  -53.776  5.498 0.0000000000
32733  51.754  -53.820  4.597 0.0000000000
33866  49.997  -52.819  13.443 0.0000000000
33886  52.212  -53.001  12.692 0.0000000000
33908  51.536  -52.264  12.072 0.0000000000
33909  50.823  -51.917  12.093 0.0000000000
33944  52.979  -52.469  9.494 0.0000000000
33964  52.952  -53.026  8.368 0.0000000000
33965  43.989  -52.284  8.190 0.0000000000
33966  43.627  -52.547  8.649 0.0000000000
33977  52.580  -53.088  7.318 0.0000000000
33978  52.103  -52.545  6.779 0.0000000000
33979  44.305  -52.322  7.675 0.0000000000
33993  52.305  -53.157  6.510 0.0000000000
33994  51.904  -52.798  6.037 0.0000000000
33995  44.451  -52.170  6.736 0.0000000000
34007  51.419  -52.701  5.026 0.0000000000
34008  50.957  -51.999  4.750 0.0000000000
34019  50.876  -52.355  4.215 0.0000000000
35185  50.081  -51.851  12.297 0.0000000000
35208  52.088  -51.953  11.227 0.0000000000
35209  51.235  -51.673  11.460 0.0000000000
35210  50.473  -51.385  11.576 0.0000000000
35227  52.358  -51.829  10.216 0.0000000000
35228  51.526  -51.396  10.615 0.0000000000
35229  50.923  -51.244  11.053 0.0000000000
35246  52.429  -51.837  9.390 0.0000000000
35247  51.855  -51.388  9.733 0.0000000000
35269  52.603  -52.229  8.814 0.0000000000
35270  52.085  -51.551  8.725 0.0000000000
35271  44.007  -51.914  7.956 0.0000000000
35272  43.529  -51.595  8.335 0.0000000000
35292  52.441  -52.360  8.146 0.0000000000
35293  51.963  -51.899  7.539 0.0000000000
35294  44.051  -51.508  7.505 0.0000000000
35295  43.687  -50.900  7.796 0.0000000000
35306  51.626  -51.840  6.556 0.0000000000
35308  44.329  -51.191  6.769 0.0000000000
35321  51.520  -51.993  5.773 0.0000000000
35322  50.943  -51.461  5.327 0.0000000000
35332  50.502  -51.507  4.493 0.0000000000
35333  50.042  -51.350  3.997 0.0000000000
35348  50.416  -51.917  3.826 0.0000000000
35351  47.286  -50.871  3.128 0.0000000000
36485  47.485  -50.886  12.401 0.0000000000
36509  50.581  -51.028  11.082 0.0000000000
36510  50.097  -50.786  11.152 0.0000000000
36511  49.114  -50.437  11.229 0.0000000000
36512  47.847  -50.663  11.875 0.0000000000
36513  46.994  -50.146  11.772 0.0000000000
36530  51.408  -51.029  10.071 0.0000000000
36531  50.805  -50.752  10.481 0.0000000000
36532  49.880  -50.207  10.450 0.0000000000
36533  49.366  -50.084  10.638 0.0000000000
36552  51.332  -50.746  9.392 0.0000000000
36553  50.354  -50.147  9.712 0.0000000000
36554  49.999  -50.011  10.007 0.0000000000
36574  51.446  -50.916  8.176 0.0000000000
36575  50.731  -50.262  8.719 0.0000000000
36576  43.395  -50.476  8.289 0.0000000000
36599  51.367  -51.092  7.121 0.0000000000
36600  50.777  -50.408  7.635 0.0000000000
36601  44.099  -50.459  7.297 0.0000000000
36602  43.733  -50.452  7.796 0.0000000000
36619  51.308  -51.187  6.523 0.0000000000
36620  50.766  -50.597  6.370 0.0000000000
36621  50.125  -49.891  6.487 0.0000000000
36622  45.043  -50.056  5.896 0.0000000000
36623  44.613  -50.421  6.404 0.0000000000
36671  49.662  -51.153  3.861 0.0000000000
36672  49.065  -51.001  3.574 0.0000000000
36673  47.980  -50.725  3.301 0.0000000000
37817  46.211  -49.841  11.993 0.0000000000
37840  48.322  -49.912  11.093 0.0000000000
37841  47.522  -49.714  11.237 0.0000000000
37842  46.679  -49.456  11.293 0.0000000000
37862  49.492  -49.945  10.354 0.0000000000
37863  48.997  -49.769  10.471 0.0000000000
37864  48.025  -49.245  10.339 0.0000000000
37865  47.147  -49.160  10.666 0.0000000000
37866  46.446  -48.942  10.743 0.0000000000
37890  50.090  -49.881  9.570 0.0000000000
37891  49.725  -49.784  9.816 0.0000000000
37892  48.830  -49.272  9.576 0.0000000000
37893  48.226  -48.946  9.673 0.0000000000
37894  43.476  -49.006  9.389 0.0000000000
37912  50.157  -49.803  9.169 0.0000000000
37913  49.557  -49.465  8.881 0.0000000000
37914  48.868  -48.998  8.605 0.0000000000
37915  44.155  -49.211  8.065 0.0000000000
37916  43.718  -49.403  8.457 0.0000000000
37936  50.195  -49.784  8.242 0.0000000000
37937  49.501  -49.349  7.861 0.0000000000
37938  48.683  -48.851  7.609 0.0000000000
37939  44.803  -49.195  7.164 0.0000000000
37940  44.379  -49.396  7.539 0.0000000000
37941  43.791  -50.000  7.825 0.0000000000
37960  50.198  -49.809  7.198 0.0000000000
37961  49.438  -49.352  6.666 0.0000000000
37962  48.201  -48.877  6.524 0.0000000000
37963  47.322  -48.735  6.196 0.0000000000
37964  45.635  -49.071  6.390 0.0000000000
37965  45.063  -49.388  6.609 0.0000000000
37966  44.500  -49.886  6.933 0.0000000000
37985  46.752  -49.032  5.697 0.0000000000
37986  45.880  -49.242  5.867 0.0000000000
37987  45.400  -49.705  5.767 0.0000000000
39093  47.413  -48.893  10.192 0.0000000000
39094  46.832  -48.695  10.149 0.0000000000
39095  45.821  -48.528  10.288 0.0000000000
39096  44.840  -48.329  10.001 0.0000000000
39121  48.352  -48.831  9.185 0.0000000000
39122  47.597  -48.664  9.502 0.0000000000
39123  46.507  -48.388  9.332 0.0000000000
39124  45.498  -48.251  9.209 0.0000000000
39125  44.578  -48.435  9.056 0.0000000000
39126  43.936  -48.808  8.885 0.0000000000
39144  48.079  -48.657  8.491 0.0000000000
39145  47.149  -48.397  8.461 0.0000000000
39146  46.157  -48.224  8.355 0.0000000000
39147  45.203  -48.383  8.243 0.0000000000
39148  44.344  -48.865  8.172 0.0000000000
39149  43.998  -49.005  8.510 0.0000000000
39161  47.710  -48.571  7.569 0.0000000000
39162  46.782  -48.365  7.523 0.0000000000
39163  45.858  -48.472  7.457 0.0000000000
39164  44.964  -48.860  7.357 0.0000000000
39165  44.533  -48.986  7.665 0.0000000000
39180  47.313  -48.542  6.852 0.0000000000
39181  46.489  -48.631  6.586 0.0000000000
39182  45.601  -48.859  6.792 0.0000000000
39183  45.229  -49.037  6.927 0.0000000000
39199  46.277  -48.886  6.092 0.0000000000
39200  45.980  -48.888  6.327 0.0000000000
