#!ascii label  , from subject sub-CSI2 vox2ras=TkReg
526
4171  27.647  -82.918  32.831 0.0000000000
4810  27.244  -82.669  33.424 0.0000000000
5523  25.848  -80.432  30.842 0.0000000000
6215  32.788  -79.087  30.127 0.0000000000
6216  25.313  -79.744  30.265 0.0000000000
6941  32.713  -78.616  30.365 0.0000000000
6942  32.344  -78.361  30.371 0.0000000000
6959  32.600  -79.049  30.096 0.0000000000
6960  32.052  -78.793  29.957 0.0000000000
7630  32.755  -77.469  36.222 0.0000000000
7631  32.162  -77.829  35.982 0.0000000000
7632  31.348  -77.661  35.592 0.0000000000
7646  30.793  -77.498  34.817 0.0000000000
7666  34.427  -76.904  30.195 0.0000000000
7667  33.754  -77.292  30.449 0.0000000000
7668  32.850  -77.594  30.615 0.0000000000
7669  32.498  -78.137  30.495 0.0000000000
7681  32.012  -77.697  30.259 0.0000000000
7682  31.154  -77.860  29.541 0.0000000000
7697  30.287  -78.001  28.780 0.0000000000
7698  29.319  -77.732  28.210 0.0000000000
7699  28.643  -77.641  27.654 0.0000000000
8390  32.585  -77.215  35.765 0.0000000000
8391  31.979  -77.324  35.399 0.0000000000
8392  31.412  -77.296  34.875 0.0000000000
8406  30.935  -77.083  34.372 0.0000000000
8407  30.176  -77.079  34.304 0.0000000000
8421  30.524  -76.648  33.840 0.0000000000
8422  29.737  -76.670  33.495 0.0000000000
8439  34.912  -76.149  30.341 0.0000000000
8440  34.206  -76.388  30.618 0.0000000000
8452  31.885  -76.556  30.015 0.0000000000
8453  31.187  -76.742  29.590 0.0000000000
8465  29.552  -76.837  28.480 0.0000000000
8466  28.782  -76.786  27.950 0.0000000000
9145  35.095  -75.901  36.481 0.0000000000
9146  33.805  -76.096  36.334 0.0000000000
9147  32.764  -76.352  35.720 0.0000000000
9148  32.343  -75.929  35.396 0.0000000000
9161  32.349  -76.901  35.434 0.0000000000
9162  31.905  -76.473  35.078 0.0000000000
9175  31.683  -75.877  34.798 0.0000000000
9192  29.316  -76.030  32.917 0.0000000000
9202  28.629  -75.596  32.683 0.0000000000
9203  28.001  -75.447  32.657 0.0000000000
9217  35.166  -75.356  30.290 0.0000000000
9218  34.503  -75.474  30.573 0.0000000000
9230  22.467  -75.051  29.523 0.0000000000
9239  29.714  -75.810  28.636 0.0000000000
9240  28.937  -75.860  28.246 0.0000000000
9966  37.442  -74.557  35.690 0.0000000000
9967  36.792  -74.784  36.249 0.0000000000
9968  35.739  -74.970  36.586 0.0000000000
9969  34.433  -75.080  36.498 0.0000000000
9970  33.062  -75.167  36.129 0.0000000000
9971  32.565  -75.665  35.615 0.0000000000
9982  37.910  -74.886  35.320 0.0000000000
9984  32.691  -74.590  35.791 0.0000000000
9985  32.092  -75.131  35.214 0.0000000000
9986  31.595  -74.421  34.793 0.0000000000
10002  38.292  -74.439  34.775 0.0000000000
10003  31.552  -75.590  34.614 0.0000000000
10004  31.181  -75.064  34.182 0.0000000000
10005  30.632  -74.928  33.588 0.0000000000
10035  28.414  -74.928  32.504 0.0000000000
10036  27.817  -74.780  32.472 0.0000000000
10037  27.242  -74.555  32.501 0.0000000000
10038  26.740  -74.408  32.721 0.0000000000
10056  34.728  -74.537  30.483 0.0000000000
10057  33.965  -74.558  30.611 0.0000000000
10058  33.210  -74.500  30.454 0.0000000000
10070  32.622  -74.317  30.151 0.0000000000
10071  32.123  -74.520  29.832 0.0000000000
10072  31.441  -74.639  29.440 0.0000000000
10073  22.493  -73.820  29.360 0.0000000000
10088  29.936  -74.739  28.661 0.0000000000
10089  29.175  -74.831  28.224 0.0000000000
10106  28.578  -75.054  27.864 0.0000000000
10107  27.916  -74.817  27.540 0.0000000000
10910  37.416  -73.980  35.656 0.0000000000
10911  37.051  -73.959  36.168 0.0000000000
10912  36.238  -73.984  36.736 0.0000000000
10913  35.040  -73.969  36.707 0.0000000000
10914  33.752  -73.934  36.416 0.0000000000
10915  33.084  -73.570  36.131 0.0000000000
10926  37.739  -74.014  35.087 0.0000000000
10927  33.045  -74.219  36.044 0.0000000000
10928  32.614  -73.851  35.694 0.0000000000
10929  31.909  -73.725  35.192 0.0000000000
10945  38.659  -73.920  33.690 0.0000000000
10946  38.270  -73.946  34.330 0.0000000000
10948  30.504  -73.945  33.781 0.0000000000
10971  29.627  -74.023  33.132 0.0000000000
10983  28.189  -74.385  32.466 0.0000000000
10984  27.838  -73.755  32.436 0.0000000000
10985  27.044  -73.693  32.514 0.0000000000
10986  26.674  -73.732  32.758 0.0000000000
11009  34.924  -73.540  30.376 0.0000000000
11011  33.433  -73.631  30.498 0.0000000000
11022  32.807  -73.612  30.210 0.0000000000
11023  32.256  -73.617  29.804 0.0000000000
11024  31.596  -73.675  29.482 0.0000000000
11025  22.563  -73.129  29.277 0.0000000000
11036  29.366  -73.603  28.363 0.0000000000
11038  22.754  -73.149  28.579 0.0000000000
11051  28.469  -73.926  27.860 0.0000000000
11052  27.575  -73.732  27.385 0.0000000000
11900  37.355  -73.148  35.799 0.0000000000
11901  36.602  -72.993  36.478 0.0000000000
11902  35.596  -72.880  36.815 0.0000000000
11903  34.426  -72.784  36.634 0.0000000000
11904  33.289  -72.677  36.269 0.0000000000
11905  32.813  -73.172  36.022 0.0000000000
11919  37.628  -73.214  35.191 0.0000000000
11920  32.939  -72.101  35.991 0.0000000000
11921  32.460  -72.617  35.708 0.0000000000
11940  38.385  -73.150  34.046 0.0000000000
11941  37.894  -73.173  34.702 0.0000000000
11942  30.781  -72.731  34.379 0.0000000000
11943  30.318  -72.875  33.968 0.0000000000
11966  29.914  -73.003  33.625 0.0000000000
11987  26.679  -72.797  32.757 0.0000000000
12019  35.069  -72.436  30.073 0.0000000000
12020  34.321  -72.576  30.556 0.0000000000
12021  33.576  -72.699  30.567 0.0000000000
12022  32.955  -72.809  30.326 0.0000000000
12034  32.463  -72.822  29.895 0.0000000000
12037  22.568  -72.373  29.250 0.0000000000
12052  23.132  -72.268  27.825 0.0000000000
12053  22.903  -72.256  28.435 0.0000000000
12072  27.990  -72.743  27.622 0.0000000000
12073  27.228  -72.677  27.134 0.0000000000
12090  26.516  -72.592  26.578 0.0000000000
12113  43.813  -72.776  24.516 0.0000000000
12938  37.366  -72.346  35.882 0.0000000000
12939  37.007  -72.140  36.279 0.0000000000
12940  36.149  -71.851  36.685 0.0000000000
12941  35.041  -71.707  36.744 0.0000000000
12942  33.927  -71.574  36.452 0.0000000000
12943  33.294  -71.122  36.243 0.0000000000
12961  37.622  -72.398  35.364 0.0000000000
12962  33.229  -71.762  36.179 0.0000000000
12963  32.703  -71.418  35.955 0.0000000000
12964  31.859  -71.492  35.504 0.0000000000
12978  38.553  -72.262  33.813 0.0000000000
12979  38.112  -72.028  34.638 0.0000000000
12981  30.070  -71.823  34.036 0.0000000000
13017  26.960  -71.746  32.480 0.0000000000
13044  43.106  -71.530  30.597 0.0000000000
13047  34.923  -71.407  29.996 0.0000000000
13048  34.414  -71.523  30.461 0.0000000000
13049  33.654  -71.669  30.579 0.0000000000
13050  33.019  -71.925  30.372 0.0000000000
13061  32.624  -72.196  30.073 0.0000000000
13064  22.215  -71.382  29.514 0.0000000000
13076  23.006  -71.701  28.017 0.0000000000
13077  22.640  -71.347  28.624 0.0000000000
13087  29.069  -71.343  28.001 0.0000000000
13089  27.621  -71.716  27.319 0.0000000000
13090  26.919  -71.728  26.841 0.0000000000
13091  23.315  -71.542  27.341 0.0000000000
13103  26.218  -71.635  26.486 0.0000000000
13104  25.403  -71.416  26.365 0.0000000000
13105  24.535  -71.222  26.483 0.0000000000
13106  23.819  -70.877  26.815 0.0000000000
13131  44.524  -71.660  24.430 0.0000000000
13149  43.031  -70.956  23.916 0.0000000000
13150  42.460  -71.348  23.724 0.0000000000
13942  37.335  -71.742  35.915 0.0000000000
13943  36.793  -70.850  36.255 0.0000000000
13944  35.642  -70.679  36.683 0.0000000000
13945  34.589  -70.591  36.587 0.0000000000
13946  33.700  -70.474  36.401 0.0000000000
13947  32.932  -70.440  36.222 0.0000000000
13964  37.614  -71.087  35.495 0.0000000000
13965  37.247  -70.294  35.787 0.0000000000
13966  32.216  -70.474  35.810 0.0000000000
13980  38.493  -71.299  34.238 0.0000000000
13981  38.170  -70.665  34.838 0.0000000000
14007  27.808  -70.726  32.866 0.0000000000
14008  27.196  -70.684  32.560 0.0000000000
14009  26.708  -70.824  32.806 0.0000000000
14028  35.126  -70.904  29.797 0.0000000000
14029  34.585  -70.471  30.229 0.0000000000
14030  33.807  -70.596  30.647 0.0000000000
14038  42.593  -70.050  29.859 0.0000000000
14041  35.538  -70.555  29.434 0.0000000000
14042  35.048  -70.401  29.823 0.0000000000
14046  22.317  -70.253  29.194 0.0000000000
14056  30.189  -70.776  28.538 0.0000000000
14057  29.462  -70.667  28.108 0.0000000000
14058  22.885  -71.044  27.851 0.0000000000
14059  22.700  -70.341  28.177 0.0000000000
14074  28.801  -70.666  27.706 0.0000000000
14075  28.036  -70.733  27.376 0.0000000000
14076  27.230  -70.759  26.903 0.0000000000
14077  26.647  -71.047  26.674 0.0000000000
14078  23.254  -70.262  27.470 0.0000000000
14079  22.873  -69.835  27.879 0.0000000000
14099  26.719  -70.541  26.653 0.0000000000
14100  26.126  -70.615  26.530 0.0000000000
14101  25.223  -70.409  26.512 0.0000000000
14102  24.479  -70.220  26.696 0.0000000000
14103  23.967  -69.902  27.034 0.0000000000
14129  44.293  -70.598  24.383 0.0000000000
14145  43.436  -70.437  24.047 0.0000000000
14146  42.641  -70.358  23.660 0.0000000000
14147  41.604  -70.446  23.214 0.0000000000
14904  36.093  -69.636  36.482 0.0000000000
14905  35.105  -69.612  36.611 0.0000000000
14906  34.165  -69.592  36.561 0.0000000000
14907  33.317  -69.585  36.400 0.0000000000
14908  32.543  -69.582  36.141 0.0000000000
14922  37.583  -69.728  35.258 0.0000000000
14923  36.869  -69.617  35.950 0.0000000000
14937  38.561  -70.073  34.183 0.0000000000
14938  38.118  -69.824  34.729 0.0000000000
14952  39.644  -70.187  32.864 0.0000000000
14953  39.181  -70.214  33.512 0.0000000000
14971  27.444  -69.617  32.698 0.0000000000
14972  26.904  -69.453  32.471 0.0000000000
14987  27.141  -68.924  32.413 0.0000000000
14988  26.992  -68.756  32.282 0.0000000000
14999  42.682  -69.699  30.502 0.0000000000
15002  34.484  -69.629  30.275 0.0000000000
15003  34.067  -69.619  30.661 0.0000000000
15020  35.039  -69.668  29.746 0.0000000000
15023  22.244  -69.164  29.154 0.0000000000
15034  42.226  -69.247  28.957 0.0000000000
15039  30.601  -69.813  28.743 0.0000000000
15040  29.884  -69.797  28.279 0.0000000000
15041  23.242  -68.873  27.885 0.0000000000
15042  22.721  -69.310  28.376 0.0000000000
15052  37.328  -69.705  26.983 0.0000000000
15053  29.225  -69.780  27.780 0.0000000000
15054  28.467  -69.786  27.426 0.0000000000
15055  27.680  -69.811  27.057 0.0000000000
15056  24.345  -69.068  27.118 0.0000000000
15057  23.788  -69.184  27.421 0.0000000000
15058  23.142  -69.483  27.768 0.0000000000
15073  26.815  -69.768  26.663 0.0000000000
15074  25.866  -69.588  26.577 0.0000000000
15075  25.038  -69.498  26.663 0.0000000000
15076  24.453  -69.504  26.906 0.0000000000
15077  24.150  -69.422  27.136 0.0000000000
15098  44.833  -69.608  24.486 0.0000000000
15099  43.979  -69.564  24.102 0.0000000000
15114  43.076  -69.493  23.714 0.0000000000
15115  42.127  -69.444  23.392 0.0000000000
15882  36.345  -68.637  36.108 0.0000000000
15883  35.523  -68.646  36.465 0.0000000000
15884  34.608  -68.645  36.568 0.0000000000
15885  33.722  -68.709  36.501 0.0000000000
15886  32.924  -68.735  36.348 0.0000000000
15900  37.493  -68.851  35.074 0.0000000000
15901  36.986  -68.738  35.473 0.0000000000
15916  38.436  -69.341  34.080 0.0000000000
15917  38.037  -68.931  34.464 0.0000000000
15928  39.295  -69.608  33.201 0.0000000000
15929  38.710  -69.080  33.551 0.0000000000
15930  38.194  -68.143  33.756 0.0000000000
15944  39.415  -69.125  32.635 0.0000000000
15945  38.814  -68.424  32.803 0.0000000000
15947  27.528  -68.466  32.705 0.0000000000
15948  26.630  -68.796  32.586 0.0000000000
15965  39.123  -68.266  32.204 0.0000000000
15968  27.099  -68.310  32.157 0.0000000000
15969  26.796  -68.369  32.208 0.0000000000
15970  26.391  -68.142  32.424 0.0000000000
15988  35.124  -68.172  29.836 0.0000000000
15989  34.449  -68.741  30.319 0.0000000000
16005  42.418  -68.745  29.188 0.0000000000
16010  35.628  -68.846  29.238 0.0000000000
16011  34.970  -68.843  29.732 0.0000000000
16013  30.932  -68.894  28.903 0.0000000000
16014  22.048  -68.463  29.545 0.0000000000
16024  42.355  -68.939  28.836 0.0000000000
16025  41.831  -68.728  28.489 0.0000000000
16026  41.162  -68.545  28.341 0.0000000000
16032  30.244  -68.925  28.493 0.0000000000
16034  22.990  -68.234  28.246 0.0000000000
16035  22.478  -68.346  28.862 0.0000000000
16041  41.216  -68.278  28.014 0.0000000000
16042  40.685  -68.199  27.857 0.0000000000
16043  39.810  -68.107  27.635 0.0000000000
16044  38.766  -68.199  27.430 0.0000000000
16045  37.756  -68.849  27.123 0.0000000000
16050  27.370  -68.984  26.848 0.0000000000
16051  25.172  -67.783  27.033 0.0000000000
16052  24.499  -68.267  27.172 0.0000000000
16053  23.602  -68.163  27.674 0.0000000000
16065  26.913  -69.044  26.688 0.0000000000
16066  26.451  -68.906  26.663 0.0000000000
16067  25.573  -68.437  26.769 0.0000000000
16068  24.764  -68.941  26.876 0.0000000000
16090  45.231  -68.640  24.493 0.0000000000
16091  44.400  -68.609  24.236 0.0000000000
16106  43.521  -68.578  23.771 0.0000000000
16107  42.582  -68.542  23.494 0.0000000000
16108  41.631  -68.465  23.245 0.0000000000
16923  35.851  -67.868  36.216 0.0000000000
16924  35.026  -67.641  36.362 0.0000000000
16925  34.071  -67.805  36.459 0.0000000000
16926  33.286  -67.945  36.397 0.0000000000
16927  32.592  -67.889  36.289 0.0000000000
16939  37.286  -68.110  34.953 0.0000000000
16940  36.439  -67.548  35.501 0.0000000000
16941  35.626  -67.174  35.917 0.0000000000
16959  37.560  -67.561  34.158 0.0000000000
16960  36.956  -67.246  34.745 0.0000000000
16975  38.458  -68.078  33.179 0.0000000000
16976  37.952  -67.284  33.222 0.0000000000
16987  38.497  -67.604  32.469 0.0000000000
16988  38.133  -67.119  32.635 0.0000000000
17003  33.251  -67.445  31.055 0.0000000000
17005  27.359  -67.575  32.078 0.0000000000
17007  26.378  -67.479  31.965 0.0000000000
17021  35.329  -67.326  30.027 0.0000000000
17022  34.618  -67.571  30.397 0.0000000000
17035  41.840  -67.601  29.038 0.0000000000
17040  35.976  -67.806  29.314 0.0000000000
17042  31.065  -67.995  29.160 0.0000000000
17043  23.194  -66.558  29.186 0.0000000000
17044  22.497  -67.282  29.461 0.0000000000
17050  42.156  -68.328  28.709 0.0000000000
17057  30.534  -68.199  28.721 0.0000000000
17059  24.307  -66.817  27.785 0.0000000000
17060  23.437  -67.105  28.343 0.0000000000
17061  22.772  -67.709  28.665 0.0000000000
17064  40.976  -68.043  27.738 0.0000000000
17065  40.440  -67.721  27.635 0.0000000000
17075  27.606  -67.899  27.002 0.0000000000
17076  26.726  -67.246  26.887 0.0000000000
17077  25.771  -67.266  26.943 0.0000000000
17078  24.879  -67.194  27.327 0.0000000000
17079  24.097  -67.481  27.584 0.0000000000
17086  27.000  -68.570  26.695 0.0000000000
17087  26.586  -68.110  26.692 0.0000000000
17088  26.154  -67.742  26.757 0.0000000000
17100  45.601  -67.715  24.448 0.0000000000
17101  44.733  -67.649  24.420 0.0000000000
17102  43.820  -67.597  23.969 0.0000000000
17114  42.941  -67.652  23.589 0.0000000000
17115  42.115  -67.623  23.396 0.0000000000
17116  41.171  -67.464  23.239 0.0000000000
17914  35.063  -66.742  35.980 0.0000000000
17915  34.296  -66.899  36.173 0.0000000000
17916  33.445  -67.145  36.307 0.0000000000
17917  32.953  -67.425  36.326 0.0000000000
17929  36.454  -66.688  34.855 0.0000000000
17930  35.640  -66.237  35.244 0.0000000000
17931  34.580  -66.027  35.691 0.0000000000
17932  33.545  -66.188  35.928 0.0000000000
17948  37.452  -66.919  33.702 0.0000000000
17949  36.894  -66.481  34.065 0.0000000000
17950  36.244  -66.046  34.560 0.0000000000
17965  37.324  -66.449  33.268 0.0000000000
17966  36.925  -66.159  33.500 0.0000000000
17979  38.205  -67.061  32.362 0.0000000000
17980  37.781  -66.631  32.426 0.0000000000
17982  27.648  -66.857  32.183 0.0000000000
17996  38.288  -67.012  31.862 0.0000000000
17997  37.636  -66.461  31.421 0.0000000000
17998  37.132  -66.324  30.795 0.0000000000
17999  34.289  -66.090  31.173 0.0000000000
18000  33.746  -66.644  31.144 0.0000000000
18002  27.856  -66.215  31.981 0.0000000000
18004  26.568  -66.762  31.435 0.0000000000
18005  25.591  -66.348  31.845 0.0000000000
18006  24.768  -65.760  31.834 0.0000000000
18014  38.289  -67.023  30.992 0.0000000000
18015  37.701  -66.693  30.529 0.0000000000
18016  37.059  -66.619  30.105 0.0000000000
18017  36.109  -66.740  29.880 0.0000000000
18018  34.868  -66.461  30.665 0.0000000000
18019  34.231  -67.067  30.704 0.0000000000
18023  26.263  -65.998  31.028 0.0000000000
18024  25.548  -65.720  31.015 0.0000000000
18025  23.205  -65.951  30.100 0.0000000000
18028  41.219  -66.880  28.777 0.0000000000
18032  37.089  -67.188  29.428 0.0000000000
18033  36.550  -67.427  29.332 0.0000000000
18035  31.182  -67.115  29.476 0.0000000000
18036  23.453  -66.025  29.572 0.0000000000
18037  22.962  -66.390  29.733 0.0000000000
18042  30.524  -67.235  28.736 0.0000000000
18046  26.116  -65.960  27.822 0.0000000000
18047  25.426  -65.912  28.044 0.0000000000
18048  24.458  -66.108  28.316 0.0000000000
18049  23.773  -66.109  28.957 0.0000000000
18052  39.804  -66.883  27.648 0.0000000000
18053  38.805  -66.974  27.367 0.0000000000
18062  26.530  -66.394  27.392 0.0000000000
18063  25.589  -66.494  27.496 0.0000000000
18064  24.899  -66.446  27.726 0.0000000000
18090  45.105  -66.706  24.490 0.0000000000
18091  44.086  -66.620  24.282 0.0000000000
18092  42.935  -66.542  23.764 0.0000000000
18101  42.473  -67.084  23.519 0.0000000000
18103  40.672  -66.462  23.273 0.0000000000
18104  39.655  -66.383  23.074 0.0000000000
18979  35.430  -65.618  34.872 0.0000000000
18980  34.975  -65.416  35.045 0.0000000000
18981  33.766  -65.112  35.166 0.0000000000
18982  32.653  -65.502  35.520 0.0000000000
18983  31.740  -65.896  35.600 0.0000000000
18984  30.866  -66.112  35.359 0.0000000000
18996  36.372  -65.820  34.113 0.0000000000
18997  35.595  -65.307  34.211 0.0000000000
18998  34.501  -64.839  34.489 0.0000000000
18999  33.828  -64.682  34.481 0.0000000000
19000  31.973  -65.236  35.141 0.0000000000
19001  31.252  -65.345  34.946 0.0000000000
19014  36.986  -66.019  33.215 0.0000000000
19032  37.081  -65.896  32.600 0.0000000000
19034  35.619  -64.944  32.399 0.0000000000
19035  34.229  -65.239  31.720 0.0000000000
19036  33.624  -65.161  31.844 0.0000000000
19037  33.084  -65.011  31.931 0.0000000000
19053  37.365  -66.105  31.960 0.0000000000
19054  36.723  -65.821  31.454 0.0000000000
19055  35.564  -65.327  31.590 0.0000000000
19056  34.694  -65.565  31.355 0.0000000000
19057  33.886  -65.737  31.487 0.0000000000
19058  32.746  -65.737  31.488 0.0000000000
19061  27.927  -65.642  31.234 0.0000000000
19063  24.894  -65.622  31.244 0.0000000000
19069  46.836  -65.401  30.622 0.0000000000
19070  46.152  -65.376  31.047 0.0000000000
19073  36.556  -66.239  30.564 0.0000000000
19074  35.827  -65.916  30.746 0.0000000000
19075  35.215  -65.735  31.015 0.0000000000
19080  28.007  -65.288  30.216 0.0000000000
19082  25.863  -65.576  30.372 0.0000000000
19083  25.018  -65.538  30.474 0.0000000000
19084  24.229  -65.472  30.654 0.0000000000
19094  30.676  -66.168  29.432 0.0000000000
19095  29.668  -65.214  29.667 0.0000000000
19098  26.152  -65.419  29.532 0.0000000000
19099  25.196  -65.452  29.700 0.0000000000
19100  24.408  -65.492  29.902 0.0000000000
19101  23.720  -65.599  30.047 0.0000000000
19115  26.357  -65.548  28.503 0.0000000000
19116  25.309  -65.496  28.809 0.0000000000
19117  24.473  -65.612  29.151 0.0000000000
19118  23.930  -65.682  29.493 0.0000000000
19132  27.138  -65.934  27.678 0.0000000000
19133  26.740  -65.791  27.887 0.0000000000
19161  45.500  -65.773  24.405 0.0000000000
19162  44.448  -65.678  24.371 0.0000000000
19175  41.077  -65.558  23.554 0.0000000000
19176  40.037  -65.538  23.414 0.0000000000
20065  32.749  -64.831  34.963 0.0000000000
20066  32.322  -65.003  35.047 0.0000000000
20079  34.696  -64.626  33.762 0.0000000000
20080  33.926  -64.494  33.901 0.0000000000
20081  33.088  -64.505  34.265 0.0000000000
20082  31.919  -64.693  34.457 0.0000000000
20083  30.773  -64.869  34.236 0.0000000000
20084  30.241  -65.141  34.115 0.0000000000
20097  35.114  -64.647  32.966 0.0000000000
20098  34.139  -64.511  33.067 0.0000000000
20099  33.223  -64.428  33.193 0.0000000000
20118  35.062  -64.880  32.063 0.0000000000
20119  34.330  -64.792  32.221 0.0000000000
20120  33.481  -64.708  32.390 0.0000000000
20121  32.489  -64.706  32.217 0.0000000000
20137  34.991  -65.170  31.679 0.0000000000
20138  34.659  -65.093  31.798 0.0000000000
20139  32.120  -65.104  31.646 0.0000000000
20146  46.773  -65.157  30.042 0.0000000000
20153  28.782  -64.872  30.807 0.0000000000
20157  47.215  -64.844  29.780 0.0000000000
20158  46.333  -64.580  29.792 0.0000000000
20159  45.361  -64.206  30.001 0.0000000000
20163  29.026  -64.841  30.103 0.0000000000
20164  28.563  -64.981  30.132 0.0000000000
20205  46.784  -65.105  24.028 0.0000000000
20208  43.729  -64.693  24.290 0.0000000000
20211  40.657  -64.138  24.027 0.0000000000
20212  39.937  -64.108  23.904 0.0000000000
20226  41.088  -64.784  23.793 0.0000000000
20227  40.369  -64.774  23.704 0.0000000000
20228  39.378  -64.586  23.648 0.0000000000
21180  46.773  -64.129  29.375 0.0000000000
21181  45.672  -63.764  29.434 0.0000000000
21182  44.692  -63.457  29.727 0.0000000000
21196  47.949  -63.504  28.556 0.0000000000
21197  47.011  -63.628  28.837 0.0000000000
21198  46.209  -63.566  29.038 0.0000000000
21231  44.546  -64.158  23.970 0.0000000000
21232  44.035  -64.033  24.054 0.0000000000
21253  47.998  -63.419  23.541 0.0000000000
21255  45.702  -63.499  23.573 0.0000000000
21256  44.600  -63.612  23.716 0.0000000000
22223  45.528  -63.177  29.038 0.0000000000
22224  44.829  -63.017  29.268 0.0000000000
22238  48.673  -62.879  27.900 0.0000000000
22239  47.976  -62.986  28.085 0.0000000000
22242  44.948  -62.621  28.820 0.0000000000
22243  44.302  -62.464  29.080 0.0000000000
22256  47.994  -62.465  27.717 0.0000000000
22306  46.102  -62.552  23.393 0.0000000000
22307  44.949  -62.605  23.423 0.0000000000
23325  45.078  -62.089  28.388 0.0000000000
23326  44.135  -61.939  28.716 0.0000000000
23341  47.123  -61.804  27.733 0.0000000000
23342  46.099  -61.625  27.952 0.0000000000
23343  45.421  -61.700  28.141 0.0000000000
23396  46.577  -61.593  23.342 0.0000000000
23397  45.277  -61.495  23.375 0.0000000000
24411  47.331  -61.098  27.372 0.0000000000
24412  46.266  -60.864  27.388 0.0000000000
24435  46.844  -60.614  27.147 0.0000000000
24492  47.082  -60.754  23.475 0.0000000000
24493  46.005  -60.704  23.553 0.0000000000
24494  45.008  -60.481  23.673 0.0000000000
25489  46.010  -60.444  27.070 0.0000000000
25490  45.495  -60.352  27.166 0.0000000000
25520  46.366  -60.121  26.692 0.0000000000
25543  46.962  -59.591  25.593 0.0000000000
25544  45.669  -59.596  25.680 0.0000000000
25569  46.238  -59.676  24.685 0.0000000000
25570  45.095  -59.590  24.742 0.0000000000
25594  46.628  -60.142  23.892 0.0000000000
25595  45.600  -59.970  24.006 0.0000000000
