#!ascii label  , from subject sub-CSI2 vox2ras=TkReg
1182
14458  23.745  -69.871  4.156 0.0000000000
14474  23.718  -70.157  3.417 0.0000000000
15413  24.398  -69.209  5.331 0.0000000000
15428  23.858  -69.444  4.758 0.0000000000
15442  23.268  -69.420  3.872 0.0000000000
15443  22.824  -69.080  3.205 0.0000000000
15456  23.270  -69.636  2.689 0.0000000000
15457  22.648  -69.044  2.253 0.0000000000
15476  23.487  -69.632  1.174 0.0000000000
15477  22.526  -68.871  1.120 0.0000000000
16367  24.740  -68.623  5.452 0.0000000000
16368  23.993  -68.650  5.207 0.0000000000
16382  23.269  -68.617  4.583 0.0000000000
16383  22.759  -68.196  4.096 0.0000000000
16394  22.823  -68.765  3.858 0.0000000000
16395  22.440  -68.321  3.233 0.0000000000
16407  21.971  -68.153  2.055 0.0000000000
16408  21.611  -67.539  1.938 0.0000000000
16432  22.007  -68.315  1.015 0.0000000000
16433  21.614  -67.786  1.274 0.0000000000
16461  22.311  -68.577  0.225 0.0000000000
16462  21.707  -68.091  0.434 0.0000000000
16482  22.580  -68.860  -0.582 0.0000000000
17360  24.398  -67.971  5.280 0.0000000000
17361  23.667  -68.028  5.062 0.0000000000
17371  23.974  -67.361  4.896 0.0000000000
17372  23.151  -67.660  4.547 0.0000000000
17373  22.565  -67.520  3.898 0.0000000000
17386  26.114  -67.213  3.780 0.0000000000
17387  25.459  -66.834  4.070 0.0000000000
17388  21.928  -67.308  3.064 0.0000000000
17389  21.675  -66.784  2.858 0.0000000000
17408  26.660  -67.033  2.598 0.0000000000
17409  21.730  -67.525  2.376 0.0000000000
17410  21.536  -67.020  2.378 0.0000000000
17425  26.971  -66.894  1.682 0.0000000000
17426  21.348  -67.130  1.582 0.0000000000
17441  21.256  -67.336  0.638 0.0000000000
17456  21.483  -67.858  0.028 0.0000000000
18386  25.006  -66.584  4.155 0.0000000000
18387  24.281  -66.658  4.438 0.0000000000
18388  23.383  -66.849  4.437 0.0000000000
18389  22.865  -67.108  4.284 0.0000000000
18402  26.090  -66.596  2.735 0.0000000000
18403  25.449  -66.290  3.320 0.0000000000
18404  24.581  -66.019  3.775 0.0000000000
18405  23.643  -66.023  4.043 0.0000000000
18406  22.589  -66.497  3.879 0.0000000000
18407  21.834  -66.366  3.215 0.0000000000
18430  26.422  -66.471  1.839 0.0000000000
18431  25.797  -65.965  2.137 0.0000000000
18432  21.544  -66.398  2.680 0.0000000000
18449  21.266  -66.315  2.025 0.0000000000
18450  20.938  -66.067  1.469 0.0000000000
18462  21.095  -66.668  1.278 0.0000000000
19464  25.386  -65.760  2.667 0.0000000000
19465  24.944  -65.554  3.013 0.0000000000
19466  24.084  -65.244  3.345 0.0000000000
19467  23.008  -65.375  3.576 0.0000000000
19468  22.264  -65.744  3.402 0.0000000000
19488  25.277  -65.260  2.163 0.0000000000
19489  24.676  -64.978  2.579 0.0000000000
19490  24.125  -64.648  2.690 0.0000000000
19491  22.429  -65.124  3.209 0.0000000000
19492  21.685  -65.470  2.807 0.0000000000
19511  25.706  -65.365  1.035 0.0000000000
19512  21.169  -65.371  1.921 0.0000000000
19513  20.781  -65.441  1.310 0.0000000000
20454  12.984  -64.899  4.838 0.0000000000
20455  11.764  -64.738  4.779 0.0000000000
20472  13.455  -64.024  4.443 0.0000000000
20473  12.310  -63.991  4.319 0.0000000000
20474  11.235  -63.843  4.288 0.0000000000
20485  23.407  -64.695  3.032 0.0000000000
20486  22.836  -64.842  3.202 0.0000000000
20501  24.966  -64.785  2.105 0.0000000000
20502  24.583  -64.450  2.082 0.0000000000
20504  22.611  -64.410  2.693 0.0000000000
20505  21.611  -64.492  2.279 0.0000000000
20522  25.095  -64.655  1.506 0.0000000000
20525  21.167  -64.502  1.590 0.0000000000
20539  21.014  -64.100  1.238 0.0000000000
20540  20.474  -64.360  1.023 0.0000000000
20549  26.256  -64.407  -0.118 0.0000000000
21515  12.809  -63.501  3.920 0.0000000000
21516  11.836  -63.171  4.083 0.0000000000
21529  13.356  -63.389  3.407 0.0000000000
21540  22.166  -63.701  2.125 0.0000000000
21541  21.586  -63.993  1.900 0.0000000000
21557  21.638  -63.478  1.565 0.0000000000
21566  26.585  -64.188  0.100 0.0000000000
21567  26.383  -63.828  0.141 0.0000000000
21569  24.662  -63.267  0.533 0.0000000000
21570  24.062  -62.683  0.796 0.0000000000
21571  21.120  -63.421  1.201 0.0000000000
21581  26.005  -63.768  -0.195 0.0000000000
21582  25.388  -63.534  0.162 0.0000000000
21583  25.010  -63.191  0.177 0.0000000000
22594  15.172  -62.603  3.161 0.0000000000
22595  14.280  -62.976  3.183 0.0000000000
22614  25.444  -62.488  0.970 0.0000000000
22616  23.239  -62.549  1.140 0.0000000000
22617  22.252  -62.694  1.345 0.0000000000
22618  21.640  -62.984  1.270 0.0000000000
22627  26.002  -63.325  0.042 0.0000000000
22628  25.433  -62.865  0.306 0.0000000000
23619  12.222  -61.012  7.507 0.0000000000
23620  11.187  -60.994  7.099 0.0000000000
23682  15.493  -61.977  3.032 0.0000000000
23695  18.235  -61.208  2.356 0.0000000000
23696  17.558  -61.705  2.632 0.0000000000
23706  24.840  -61.970  0.964 0.0000000000
23718  24.936  -62.285  0.643 0.0000000000
23719  24.305  -61.637  0.743 0.0000000000
24737  12.079  -60.544  6.548 0.0000000000
24738  11.126  -60.621  6.126 0.0000000000
24752  11.988  -60.111  5.592 0.0000000000
24786  18.796  -60.845  2.643 0.0000000000
24787  18.418  -60.969  2.511 0.0000000000
24795  23.604  -60.883  1.979 0.0000000000
24796  22.982  -60.637  2.172 0.0000000000
24798  21.032  -60.445  2.396 0.0000000000
24799  20.141  -60.631  2.307 0.0000000000
24800  19.312  -60.689  2.234 0.0000000000
24801  18.682  -60.860  2.195 0.0000000000
24814  24.000  -60.972  1.436 0.0000000000
24815  23.352  -60.785  1.473 0.0000000000
24830  24.248  -61.083  1.016 0.0000000000
25890  18.620  -59.122  6.700 0.0000000000
25891  17.822  -58.916  6.621 0.0000000000
25948  30.157  -59.057  0.923 0.0000000000
25957  30.720  -59.496  0.249 0.0000000000
26916  18.003  -58.145  9.374 0.0000000000
26979  17.449  -58.171  5.999 0.0000000000
26995  18.511  -57.423  5.543 0.0000000000
26996  17.940  -57.533  5.502 0.0000000000
26997  16.899  -57.440  5.439 0.0000000000
26999  14.742  -57.898  5.091 0.0000000000
27048  30.140  -58.668  0.434 0.0000000000
27054  30.209  -58.034  -0.050 0.0000000000
28003  20.219  -57.064  13.205 0.0000000000
28031  20.624  -57.087  12.778 0.0000000000
28056  20.674  -57.218  12.088 0.0000000000
28097  18.622  -57.460  9.353 0.0000000000
28166  18.260  -56.907  5.230 0.0000000000
28167  17.448  -56.836  5.105 0.0000000000
28168  16.383  -56.669  4.788 0.0000000000
28181  15.955  -56.428  4.549 0.0000000000
28210  29.417  -57.864  1.186 0.0000000000
28211  28.844  -57.188  1.829 0.0000000000
28219  29.662  -57.495  0.443 0.0000000000
28220  28.903  -57.153  1.014 0.0000000000
28223  30.598  -57.638  -0.339 0.0000000000
28224  30.200  -57.418  -0.009 0.0000000000
29166  21.433  -56.113  12.745 0.0000000000
29167  20.810  -56.401  13.152 0.0000000000
29168  19.925  -56.437  13.435 0.0000000000
29185  21.596  -56.163  12.136 0.0000000000
29186  21.123  -56.649  12.449 0.0000000000
29211  21.581  -56.042  11.726 0.0000000000
29212  21.149  -56.452  11.555 0.0000000000
29236  20.518  -56.496  10.768 0.0000000000
29256  19.357  -56.257  9.291 0.0000000000
29257  19.034  -56.795  9.282 0.0000000000
29275  19.155  -56.034  8.917 0.0000000000
29276  18.761  -56.351  8.675 0.0000000000
29294  15.685  -56.453  6.614 0.0000000000
29308  16.995  -55.893  6.492 0.0000000000
29309  16.281  -55.923  6.205 0.0000000000
29324  19.330  -56.158  5.263 0.0000000000
29326  17.944  -56.388  4.743 0.0000000000
29327  17.183  -56.334  4.734 0.0000000000
29339  26.490  -56.347  5.127 0.0000000000
29356  28.519  -56.484  3.851 0.0000000000
29357  27.803  -55.939  4.158 0.0000000000
29362  28.597  -56.365  2.581 0.0000000000
29381  30.421  -57.136  -0.210 0.0000000000
30292  22.386  -55.056  12.961 0.0000000000
30293  21.513  -55.497  13.242 0.0000000000
30294  20.506  -55.581  13.502 0.0000000000
30295  19.549  -55.633  13.602 0.0000000000
30296  18.648  -55.665  13.492 0.0000000000
30306  22.538  -55.188  12.215 0.0000000000
30307  21.949  -55.658  12.542 0.0000000000
30309  16.338  -55.542  12.011 0.0000000000
30327  22.442  -55.163  11.468 0.0000000000
30328  22.014  -55.691  11.788 0.0000000000
30329  21.582  -55.839  11.382 0.0000000000
30330  16.033  -55.106  11.278 0.0000000000
30350  22.348  -55.076  11.141 0.0000000000
30351  22.013  -55.326  11.069 0.0000000000
30352  21.160  -55.637  10.773 0.0000000000
30353  20.329  -55.621  10.260 0.0000000000
30354  15.994  -54.794  11.124 0.0000000000
30375  19.764  -55.524  9.617 0.0000000000
30393  19.225  -55.455  8.865 0.0000000000
30394  18.744  -55.269  7.967 0.0000000000
30405  18.091  -55.163  7.094 0.0000000000
30406  17.472  -55.475  6.605 0.0000000000
30417  17.626  -54.803  6.460 0.0000000000
30418  17.001  -55.236  6.027 0.0000000000
30430  19.190  -55.159  4.942 0.0000000000
30431  16.906  -55.327  5.374 0.0000000000
30432  16.296  -55.629  4.943 0.0000000000
30440  27.094  -55.755  4.581 0.0000000000
30442  24.871  -55.370  4.232 0.0000000000
30457  28.162  -55.557  3.395 0.0000000000
30459  24.067  -55.169  3.585 0.0000000000
30460  23.587  -54.856  3.554 0.0000000000
30466  28.532  -55.398  2.184 0.0000000000
31428  22.579  -54.464  13.082 0.0000000000
31429  22.045  -54.600  13.399 0.0000000000
31430  21.098  -54.721  13.630 0.0000000000
31431  20.109  -54.765  13.739 0.0000000000
31432  19.123  -54.750  13.589 0.0000000000
31433  18.428  -54.977  13.345 0.0000000000
31438  23.428  -54.085  12.357 0.0000000000
31439  23.035  -54.370  12.571 0.0000000000
31440  18.512  -54.392  13.383 0.0000000000
31442  16.907  -54.575  12.472 0.0000000000
31451  23.450  -54.261  12.020 0.0000000000
31452  22.943  -54.740  11.761 0.0000000000
31453  16.301  -54.549  11.522 0.0000000000
31464  23.218  -54.331  11.339 0.0000000000
31465  22.533  -54.663  10.933 0.0000000000
31466  21.590  -54.668  10.507 0.0000000000
31467  20.668  -54.719  10.238 0.0000000000
31469  15.824  -54.398  10.987 0.0000000000
31487  19.661  -54.460  9.264 0.0000000000
31506  19.046  -54.321  8.288 0.0000000000
31507  18.460  -54.232  7.489 0.0000000000
31522  17.958  -54.022  6.829 0.0000000000
31535  19.275  -54.256  5.592 0.0000000000
31550  17.825  -54.497  5.156 0.0000000000
31551  17.357  -54.857  5.284 0.0000000000
31565  17.545  -54.859  4.935 0.0000000000
32598  23.366  -53.177  13.132 0.0000000000
32599  22.771  -53.776  13.214 0.0000000000
32600  21.622  -53.860  13.593 0.0000000000
32601  20.637  -53.918  13.695 0.0000000000
32602  19.705  -53.939  13.588 0.0000000000
32603  18.930  -53.896  13.484 0.0000000000
32613  24.624  -53.149  11.963 0.0000000000
32614  23.792  -53.623  12.455 0.0000000000
32615  23.220  -53.943  12.782 0.0000000000
32616  18.313  -53.760  13.263 0.0000000000
32618  16.678  -53.554  12.175 0.0000000000
32630  24.423  -53.434  11.478 0.0000000000
32631  23.736  -53.896  11.459 0.0000000000
32632  15.947  -53.460  11.260 0.0000000000
32645  24.017  -53.539  10.802 0.0000000000
32646  23.217  -53.841  10.608 0.0000000000
32647  22.002  -53.550  10.180 0.0000000000
32648  20.978  -53.878  10.115 0.0000000000
32649  20.524  -54.091  9.927 0.0000000000
32650  15.634  -53.973  10.718 0.0000000000
32651  15.345  -53.392  10.330 0.0000000000
32664  21.670  -52.888  9.611 0.0000000000
32665  21.133  -53.101  9.623 0.0000000000
32666  20.290  -53.506  9.387 0.0000000000
32668  14.728  -53.230  9.677 0.0000000000
32683  18.298  -53.602  7.220 0.0000000000
32716  19.863  -53.259  6.329 0.0000000000
32717  18.887  -53.487  6.006 0.0000000000
32730  18.745  -54.088  5.522 0.0000000000
32731  18.308  -54.083  5.650 0.0000000000
32758  22.624  -53.774  2.997 0.0000000000
33873  22.860  -52.747  13.355 0.0000000000
33874  21.999  -52.975  13.636 0.0000000000
33875  21.058  -53.115  13.543 0.0000000000
33876  20.160  -53.101  13.417 0.0000000000
33877  19.272  -53.244  13.389 0.0000000000
33878  18.744  -53.396  13.338 0.0000000000
33894  25.389  -51.984  12.095 0.0000000000
33895  24.832  -52.404  12.253 0.0000000000
33896  23.710  -52.414  12.983 0.0000000000
33897  20.187  -52.469  13.322 0.0000000000
33898  19.614  -52.488  13.252 0.0000000000
33899  18.510  -52.771  13.079 0.0000000000
33900  17.389  -52.583  12.515 0.0000000000
33915  26.070  -51.836  11.348 0.0000000000
33916  25.710  -52.022  11.622 0.0000000000
33917  25.038  -52.764  11.442 0.0000000000
33933  26.203  -51.931  11.045 0.0000000000
33934  25.662  -52.346  10.652 0.0000000000
33935  24.691  -52.968  10.532 0.0000000000
33936  23.771  -53.132  10.117 0.0000000000
33937  22.914  -53.126  9.944 0.0000000000
33950  25.166  -52.372  9.833 0.0000000000
33951  24.283  -52.440  9.678 0.0000000000
33952  23.291  -52.369  9.613 0.0000000000
33953  22.223  -52.469  9.509 0.0000000000
33954  21.330  -52.330  9.311 0.0000000000
33955  20.576  -52.446  9.118 0.0000000000
33957  15.082  -52.453  9.644 0.0000000000
33958  14.578  -52.608  9.232 0.0000000000
33971  14.803  -52.137  8.969 0.0000000000
33972  14.346  -52.268  8.524 0.0000000000
34003  20.157  -52.154  6.646 0.0000000000
34004  19.325  -52.689  6.647 0.0000000000
34031  22.966  -52.717  3.872 0.0000000000
34032  22.671  -52.311  3.482 0.0000000000
34050  22.804  -53.333  3.315 0.0000000000
34051  22.781  -52.914  3.142 0.0000000000
34066  22.820  -52.628  2.856 0.0000000000
35172  22.945  -51.990  13.274 0.0000000000
35173  22.174  -52.136  13.334 0.0000000000
35174  21.284  -52.332  13.366 0.0000000000
35175  20.613  -52.553  13.362 0.0000000000
35193  25.419  -51.409  12.177 0.0000000000
35194  24.364  -51.436  12.678 0.0000000000
35195  23.373  -51.363  13.036 0.0000000000
35196  22.439  -51.343  13.123 0.0000000000
35197  21.489  -51.475  13.170 0.0000000000
35198  20.371  -51.785  13.213 0.0000000000
35199  19.215  -51.689  12.937 0.0000000000
35218  26.249  -51.477  11.373 0.0000000000
35219  25.860  -51.488  11.736 0.0000000000
35237  27.222  -50.987  10.229 0.0000000000
35238  26.702  -51.395  10.578 0.0000000000
35239  26.177  -51.878  10.475 0.0000000000
35254  27.323  -50.777  9.880 0.0000000000
35255  26.965  -51.126  9.658 0.0000000000
35256  25.988  -51.667  9.625 0.0000000000
35257  24.807  -51.679  9.227 0.0000000000
35258  23.823  -51.690  9.166 0.0000000000
35261  20.831  -51.668  8.921 0.0000000000
35262  20.182  -51.755  8.730 0.0000000000
35277  26.530  -51.034  9.142 0.0000000000
35278  26.066  -51.079  8.814 0.0000000000
35279  24.280  -51.182  8.843 0.0000000000
35280  23.548  -50.911  8.716 0.0000000000
35282  21.069  -51.107  8.647 0.0000000000
35283  20.412  -51.089  8.460 0.0000000000
35284  19.650  -51.435  8.171 0.0000000000
35301  19.353  -51.539  7.494 0.0000000000
35315  20.571  -51.242  6.840 0.0000000000
35329  22.659  -50.983  5.881 0.0000000000
35345  22.650  -51.710  3.918 0.0000000000
35364  22.594  -51.873  3.199 0.0000000000
36491  26.432  -49.796  11.859 0.0000000000
36492  25.873  -50.265  12.102 0.0000000000
36493  24.848  -50.455  12.527 0.0000000000
36494  23.827  -50.500  12.814 0.0000000000
36496  21.835  -50.609  12.926 0.0000000000
36497  20.827  -50.708  12.996 0.0000000000
36498  19.786  -50.738  12.939 0.0000000000
36499  18.792  -50.724  12.635 0.0000000000
36518  27.411  -49.926  10.879 0.0000000000
36519  26.855  -50.433  11.341 0.0000000000
36520  26.037  -51.012  11.739 0.0000000000
36521  18.311  -50.284  12.400 0.0000000000
36541  27.430  -50.347  10.344 0.0000000000
36542  27.158  -50.858  10.669 0.0000000000
36560  27.355  -50.401  9.334 0.0000000000
36561  26.913  -50.783  9.137 0.0000000000
36562  25.289  -51.105  8.871 0.0000000000
36563  24.718  -51.080  8.858 0.0000000000
36565  21.424  -50.910  8.669 0.0000000000
36566  15.917  -50.057  9.457 0.0000000000
36581  27.324  -50.084  8.735 0.0000000000
36582  26.673  -50.413  8.514 0.0000000000
36583  25.673  -50.659  8.321 0.0000000000
36584  24.500  -50.539  8.272 0.0000000000
36585  23.263  -50.235  8.016 0.0000000000
36587  21.103  -50.417  8.271 0.0000000000
36588  20.081  -50.566  7.720 0.0000000000
36589  19.561  -51.028  7.666 0.0000000000
36590  15.964  -49.975  7.294 0.0000000000
36606  26.494  -50.054  8.053 0.0000000000
36607  26.123  -50.194  7.896 0.0000000000
36608  25.332  -50.299  7.776 0.0000000000
36609  23.124  -49.970  7.679 0.0000000000
36612  19.580  -50.878  7.284 0.0000000000
36613  15.993  -49.839  6.666 0.0000000000
36628  22.051  -50.754  6.250 0.0000000000
36629  21.183  -50.493  6.644 0.0000000000
36630  20.282  -50.613  6.915 0.0000000000
36631  19.811  -50.815  7.055 0.0000000000
36644  22.882  -50.931  5.344 0.0000000000
36645  22.427  -50.554  5.470 0.0000000000
36646  21.830  -50.219  5.809 0.0000000000
36668  22.343  -50.200  4.874 0.0000000000
36685  22.529  -50.723  3.889 0.0000000000
37824  26.079  -49.161  12.163 0.0000000000
37825  25.157  -49.476  12.320 0.0000000000
37826  24.208  -49.608  12.515 0.0000000000
37827  23.219  -49.679  12.662 0.0000000000
37830  20.282  -49.932  12.717 0.0000000000
37831  19.342  -49.788  12.550 0.0000000000
37832  18.736  -50.057  12.499 0.0000000000
37849  27.421  -49.437  11.187 0.0000000000
37850  26.869  -49.287  11.708 0.0000000000
37851  19.150  -49.345  12.335 0.0000000000
37852  18.539  -49.514  12.236 0.0000000000
37853  17.516  -49.356  11.512 0.0000000000
37854  16.762  -49.571  10.968 0.0000000000
37876  28.170  -49.093  10.483 0.0000000000
37877  27.845  -49.424  10.573 0.0000000000
37878  17.039  -48.961  10.970 0.0000000000
37879  16.647  -49.218  10.358 0.0000000000
37900  28.249  -49.176  10.150 0.0000000000
37901  27.856  -49.702  9.786 0.0000000000
37902  16.343  -49.453  9.404 0.0000000000
37903  15.971  -49.950  8.857 0.0000000000
37921  28.231  -49.168  9.515 0.0000000000
37922  27.782  -49.509  8.890 0.0000000000
37923  27.215  -49.785  8.396 0.0000000000
37924  24.346  -50.156  7.851 0.0000000000
37925  24.009  -50.027  7.854 0.0000000000
37928  20.803  -49.977  7.544 0.0000000000
37929  16.316  -49.435  8.097 0.0000000000
37946  27.415  -49.224  8.229 0.0000000000
37947  26.696  -49.545  7.746 0.0000000000
37948  25.746  -49.818  7.270 0.0000000000
37949  24.587  -49.878  7.429 0.0000000000
37950  23.359  -49.710  7.389 0.0000000000
37952  21.265  -49.569  7.039 0.0000000000
37954  16.259  -49.207  6.810 0.0000000000
37971  26.216  -49.224  6.840 0.0000000000
37972  25.332  -49.254  6.351 0.0000000000
37973  24.102  -49.424  6.451 0.0000000000
37974  22.936  -49.271  6.357 0.0000000000
37975  21.937  -49.277  6.460 0.0000000000
37976  21.418  -49.807  6.298 0.0000000000
37977  20.748  -50.158  6.706 0.0000000000
37979  15.561  -49.497  6.292 0.0000000000
37992  25.210  -48.840  5.717 0.0000000000
37993  24.650  -49.023  5.652 0.0000000000
37994  23.780  -49.122  5.658 0.0000000000
38012  22.358  -49.292  4.298 0.0000000000
38024  22.494  -49.772  3.723 0.0000000000
39049  25.944  -48.198  12.270 0.0000000000
39050  25.315  -48.604  12.251 0.0000000000
39051  24.504  -48.708  12.224 0.0000000000
39052  23.589  -48.861  12.273 0.0000000000
39055  20.585  -49.206  12.452 0.0000000000
39056  19.940  -49.396  12.528 0.0000000000
39072  28.324  -48.084  11.319 0.0000000000
39073  27.678  -48.509  11.536 0.0000000000
39074  26.738  -48.371  12.085 0.0000000000
39075  24.456  -48.102  12.127 0.0000000000
39076  23.947  -48.101  12.016 0.0000000000
39079  20.898  -48.314  12.138 0.0000000000
39080  19.564  -48.760  12.219 0.0000000000
39081  18.346  -48.495  11.730 0.0000000000
39082  17.527  -48.420  11.187 0.0000000000
39105  28.334  -48.629  10.702 0.0000000000
39106  27.854  -49.022  11.033 0.0000000000
39107  17.074  -48.415  10.493 0.0000000000
39108  16.687  -48.722  9.799 0.0000000000
39131  28.462  -48.670  9.847 0.0000000000
39133  16.605  -48.468  8.847 0.0000000000
39153  28.372  -48.525  9.012 0.0000000000
39154  27.881  -48.798  8.395 0.0000000000
39155  16.621  -48.477  7.510 0.0000000000
39171  28.181  -48.163  8.213 0.0000000000
39172  27.501  -48.487  7.697 0.0000000000
39173  26.748  -48.531  6.987 0.0000000000
39174  16.930  -48.281  6.408 0.0000000000
39188  26.165  -48.508  6.318 0.0000000000
39189  25.634  -48.440  5.755 0.0000000000
39190  22.470  -49.171  5.875 0.0000000000
39191  21.968  -49.329  5.820 0.0000000000
39192  21.860  -49.592  5.720 0.0000000000
39193  16.629  -48.146  6.117 0.0000000000
39194  15.915  -48.445  6.281 0.0000000000
39206  25.105  -48.422  5.276 0.0000000000
39207  24.221  -48.445  4.892 0.0000000000
39208  23.088  -48.899  5.268 0.0000000000
39209  22.415  -49.141  5.303 0.0000000000
39210  22.169  -49.483  5.332 0.0000000000
39223  24.053  -48.031  4.353 0.0000000000
39224  23.461  -48.366  4.237 0.0000000000
39225  22.633  -48.894  4.619 0.0000000000
39226  22.371  -49.277  4.856 0.0000000000
39236  23.401  -48.457  3.546 0.0000000000
39237  22.667  -48.840  3.863 0.0000000000
40246  25.766  -47.675  12.302 0.0000000000
40247  25.311  -47.876  12.287 0.0000000000
40248  24.824  -48.144  12.231 0.0000000000
40259  28.126  -47.472  11.645 0.0000000000
40260  27.310  -47.512  12.081 0.0000000000
40261  26.311  -47.419  12.281 0.0000000000
40262  25.461  -47.192  12.253 0.0000000000
40263  24.556  -47.434  12.064 0.0000000000
40264  23.518  -47.312  11.747 0.0000000000
40267  20.247  -47.510  11.734 0.0000000000
40268  19.102  -47.605  11.645 0.0000000000
40269  17.962  -47.452  11.211 0.0000000000
40270  17.440  -47.944  10.865 0.0000000000
40281  28.666  -47.495  11.005 0.0000000000
40282  17.758  -47.019  10.590 0.0000000000
40283  17.357  -47.571  10.337 0.0000000000
40294  28.775  -47.688  9.869 0.0000000000
40295  17.126  -47.470  9.149 0.0000000000
40296  16.867  -47.844  8.135 0.0000000000
40310  28.620  -47.323  8.605 0.0000000000
40311  17.156  -47.163  8.032 0.0000000000
40312  17.020  -47.733  7.201 0.0000000000
40326  28.065  -47.465  7.627 0.0000000000
40327  27.275  -47.550  6.875 0.0000000000
40328  26.627  -47.866  6.447 0.0000000000
40329  17.302  -47.114  7.144 0.0000000000
40330  17.194  -47.565  6.611 0.0000000000
40340  26.789  -47.234  6.240 0.0000000000
40341  26.216  -47.566  5.742 0.0000000000
40342  25.587  -47.868  5.296 0.0000000000
40343  17.198  -47.064  6.691 0.0000000000
40344  16.974  -47.441  6.456 0.0000000000
40352  25.821  -47.302  5.053 0.0000000000
40353  25.141  -47.640  4.626 0.0000000000
40354  24.443  -47.804  4.379 0.0000000000
40365  24.661  -47.356  4.169 0.0000000000
40366  24.155  -47.563  3.934 0.0000000000
40367  23.762  -47.898  3.640 0.0000000000
40383  24.104  -47.473  3.435 0.0000000000
40384  23.836  -47.755  3.174 0.0000000000
41310  28.426  -46.100  11.862 0.0000000000
41311  28.235  -46.075  12.087 0.0000000000
41312  27.673  -45.998  12.360 0.0000000000
41318  28.555  -46.367  11.555 0.0000000000
41319  27.845  -46.677  12.093 0.0000000000
41320  26.923  -46.455  12.414 0.0000000000
41321  25.889  -46.427  12.198 0.0000000000
41322  24.984  -46.392  11.896 0.0000000000
41324  23.019  -46.419  11.460 0.0000000000
41326  20.757  -46.368  11.374 0.0000000000
41327  19.687  -46.641  11.433 0.0000000000
41328  18.809  -46.836  11.294 0.0000000000
41342  29.353  -45.826  10.212 0.0000000000
41343  29.126  -46.425  10.493 0.0000000000
41346  19.085  -46.212  11.159 0.0000000000
41347  18.314  -46.412  10.636 0.0000000000
41348  17.580  -46.777  9.952 0.0000000000
41361  29.335  -46.035  9.865 0.0000000000
41362  29.164  -46.490  9.376 0.0000000000
41363  17.959  -46.084  9.767 0.0000000000
41364  17.501  -46.413  8.892 0.0000000000
41378  28.865  -46.278  8.543 0.0000000000
41379  17.360  -46.486  7.789 0.0000000000
41393  28.422  -46.474  7.811 0.0000000000
41394  27.742  -46.543  7.044 0.0000000000
41395  17.390  -46.502  7.052 0.0000000000
41403  27.176  -46.611  6.331 0.0000000000
41404  26.674  -46.617  5.773 0.0000000000
41405  17.180  -46.471  6.683 0.0000000000
41415  26.242  -46.661  5.163 0.0000000000
41416  25.693  -46.696  4.628 0.0000000000
41435  25.049  -46.762  4.080 0.0000000000
41436  24.598  -47.114  3.876 0.0000000000
41455  25.122  -46.206  3.704 0.0000000000
41456  24.579  -46.811  3.368 0.0000000000
41457  24.165  -47.317  3.207 0.0000000000
42358  28.473  -45.833  11.913 0.0000000000
42359  28.130  -45.289  12.294 0.0000000000
42360  27.107  -45.376  12.500 0.0000000000
42366  29.347  -44.857  11.228 0.0000000000
42367  28.911  -45.250  11.669 0.0000000000
42368  28.577  -44.815  12.147 0.0000000000
42369  26.224  -45.547  12.302 0.0000000000
42370  25.428  -45.526  11.954 0.0000000000
42371  24.485  -45.347  11.500 0.0000000000
42376  19.650  -45.931  11.206 0.0000000000
42389  29.383  -45.342  10.689 0.0000000000
42390  29.046  -45.871  11.135 0.0000000000
42391  23.788  -44.812  11.100 0.0000000000
42392  23.061  -44.816  10.870 0.0000000000
42397  18.424  -45.654  10.071 0.0000000000
42412  29.442  -45.441  9.775 0.0000000000
42413  29.321  -45.880  9.480 0.0000000000
42414  18.731  -45.149  9.946 0.0000000000
42415  18.153  -45.279  9.125 0.0000000000
42416  17.581  -45.827  8.233 0.0000000000
42432  29.468  -44.957  9.361 0.0000000000
42433  29.270  -45.508  8.927 0.0000000000
42434  17.936  -45.258  7.752 0.0000000000
42435  17.494  -45.944  7.534 0.0000000000
42445  28.781  -45.556  8.006 0.0000000000
42446  28.164  -45.596  7.227 0.0000000000
42447  17.986  -45.058  6.779 0.0000000000
42448  17.505  -45.749  6.999 0.0000000000
42450  15.622  -45.428  7.714 0.0000000000
42457  27.429  -45.587  6.303 0.0000000000
42458  26.950  -46.083  5.935 0.0000000000
42459  17.947  -44.765  6.316 0.0000000000
42460  17.410  -45.349  6.566 0.0000000000
42478  27.186  -45.000  5.763 0.0000000000
42479  26.579  -45.557  5.296 0.0000000000
42480  26.072  -46.142  4.809 0.0000000000
42498  26.289  -45.097  4.570 0.0000000000
42499  25.676  -45.670  4.260 0.0000000000
42509  25.158  -45.605  3.183 0.0000000000
42510  24.779  -46.162  2.861 0.0000000000
42520  25.182  -45.131  2.610 0.0000000000
43495  27.401  -44.422  12.542 0.0000000000
43496  26.269  -44.435  12.348 0.0000000000
43497  25.691  -43.878  12.131 0.0000000000
43503  29.296  -44.338  11.533 0.0000000000
43504  28.859  -44.318  12.063 0.0000000000
43505  28.252  -44.334  12.387 0.0000000000
43506  25.754  -44.985  12.170 0.0000000000
43507  25.204  -44.391  11.870 0.0000000000
43508  24.280  -44.237  11.193 0.0000000000
43523  29.579  -44.407  10.876 0.0000000000
43524  23.560  -44.110  10.644 0.0000000000
43525  22.638  -43.997  10.152 0.0000000000
43527  20.654  -44.708  10.266 0.0000000000
43528  19.710  -44.894  10.222 0.0000000000
43529  19.132  -44.986  10.125 0.0000000000
43549  29.697  -44.434  9.910 0.0000000000
43550  22.358  -43.412  9.656 0.0000000000
43553  20.006  -44.279  9.647 0.0000000000
43554  19.001  -44.579  9.461 0.0000000000
43555  18.559  -44.750  9.050 0.0000000000
43570  29.468  -44.422  8.842 0.0000000000
43571  29.137  -44.865  8.212 0.0000000000
43572  19.115  -44.194  8.809 0.0000000000
43573  18.618  -44.503  8.457 0.0000000000
43574  15.310  -44.374  8.329 0.0000000000
43581  29.234  -44.188  8.020 0.0000000000
43582  28.624  -44.546  7.418 0.0000000000
43583  27.987  -44.872  6.755 0.0000000000
43584  18.444  -44.535  7.325 0.0000000000
43586  16.064  -44.498  7.689 0.0000000000
43600  28.156  -44.198  6.672 0.0000000000
43601  27.525  -44.424  6.184 0.0000000000
43602  18.427  -44.322  6.378 0.0000000000
43603  18.036  -44.294  5.908 0.0000000000
43621  26.987  -44.402  5.467 0.0000000000
43622  26.506  -44.452  4.781 0.0000000000
43623  18.580  -43.841  5.856 0.0000000000
43635  26.149  -44.628  4.127 0.0000000000
43636  25.720  -44.728  3.556 0.0000000000
43645  25.418  -44.604  2.863 0.0000000000
44650  27.785  -43.541  12.624 0.0000000000
44651  26.850  -43.470  12.667 0.0000000000
44652  26.016  -43.341  12.308 0.0000000000
44663  29.599  -43.584  11.208 0.0000000000
44664  29.155  -43.499  11.872 0.0000000000
44665  28.536  -43.536  12.322 0.0000000000
44666  25.354  -43.314  11.888 0.0000000000
44667  24.645  -43.357  11.413 0.0000000000
44682  29.796  -43.761  10.537 0.0000000000
44683  23.972  -43.311  10.788 0.0000000000
44684  23.364  -43.283  10.223 0.0000000000
44703  29.972  -43.448  9.995 0.0000000000
44704  22.836  -43.019  9.697 0.0000000000
44705  22.044  -42.884  9.183 0.0000000000
44708  19.528  -44.059  9.043 0.0000000000
44717  29.818  -43.480  9.214 0.0000000000
44718  21.789  -42.377  8.799 0.0000000000
44719  21.354  -42.624  8.578 0.0000000000
44720  20.442  -42.927  8.027 0.0000000000
44722  18.791  -44.115  7.764 0.0000000000
44723  14.913  -43.361  8.654 0.0000000000
44736  29.511  -43.452  8.301 0.0000000000
44738  20.139  -42.616  7.273 0.0000000000
44739  19.664  -43.098  6.900 0.0000000000
44740  18.945  -43.904  7.069 0.0000000000
44742  16.583  -43.614  7.489 0.0000000000
44743  15.772  -43.529  8.196 0.0000000000
44760  28.597  -43.578  6.816 0.0000000000
44761  28.014  -43.540  6.233 0.0000000000
44762  19.431  -42.960  5.819 0.0000000000
44763  19.069  -43.657  6.111 0.0000000000
44775  27.435  -43.537  5.655 0.0000000000
44776  26.884  -43.525  4.985 0.0000000000
44777  19.194  -42.743  5.497 0.0000000000
44778  18.907  -43.298  5.414 0.0000000000
44788  26.326  -43.565  4.131 0.0000000000
44789  25.935  -44.127  3.796 0.0000000000
44798  26.263  -43.056  3.560 0.0000000000
44799  25.824  -43.683  3.286 0.0000000000
45781  28.138  -42.226  12.674 0.0000000000
45782  27.398  -42.522  12.711 0.0000000000
45783  26.409  -42.470  12.498 0.0000000000
45799  30.139  -42.081  11.137 0.0000000000
45800  29.565  -42.542  11.587 0.0000000000
45801  28.799  -42.572  12.284 0.0000000000
45802  28.159  -42.888  12.569 0.0000000000
45823  30.291  -41.963  10.433 0.0000000000
45824  29.960  -42.863  10.658 0.0000000000
45825  23.717  -42.388  10.281 0.0000000000
45826  23.285  -42.737  9.983 0.0000000000
45840  30.389  -41.652  9.711 0.0000000000
45841  30.183  -42.573  9.662 0.0000000000
45842  23.527  -41.910  9.983 0.0000000000
45843  23.166  -42.190  9.771 0.0000000000
45844  22.612  -42.347  9.363 0.0000000000
45857  30.345  -41.925  9.107 0.0000000000
45858  30.018  -42.498  8.598 0.0000000000
45859  22.168  -42.060  8.939 0.0000000000
45860  21.585  -41.900  8.401 0.0000000000
45861  21.044  -42.269  7.986 0.0000000000
45862  15.368  -42.510  8.513 0.0000000000
45863  14.604  -42.272  9.003 0.0000000000
45879  21.142  -41.684  7.719 0.0000000000
45880  20.549  -42.065  7.255 0.0000000000
45881  20.034  -42.405  6.830 0.0000000000
45883  16.908  -42.588  7.499 0.0000000000
45884  16.202  -42.631  8.100 0.0000000000
45899  28.505  -42.602  6.288 0.0000000000
45900  27.933  -42.899  5.767 0.0000000000
45901  20.198  -41.885  6.479 0.0000000000
45902  19.779  -42.386  6.236 0.0000000000
45914  28.054  -42.258  5.741 0.0000000000
45916  26.857  -42.794  4.526 0.0000000000
45917  20.010  -41.785  5.884 0.0000000000
45919  18.942  -42.404  5.541 0.0000000000
45930  27.060  -42.037  4.467 0.0000000000
45931  26.619  -42.377  3.839 0.0000000000
45940  26.271  -42.557  3.042 0.0000000000
46936  28.534  -41.595  12.683 0.0000000000
46937  27.676  -41.504  12.816 0.0000000000
46938  26.778  -41.520  12.574 0.0000000000
46939  25.901  -41.522  12.282 0.0000000000
46956  30.374  -41.331  11.059 0.0000000000
46957  29.948  -41.495  11.703 0.0000000000
46958  29.293  -41.668  12.242 0.0000000000
46977  30.476  -41.170  10.320 0.0000000000
46978  24.151  -41.484  10.552 0.0000000000
46979  23.779  -41.107  10.181 0.0000000000
46995  30.513  -40.982  9.677 0.0000000000
46996  23.731  -41.658  10.148 0.0000000000
46997  23.384  -41.351  9.813 0.0000000000
46998  22.725  -41.486  9.281 0.0000000000
47015  30.459  -41.253  9.125 0.0000000000
47016  30.257  -41.513  8.562 0.0000000000
47017  22.105  -41.254  8.653 0.0000000000
47018  21.514  -40.995  7.953 0.0000000000
47019  15.073  -41.413  8.752 0.0000000000
47034  29.886  -41.742  7.994 0.0000000000
47035  20.894  -41.101  7.027 0.0000000000
47036  20.487  -41.538  6.714 0.0000000000
47038  16.430  -41.635  7.918 0.0000000000
47039  15.759  -41.766  8.333 0.0000000000
47050  28.233  -40.914  5.997 0.0000000000
47051  20.690  -40.678  6.476 0.0000000000
47052  20.413  -41.106  6.113 0.0000000000
47053  19.035  -41.197  6.082 0.0000000000
47064  28.330  -41.913  5.965 0.0000000000
47065  27.955  -41.390  5.665 0.0000000000
47066  19.937  -41.227  5.478 0.0000000000
47068  18.926  -41.769  5.798 0.0000000000
47079  26.799  -41.241  4.098 0.0000000000
47089  26.443  -41.302  3.305 0.0000000000
48091  28.115  -40.552  12.992 0.0000000000
48092  27.063  -40.564  12.829 0.0000000000
48093  26.178  -40.573  12.473 0.0000000000
48094  25.449  -40.597  11.972 0.0000000000
48110  30.332  -40.467  11.695 0.0000000000
48111  29.655  -40.760  12.366 0.0000000000
48112  28.971  -40.958  12.688 0.0000000000
48122  30.590  -40.637  10.877 0.0000000000
48123  24.016  -40.524  10.463 0.0000000000
48124  23.556  -40.484  9.974 0.0000000000
48140  30.622  -40.405  10.162 0.0000000000
48161  30.583  -40.407  9.117 0.0000000000
48162  30.403  -40.957  8.679 0.0000000000
48163  21.962  -40.425  8.452 0.0000000000
48164  21.620  -40.189  7.965 0.0000000000
48165  14.721  -40.284  8.646 0.0000000000
48166  14.057  -39.883  8.943 0.0000000000
48177  30.541  -39.979  8.548 0.0000000000
48178  30.204  -40.616  7.994 0.0000000000
48179  21.255  -40.318  7.414 0.0000000000
48182  16.710  -40.545  7.750 0.0000000000
48183  15.696  -40.634  8.239 0.0000000000
48193  28.442  -40.194  6.044 0.0000000000
48195  20.881  -40.261  6.776 0.0000000000
48197  19.346  -40.431  6.071 0.0000000000
48222  27.152  -40.271  4.386 0.0000000000
49222  29.060  -39.258  13.134 0.0000000000
49223  28.229  -39.430  13.221 0.0000000000
49224  27.265  -39.588  13.182 0.0000000000
49225  26.427  -39.632  12.741 0.0000000000
49226  25.698  -39.633  12.197 0.0000000000
49234  30.396  -39.450  11.893 0.0000000000
49235  29.849  -39.669  12.595 0.0000000000
49236  29.031  -40.128  12.917 0.0000000000
49244  30.854  -39.712  11.054 0.0000000000
49246  24.375  -39.687  10.847 0.0000000000
49247  23.729  -39.688  10.313 0.0000000000
49267  30.827  -39.540  9.932 0.0000000000
49293  30.748  -39.425  8.988 0.0000000000
49295  21.825  -39.642  8.333 0.0000000000
49296  15.211  -39.563  8.381 0.0000000000
49297  14.463  -39.147  8.671 0.0000000000
49308  30.455  -39.412  8.198 0.0000000000
49310  21.420  -39.515  7.690 0.0000000000
49311  21.030  -39.188  7.226 0.0000000000
49314  17.150  -39.508  7.523 0.0000000000
49315  16.091  -39.258  7.985 0.0000000000
49326  29.130  -39.103  6.517 0.0000000000
49327  28.423  -39.122  5.777 0.0000000000
49328  21.041  -39.753  7.154 0.0000000000
49329  20.790  -39.431  6.585 0.0000000000
49330  19.597  -39.394  5.807 0.0000000000
49331  18.862  -39.459  6.548 0.0000000000
49359  26.947  -39.297  3.915 0.0000000000
50347  30.124  -38.198  12.569 0.0000000000
50348  29.512  -38.508  13.038 0.0000000000
50349  28.446  -38.459  13.354 0.0000000000
50350  27.432  -38.544  13.374 0.0000000000
50351  26.586  -38.702  13.034 0.0000000000
50352  25.988  -38.733  12.485 0.0000000000
50364  31.185  -37.930  11.332 0.0000000000
50365  30.658  -38.479  11.767 0.0000000000
50366  30.159  -38.873  12.396 0.0000000000
50367  25.444  -38.665  11.807 0.0000000000
50376  31.399  -37.764  10.820 0.0000000000
50377  31.201  -38.618  10.688 0.0000000000
50379  24.496  -38.699  10.731 0.0000000000
50380  23.919  -38.959  10.570 0.0000000000
50398  31.428  -37.899  10.100 0.0000000000
50399  31.131  -38.683  9.591 0.0000000000
50400  23.441  -38.820  10.072 0.0000000000
50425  31.359  -37.968  9.296 0.0000000000
50426  30.925  -38.482  8.620 0.0000000000
50428  21.680  -38.980  8.168 0.0000000000
50429  15.173  -38.495  8.453 0.0000000000
50430  14.258  -37.888  9.100 0.0000000000
50443  30.422  -38.507  7.735 0.0000000000
50444  29.871  -38.364  7.017 0.0000000000
50445  21.908  -38.405  8.174 0.0000000000
50446  21.414  -38.510  7.557 0.0000000000
50447  20.885  -38.737  6.954 0.0000000000
50450  15.900  -37.857  7.970 0.0000000000
50462  29.326  -37.990  6.460 0.0000000000
50463  28.709  -38.234  5.971 0.0000000000
50464  21.116  -38.080  6.848 0.0000000000
50465  20.834  -38.587  6.292 0.0000000000
50466  19.307  -38.762  6.179 0.0000000000
50483  21.024  -37.888  6.235 0.0000000000
50497  27.127  -38.386  4.236 0.0000000000
51411  30.351  -37.542  12.433 0.0000000000
51412  29.655  -37.520  12.969 0.0000000000
51413  28.698  -37.495  13.271 0.0000000000
51414  27.679  -37.558  13.240 0.0000000000
51415  26.708  -37.631  12.844 0.0000000000
51416  26.270  -38.174  12.644 0.0000000000
51424  31.280  -37.196  11.304 0.0000000000
51425  30.852  -37.430  11.841 0.0000000000
51426  26.404  -37.197  12.283 0.0000000000
51427  25.928  -37.705  12.152 0.0000000000
51435  31.607  -37.077  10.579 0.0000000000
51436  25.316  -37.749  11.355 0.0000000000
51437  24.738  -37.797  10.769 0.0000000000
51438  23.930  -37.978  10.356 0.0000000000
51457  31.710  -37.202  9.632 0.0000000000
51481  31.435  -37.462  8.609 0.0000000000
51482  30.928  -37.858  7.977 0.0000000000
51486  15.130  -37.302  8.551 0.0000000000
51497  31.243  -37.264  7.775 0.0000000000
51498  30.599  -37.528  7.196 0.0000000000
51499  29.888  -37.625  6.744 0.0000000000
51500  21.909  -37.704  7.949 0.0000000000
51501  21.513  -37.505  7.346 0.0000000000
51504  15.813  -36.817  8.217 0.0000000000
51515  30.121  -37.019  6.634 0.0000000000
51516  29.490  -37.208  6.416 0.0000000000
51517  28.918  -37.401  6.072 0.0000000000
51518  21.209  -37.281  6.667 0.0000000000
51533  28.359  -37.491  5.609 0.0000000000
51545  26.853  -37.495  3.879 0.0000000000
52563  30.540  -36.785  12.319 0.0000000000
52564  29.900  -36.749  12.760 0.0000000000
52565  28.992  -36.635  13.049 0.0000000000
52566  27.809  -36.518  12.871 0.0000000000
52567  27.239  -37.058  12.802 0.0000000000
52572  31.494  -36.311  11.276 0.0000000000
52573  30.967  -36.595  11.863 0.0000000000
52574  27.315  -36.069  12.266 0.0000000000
52575  26.829  -36.620  12.289 0.0000000000
52576  26.223  -36.909  11.899 0.0000000000
52581  32.467  -35.490  9.745 0.0000000000
52582  32.165  -36.044  10.232 0.0000000000
52583  25.711  -36.899  11.478 0.0000000000
52584  25.052  -36.869  10.977 0.0000000000
52599  32.422  -35.773  9.184 0.0000000000
52600  32.076  -36.617  8.998 0.0000000000
52622  32.257  -36.071  8.289 0.0000000000
52623  31.699  -36.704  8.077 0.0000000000
52625  21.881  -36.299  7.968 0.0000000000
52630  15.961  -35.877  8.595 0.0000000000
52643  31.926  -36.222  7.628 0.0000000000
52644  31.375  -36.606  7.166 0.0000000000
52645  30.716  -36.824  6.754 0.0000000000
52646  21.809  -36.971  7.823 0.0000000000
52647  21.581  -36.501  7.222 0.0000000000
52648  17.136  -36.245  7.444 0.0000000000
52649  16.294  -36.235  8.192 0.0000000000
52650  15.780  -36.387  8.392 0.0000000000
52659  31.011  -36.381  6.500 0.0000000000
52660  30.368  -36.477  6.408 0.0000000000
52661  29.704  -36.518  6.239 0.0000000000
52662  29.150  -36.821  6.107 0.0000000000
52663  21.135  -36.451  6.373 0.0000000000
52677  28.625  -36.735  5.742 0.0000000000
52679  20.714  -36.525  5.770 0.0000000000
52691  27.074  -36.691  4.244 0.0000000000
52704  26.487  -36.547  3.478 0.0000000000
52705  26.027  -36.219  2.831 0.0000000000
52718  25.701  -36.619  2.267 0.0000000000
53781  30.649  -36.262  12.196 0.0000000000
53782  30.193  -36.097  12.458 0.0000000000
53783  29.341  -35.976  12.672 0.0000000000
53784  28.490  -35.907  12.756 0.0000000000
53789  31.628  -35.298  11.263 0.0000000000
53790  30.815  -35.555  12.067 0.0000000000
53791  29.694  -35.265  12.438 0.0000000000
53792  28.700  -35.268  12.416 0.0000000000
53793  27.757  -35.511  12.208 0.0000000000
53794  26.927  -35.688  11.813 0.0000000000
53795  26.230  -36.150  11.508 0.0000000000
53799  32.467  -35.037  10.147 0.0000000000
53800  32.062  -35.035  10.711 0.0000000000
53813  32.647  -35.016  9.384 0.0000000000
53830  32.638  -35.224  8.448 0.0000000000
53832  21.724  -35.485  7.723 0.0000000000
53848  32.308  -35.578  7.484 0.0000000000
53849  31.840  -36.025  7.182 0.0000000000
53850  21.355  -35.580  6.810 0.0000000000
53862  32.379  -35.087  6.960 0.0000000000
53863  31.682  -35.618  6.481 0.0000000000
53864  30.669  -36.038  6.064 0.0000000000
53865  30.109  -36.208  6.117 0.0000000000
53866  20.744  -35.574  5.997 0.0000000000
53867  20.412  -35.054  5.671 0.0000000000
53868  17.607  -35.342  6.958 0.0000000000
53879  31.580  -35.155  5.832 0.0000000000
53880  30.976  -35.360  5.514 0.0000000000
53881  29.807  -35.896  5.626 0.0000000000
53883  28.302  -36.386  5.387 0.0000000000
53884  20.557  -36.037  5.565 0.0000000000
53900  27.913  -36.005  4.925 0.0000000000
53916  27.022  -35.631  4.021 0.0000000000
53917  26.211  -35.538  3.189 0.0000000000
54992  31.003  -34.335  11.682 0.0000000000
54993  30.011  -34.454  12.096 0.0000000000
54994  28.968  -34.464  12.209 0.0000000000
54995  28.078  -34.641  11.924 0.0000000000
54996  27.173  -34.608  11.475 0.0000000000
54997  26.305  -35.184  11.347 0.0000000000
55003  32.160  -34.258  10.643 0.0000000000
55004  31.718  -34.467  11.172 0.0000000000
55005  26.867  -33.909  11.031 0.0000000000
55006  26.312  -34.244  11.031 0.0000000000
55021  32.628  -34.206  9.888 0.0000000000
55024  21.607  -34.123  8.644 0.0000000000
55039  32.922  -34.231  8.847 0.0000000000
55056  33.262  -33.734  7.804 0.0000000000
55057  32.913  -34.438  7.567 0.0000000000
55058  21.393  -34.788  7.237 0.0000000000
55071  32.433  -34.578  6.372 0.0000000000
55072  31.885  -35.003  5.999 0.0000000000
55073  21.011  -34.801  6.588 0.0000000000
55074  20.570  -34.598  5.983 0.0000000000
55082  32.415  -34.071  5.770 0.0000000000
55083  31.728  -34.546  5.381 0.0000000000
55085  20.313  -34.526  5.377 0.0000000000
55098  31.490  -34.163  4.739 0.0000000000
55116  29.256  -34.417  3.747 0.0000000000
55117  28.498  -34.578  3.677 0.0000000000
55118  27.440  -34.592  3.558 0.0000000000
55119  26.488  -34.577  3.188 0.0000000000
55120  26.056  -34.892  2.696 0.0000000000
55135  26.091  -34.242  2.536 0.0000000000
56174  30.763  -33.622  11.510 0.0000000000
56175  30.143  -33.689  11.659 0.0000000000
56176  29.209  -33.733  11.778 0.0000000000
56177  28.298  -33.921  11.653 0.0000000000
56178  27.727  -34.156  11.542 0.0000000000
56182  32.317  -33.322  10.478 0.0000000000
56183  31.418  -33.460  11.173 0.0000000000
56184  30.383  -33.034  11.358 0.0000000000
56185  29.421  -32.965  11.429 0.0000000000
56186  28.493  -33.206  11.207 0.0000000000
56187  27.534  -33.613  10.995 0.0000000000
56188  26.599  -33.448  10.412 0.0000000000
56205  22.210  -33.609  9.740 0.0000000000
56206  21.558  -33.645  9.100 0.0000000000
56220  21.197  -33.544  8.176 0.0000000000
56221  20.785  -33.063  7.792 0.0000000000
56232  33.381  -33.243  7.278 0.0000000000
56233  32.992  -33.982  6.837 0.0000000000
56234  21.190  -34.076  7.376 0.0000000000
56235  20.854  -33.335  7.268 0.0000000000
56249  33.314  -32.948  6.581 0.0000000000
56250  32.914  -33.490  6.215 0.0000000000
56251  21.142  -34.382  6.935 0.0000000000
56252  20.829  -33.947  6.579 0.0000000000
56254  18.072  -33.423  5.962 0.0000000000
56261  32.375  -33.525  5.218 0.0000000000
56262  31.841  -33.859  4.793 0.0000000000
56263  20.499  -33.735  5.649 0.0000000000
56271  32.038  -33.317  4.535 0.0000000000
56272  31.385  -33.572  4.235 0.0000000000
56273  30.449  -33.861  4.019 0.0000000000
56274  29.749  -34.007  3.723 0.0000000000
56286  30.873  -33.270  3.605 0.0000000000
56287  30.111  -33.322  3.331 0.0000000000
56288  29.098  -33.775  3.244 0.0000000000
56289  27.992  -33.841  3.057 0.0000000000
56290  26.955  -33.722  3.074 0.0000000000
56291  26.356  -33.783  2.679 0.0000000000
56305  29.482  -33.002  2.761 0.0000000000
56306  28.552  -33.042  2.645 0.0000000000
56307  27.509  -33.008  2.594 0.0000000000
56308  26.640  -33.082  2.372 0.0000000000
56309  26.127  -33.463  1.993 0.0000000000
57467  32.500  -32.333  10.156 0.0000000000
57468  31.667  -32.457  10.701 0.0000000000
57469  30.684  -32.454  10.861 0.0000000000
57470  29.702  -32.373  10.883 0.0000000000
57471  28.745  -32.461  10.683 0.0000000000
57472  27.984  -32.832  10.483 0.0000000000
57485  28.219  -32.240  10.135 0.0000000000
57491  22.630  -32.654  10.177 0.0000000000
57492  21.590  -32.642  9.570 0.0000000000
57493  20.943  -32.344  9.001 0.0000000000
57507  21.160  -32.979  8.857 0.0000000000
57508  20.708  -32.654  8.268 0.0000000000
57521  20.553  -32.631  7.406 0.0000000000
57534  33.263  -32.720  6.163 0.0000000000
57535  20.450  -32.818  6.329 0.0000000000
57547  32.926  -32.716  5.522 0.0000000000
57548  20.253  -32.914  5.140 0.0000000000
57559  32.476  -32.457  4.471 0.0000000000
57560  31.889  -32.986  4.138 0.0000000000
57569  32.311  -32.010  3.735 0.0000000000
57570  31.500  -32.447  3.488 0.0000000000
57571  30.717  -32.863  3.275 0.0000000000
57585  31.016  -31.870  2.864 0.0000000000
57586  30.301  -32.307  2.825 0.0000000000
57587  29.097  -32.166  2.515 0.0000000000
57588  28.055  -32.146  2.313 0.0000000000
57589  27.071  -32.202  2.108 0.0000000000
57590  26.215  -32.313  1.894 0.0000000000
58848  30.883  -31.755  10.414 0.0000000000
58849  29.948  -31.807  10.384 0.0000000000
58850  29.041  -31.840  10.317 0.0000000000
58851  28.547  -32.004  10.168 0.0000000000
58858  30.123  -31.175  9.964 0.0000000000
58859  29.243  -31.327  9.835 0.0000000000
58860  28.289  -31.580  9.498 0.0000000000
58864  24.196  -31.329  9.598 0.0000000000
58866  21.893  -31.613  10.095 0.0000000000
58881  28.124  -31.159  8.918 0.0000000000
58885  24.983  -31.128  9.032 0.0000000000
58899  20.169  -31.906  6.988 0.0000000000
58900  19.682  -31.523  6.550 0.0000000000
58913  19.962  -32.025  6.260 0.0000000000
58948  31.410  -31.296  2.999 0.0000000000
58959  30.609  -31.233  2.633 0.0000000000
58960  29.592  -31.239  2.414 0.0000000000
58961  28.571  -31.278  2.127 0.0000000000
58962  27.585  -31.212  1.844 0.0000000000
58963  26.686  -31.478  1.688 0.0000000000
58964  26.139  -31.644  1.477 0.0000000000
58978  26.971  -30.677  1.600 0.0000000000
58979  26.523  -30.916  1.292 0.0000000000
60224  31.218  -30.416  9.563 0.0000000000
60225  30.278  -30.537  9.526 0.0000000000
60226  29.374  -30.763  9.369 0.0000000000
60227  28.803  -31.027  9.334 0.0000000000
60229  23.340  -30.642  9.485 0.0000000000
60230  22.323  -30.673  9.880 0.0000000000
60231  21.272  -30.659  9.836 0.0000000000
60232  20.245  -30.628  8.978 0.0000000000
60233  19.633  -30.005  8.654 0.0000000000
60247  30.441  -29.888  9.121 0.0000000000
60248  29.537  -30.165  8.871 0.0000000000
60249  28.384  -30.541  8.587 0.0000000000
60250  27.130  -30.748  8.268 0.0000000000
60251  26.128  -30.862  8.221 0.0000000000
60252  25.265  -30.731  8.463 0.0000000000
60253  24.378  -30.473  8.833 0.0000000000
60254  23.746  -30.294  9.108 0.0000000000
60255  19.888  -31.288  7.755 0.0000000000
60256  19.431  -30.404  8.036 0.0000000000
60270  28.077  -29.866  7.748 0.0000000000
60271  27.418  -30.073  7.734 0.0000000000
60272  26.449  -30.233  7.720 0.0000000000
60273  25.530  -30.253  7.872 0.0000000000
60274  24.862  -30.187  8.193 0.0000000000
60275  19.720  -31.353  6.998 0.0000000000
60276  19.124  -30.707  6.732 0.0000000000
60277  18.308  -30.124  6.427 0.0000000000
60320  31.943  -30.440  3.118 0.0000000000
60333  31.125  -30.342  2.616 0.0000000000
60334  30.095  -30.292  2.322 0.0000000000
60335  28.906  -30.246  1.826 0.0000000000
60336  28.191  -30.703  1.769 0.0000000000
60350  27.701  -30.082  1.513 0.0000000000
60351  26.784  -30.084  1.297 0.0000000000
60352  26.486  -30.367  1.037 0.0000000000
61726  23.399  -30.105  9.170 0.0000000000
61727  22.824  -29.907  9.285 0.0000000000
61728  21.796  -29.839  9.549 0.0000000000
61729  20.784  -29.714  9.557 0.0000000000
61730  19.923  -29.461  9.101 0.0000000000
61744  29.709  -29.340  8.407 0.0000000000
61745  29.092  -29.888  8.357 0.0000000000
61746  24.381  -29.819  8.311 0.0000000000
61747  23.633  -29.660  8.706 0.0000000000
61748  22.942  -29.372  8.842 0.0000000000
61749  19.183  -29.472  8.207 0.0000000000
61750  18.620  -29.094  7.827 0.0000000000
61766  29.294  -28.938  7.845 0.0000000000
61767  28.732  -29.434  7.748 0.0000000000
61768  27.664  -29.223  7.246 0.0000000000
61769  26.684  -29.496  7.328 0.0000000000
61770  25.780  -29.616  7.438 0.0000000000
61771  24.806  -29.573  7.643 0.0000000000
61772  24.086  -29.408  8.020 0.0000000000
61773  19.000  -30.088  7.565 0.0000000000
61774  18.366  -29.698  7.232 0.0000000000
61785  27.319  -28.675  6.891 0.0000000000
61786  26.807  -28.866  6.856 0.0000000000
61787  25.938  -29.026  6.938 0.0000000000
61788  25.242  -29.179  7.117 0.0000000000
63095  22.337  -29.134  9.125 0.0000000000
63097  20.416  -28.944  9.282 0.0000000000
63098  20.004  -28.969  9.165 0.0000000000
63111  30.322  -28.789  8.419 0.0000000000
63112  23.667  -29.163  8.100 0.0000000000
63113  23.045  -28.725  8.357 0.0000000000
63116  19.788  -28.576  8.791 0.0000000000
63117  18.795  -28.527  8.258 0.0000000000
63133  34.290  -28.851  7.260 0.0000000000
63135  33.145  -28.082  7.910 0.0000000000
63136  30.479  -28.285  8.288 0.0000000000
63137  29.732  -28.373  8.091 0.0000000000
63138  28.982  -28.477  7.419 0.0000000000
63139  28.337  -28.764  7.229 0.0000000000
63140  24.728  -29.063  7.119 0.0000000000
63141  23.936  -28.837  7.327 0.0000000000
63142  23.188  -28.072  7.553 0.0000000000
63143  18.094  -28.687  7.643 0.0000000000
63155  34.470  -28.653  6.732 0.0000000000
63159  26.139  -28.332  6.526 0.0000000000
63160  24.956  -28.588  6.479 0.0000000000
63162  17.602  -29.182  7.032 0.0000000000
63169  34.561  -28.439  5.970 0.0000000000
63170  24.374  -28.043  5.901 0.0000000000
63175  34.323  -28.322  5.157 0.0000000000
63176  33.875  -28.235  4.425 0.0000000000
64307  32.354  -28.033  8.184 0.0000000000
64308  31.430  -28.055  8.294 0.0000000000
64312  20.147  -27.510  8.546 0.0000000000
64313  19.150  -27.626  8.422 0.0000000000
64314  18.113  -27.705  8.101 0.0000000000
64315  17.728  -27.405  7.967 0.0000000000
64329  34.258  -28.267  7.249 0.0000000000
64330  33.738  -27.596  7.479 0.0000000000
64331  32.760  -27.304  7.887 0.0000000000
64332  31.729  -27.274  8.139 0.0000000000
64333  30.556  -27.568  7.958 0.0000000000
64336  23.517  -27.968  6.919 0.0000000000
64338  21.857  -26.938  7.412 0.0000000000
64351  34.364  -27.678  6.654 0.0000000000
64352  33.930  -26.891  6.935 0.0000000000
64356  25.616  -27.788  6.059 0.0000000000
64357  24.900  -27.836  5.849 0.0000000000
64358  23.414  -27.597  6.224 0.0000000000
64365  34.419  -27.487  5.695 0.0000000000
64368  24.331  -27.353  5.460 0.0000000000
64374  34.123  -27.401  4.852 0.0000000000
65485  21.069  -26.577  7.674 0.0000000000
65486  20.357  -26.685  8.089 0.0000000000
65487  19.493  -26.809  8.285 0.0000000000
65503  32.212  -26.427  7.857 0.0000000000
65504  31.098  -26.485  7.716 0.0000000000
65508  22.206  -26.601  6.544 0.0000000000
65509  21.355  -26.051  6.951 0.0000000000
65510  20.440  -25.995  7.458 0.0000000000
65523  34.302  -26.575  6.255 0.0000000000
65531  21.754  -26.030  6.064 0.0000000000
65539  21.784  -26.175  5.208 0.0000000000
66715  21.213  -25.526  6.287 0.0000000000
