#!ascii label  , from subject sub-CSI2 vox2ras=TkReg
1303
4171  27.647  -82.918  32.831 0.0000000000
4194  27.036  -82.097  30.520 0.0000000000
4810  27.244  -82.669  33.424 0.0000000000
4837  27.336  -82.071  32.156 0.0000000000
4845  27.016  -81.692  31.131 0.0000000000
4857  26.536  -81.591  30.306 0.0000000000
5523  25.848  -80.432  30.842 0.0000000000
5534  26.391  -81.003  30.719 0.0000000000
5535  25.891  -80.693  29.988 0.0000000000
6214  33.070  -78.987  30.145 0.0000000000
6215  32.788  -79.087  30.127 0.0000000000
6216  25.313  -79.744  30.265 0.0000000000
6228  31.749  -79.750  29.235 0.0000000000
6229  31.162  -79.411  28.939 0.0000000000
6246  30.415  -79.338  28.279 0.0000000000
6940  33.352  -78.249  30.329 0.0000000000
6941  32.713  -78.616  30.365 0.0000000000
6942  32.344  -78.361  30.371 0.0000000000
6943  24.309  -78.665  30.089 0.0000000000
6944  23.688  -78.155  29.938 0.0000000000
6959  32.600  -79.049  30.096 0.0000000000
6960  32.052  -78.793  29.957 0.0000000000
6961  31.139  -78.880  29.279 0.0000000000
6963  24.105  -78.481  29.323 0.0000000000
6979  30.611  -79.078  28.715 0.0000000000
6980  29.893  -78.705  28.168 0.0000000000
6981  29.161  -78.280  27.783 0.0000000000
7630  32.755  -77.469  36.222 0.0000000000
7631  32.162  -77.829  35.982 0.0000000000
7632  31.348  -77.661  35.592 0.0000000000
7646  30.793  -77.498  34.817 0.0000000000
7666  34.427  -76.904  30.195 0.0000000000
7667  33.754  -77.292  30.449 0.0000000000
7668  32.850  -77.594  30.615 0.0000000000
7669  32.498  -78.137  30.495 0.0000000000
7670  23.052  -77.303  29.925 0.0000000000
7680  32.320  -77.113  30.386 0.0000000000
7681  32.012  -77.697  30.259 0.0000000000
7682  31.154  -77.860  29.541 0.0000000000
7697  30.287  -78.001  28.780 0.0000000000
7698  29.319  -77.732  28.210 0.0000000000
7699  28.643  -77.641  27.654 0.0000000000
8377  35.372  -76.260  36.798 0.0000000000
8378  34.126  -76.592  36.697 0.0000000000
8379  33.292  -76.953  36.153 0.0000000000
8390  32.585  -77.215  35.765 0.0000000000
8391  31.979  -77.324  35.399 0.0000000000
8392  31.412  -77.296  34.875 0.0000000000
8406  30.935  -77.083  34.372 0.0000000000
8407  30.176  -77.079  34.304 0.0000000000
8421  30.524  -76.648  33.840 0.0000000000
8422  29.737  -76.670  33.495 0.0000000000
8439  34.912  -76.149  30.341 0.0000000000
8440  34.206  -76.388  30.618 0.0000000000
8442  22.768  -76.681  29.552 0.0000000000
8451  32.541  -76.465  30.367 0.0000000000
8452  31.885  -76.556  30.015 0.0000000000
8453  31.187  -76.742  29.590 0.0000000000
8454  22.953  -76.899  29.008 0.0000000000
8455  22.669  -76.101  29.148 0.0000000000
8464  30.390  -76.837  29.015 0.0000000000
8465  29.552  -76.837  28.480 0.0000000000
8466  28.782  -76.786  27.950 0.0000000000
9144  36.590  -75.486  36.618 0.0000000000
9145  35.095  -75.901  36.481 0.0000000000
9146  33.805  -76.096  36.334 0.0000000000
9147  32.764  -76.352  35.720 0.0000000000
9148  32.343  -75.929  35.396 0.0000000000
9159  37.801  -75.226  35.741 0.0000000000
9160  37.431  -75.259  36.114 0.0000000000
9161  32.349  -76.901  35.434 0.0000000000
9162  31.905  -76.473  35.078 0.0000000000
9163  31.406  -76.868  34.580 0.0000000000
9175  31.683  -75.877  34.798 0.0000000000
9176  31.263  -76.249  34.344 0.0000000000
9190  30.780  -75.966  33.764 0.0000000000
9191  30.211  -76.103  33.318 0.0000000000
9192  29.316  -76.030  32.917 0.0000000000
9202  28.629  -75.596  32.683 0.0000000000
9203  28.001  -75.447  32.657 0.0000000000
9204  27.397  -75.205  32.631 0.0000000000
9205  26.951  -75.024  32.690 0.0000000000
9216  35.495  -75.238  29.965 0.0000000000
9217  35.166  -75.356  30.290 0.0000000000
9218  34.503  -75.474  30.573 0.0000000000
9227  32.782  -75.342  30.361 0.0000000000
9228  32.016  -75.539  29.896 0.0000000000
9229  31.276  -75.660  29.503 0.0000000000
9230  22.467  -75.051  29.523 0.0000000000
9238  30.516  -75.753  29.067 0.0000000000
9239  29.714  -75.810  28.636 0.0000000000
9240  28.937  -75.860  28.246 0.0000000000
9250  28.278  -75.840  27.717 0.0000000000
9251  27.525  -75.709  27.233 0.0000000000
9831  9.621  -74.426  45.707 0.0000000000
9849  10.484  -74.232  44.412 0.0000000000
9850  9.975  -74.189  44.829 0.0000000000
9867  10.790  -74.041  43.943 0.0000000000
9966  37.442  -74.557  35.690 0.0000000000
9967  36.792  -74.784  36.249 0.0000000000
9968  35.739  -74.970  36.586 0.0000000000
9969  34.433  -75.080  36.498 0.0000000000
9970  33.062  -75.167  36.129 0.0000000000
9971  32.565  -75.665  35.615 0.0000000000
9982  37.910  -74.886  35.320 0.0000000000
9983  37.412  -75.106  35.921 0.0000000000
9984  32.691  -74.590  35.791 0.0000000000
9985  32.092  -75.131  35.214 0.0000000000
9986  31.595  -74.421  34.793 0.0000000000
10001  38.719  -74.383  34.116 0.0000000000
10002  38.292  -74.439  34.775 0.0000000000
10003  31.552  -75.590  34.614 0.0000000000
10004  31.181  -75.064  34.182 0.0000000000
10005  30.632  -74.928  33.588 0.0000000000
10021  38.943  -74.142  33.504 0.0000000000
10022  30.592  -75.476  33.543 0.0000000000
10023  30.076  -75.135  33.134 0.0000000000
10024  29.170  -75.017  32.646 0.0000000000
10035  28.414  -74.928  32.504 0.0000000000
10036  27.817  -74.780  32.472 0.0000000000
10037  27.242  -74.555  32.501 0.0000000000
10038  26.740  -74.408  32.721 0.0000000000
10055  35.420  -74.521  30.069 0.0000000000
10056  34.728  -74.537  30.483 0.0000000000
10057  33.965  -74.558  30.611 0.0000000000
10058  33.210  -74.500  30.454 0.0000000000
10069  35.824  -74.158  29.585 0.0000000000
10070  32.622  -74.317  30.151 0.0000000000
10071  32.123  -74.520  29.832 0.0000000000
10072  31.441  -74.639  29.440 0.0000000000
10073  22.493  -73.820  29.360 0.0000000000
10087  30.708  -74.710  29.059 0.0000000000
10088  29.936  -74.739  28.661 0.0000000000
10089  29.175  -74.831  28.224 0.0000000000
10106  28.578  -75.054  27.864 0.0000000000
10107  27.916  -74.817  27.540 0.0000000000
10779  9.275  -73.607  46.335 0.0000000000
10792  12.587  -73.504  45.502 0.0000000000
10794  9.466  -73.443  45.555 0.0000000000
10808  12.293  -73.479  44.536 0.0000000000
10810  10.059  -73.917  44.402 0.0000000000
10811  9.735  -73.564  44.705 0.0000000000
10910  37.416  -73.980  35.656 0.0000000000
10911  37.051  -73.959  36.168 0.0000000000
10912  36.238  -73.984  36.736 0.0000000000
10913  35.040  -73.969  36.707 0.0000000000
10914  33.752  -73.934  36.416 0.0000000000
10915  33.084  -73.570  36.131 0.0000000000
10926  37.739  -74.014  35.087 0.0000000000
10927  33.045  -74.219  36.044 0.0000000000
10928  32.614  -73.851  35.694 0.0000000000
10929  31.909  -73.725  35.192 0.0000000000
10945  38.659  -73.920  33.690 0.0000000000
10946  38.270  -73.946  34.330 0.0000000000
10948  30.504  -73.945  33.781 0.0000000000
10971  29.627  -74.023  33.132 0.0000000000
10972  28.697  -73.902  32.641 0.0000000000
10973  28.315  -73.240  32.532 0.0000000000
10983  28.189  -74.385  32.466 0.0000000000
10984  27.838  -73.755  32.436 0.0000000000
10985  27.044  -73.693  32.514 0.0000000000
10986  26.674  -73.732  32.758 0.0000000000
11008  35.520  -73.505  29.864 0.0000000000
11009  34.924  -73.540  30.376 0.0000000000
11010  34.168  -73.597  30.601 0.0000000000
11011  33.433  -73.631  30.498 0.0000000000
11021  36.014  -73.467  29.370 0.0000000000
11022  32.807  -73.612  30.210 0.0000000000
11023  32.256  -73.617  29.804 0.0000000000
11024  31.596  -73.675  29.482 0.0000000000
11025  22.563  -73.129  29.277 0.0000000000
11034  30.903  -73.748  29.150 0.0000000000
11035  30.222  -73.747  28.744 0.0000000000
11036  29.366  -73.603  28.363 0.0000000000
11038  22.754  -73.149  28.579 0.0000000000
11051  28.469  -73.926  27.860 0.0000000000
11052  27.575  -73.732  27.385 0.0000000000
11123  41.238  -73.209  24.081 0.0000000000
11124  40.646  -73.464  23.933 0.0000000000
11793  9.478  -72.693  46.032 0.0000000000
11803  13.871  -72.565  45.475 0.0000000000
11804  13.306  -73.038  45.911 0.0000000000
11805  9.539  -72.760  45.171 0.0000000000
11817  13.775  -72.403  44.817 0.0000000000
11818  13.169  -72.919  44.902 0.0000000000
11900  37.355  -73.148  35.799 0.0000000000
11901  36.602  -72.993  36.478 0.0000000000
11902  35.596  -72.880  36.815 0.0000000000
11903  34.426  -72.784  36.634 0.0000000000
11904  33.289  -72.677  36.269 0.0000000000
11905  32.813  -73.172  36.022 0.0000000000
11919  37.628  -73.214  35.191 0.0000000000
11920  32.939  -72.101  35.991 0.0000000000
11921  32.460  -72.617  35.708 0.0000000000
11940  38.385  -73.150  34.046 0.0000000000
11941  37.894  -73.173  34.702 0.0000000000
11942  30.781  -72.731  34.379 0.0000000000
11943  30.318  -72.875  33.968 0.0000000000
11965  38.945  -73.210  33.355 0.0000000000
11966  29.914  -73.003  33.625 0.0000000000
11967  29.254  -72.982  33.245 0.0000000000
11968  28.618  -72.708  32.838 0.0000000000
11985  28.046  -72.615  32.462 0.0000000000
11986  27.355  -72.714  32.452 0.0000000000
11987  26.679  -72.797  32.757 0.0000000000
12019  35.069  -72.436  30.073 0.0000000000
12020  34.321  -72.576  30.556 0.0000000000
12021  33.576  -72.699  30.567 0.0000000000
12022  32.955  -72.809  30.326 0.0000000000
12033  35.692  -72.769  29.523 0.0000000000
12034  32.463  -72.822  29.895 0.0000000000
12035  31.834  -72.777  29.535 0.0000000000
12036  31.099  -72.813  29.232 0.0000000000
12037  22.568  -72.373  29.250 0.0000000000
12049  30.518  -72.986  28.901 0.0000000000
12050  29.928  -72.747  28.549 0.0000000000
12051  29.307  -72.548  28.305 0.0000000000
12052  23.132  -72.268  27.825 0.0000000000
12053  22.903  -72.256  28.435 0.0000000000
12071  28.739  -72.744  28.038 0.0000000000
12072  27.990  -72.743  27.622 0.0000000000
12073  27.228  -72.677  27.134 0.0000000000
12090  26.516  -72.592  26.578 0.0000000000
12113  43.813  -72.776  24.516 0.0000000000
12114  42.623  -72.984  24.405 0.0000000000
12115  41.701  -72.973  24.148 0.0000000000
12123  42.042  -72.266  23.888 0.0000000000
12124  41.123  -72.542  23.693 0.0000000000
12795  14.907  -72.118  46.332 0.0000000000
12796  14.455  -72.231  45.689 0.0000000000
12797  9.554  -71.361  46.098 0.0000000000
12814  15.478  -71.577  46.120 0.0000000000
12815  15.235  -71.702  45.756 0.0000000000
12816  14.287  -72.183  45.055 0.0000000000
12817  9.679  -71.355  45.748 0.0000000000
12818  9.656  -72.006  45.513 0.0000000000
12834  14.099  -72.094  44.360 0.0000000000
12835  9.916  -71.571  44.530 0.0000000000
12836  9.661  -72.218  44.905 0.0000000000
12847  14.092  -71.418  42.835 0.0000000000
12938  37.366  -72.346  35.882 0.0000000000
12939  37.007  -72.140  36.279 0.0000000000
12940  36.149  -71.851  36.685 0.0000000000
12941  35.041  -71.707  36.744 0.0000000000
12942  33.927  -71.574  36.452 0.0000000000
12943  33.294  -71.122  36.243 0.0000000000
12961  37.622  -72.398  35.364 0.0000000000
12962  33.229  -71.762  36.179 0.0000000000
12963  32.703  -71.418  35.955 0.0000000000
12964  31.859  -71.492  35.504 0.0000000000
12978  38.553  -72.262  33.813 0.0000000000
12979  38.112  -72.028  34.638 0.0000000000
12981  30.070  -71.823  34.036 0.0000000000
12994  39.483  -72.284  32.980 0.0000000000
12995  38.944  -72.331  33.417 0.0000000000
12996  29.635  -72.381  33.555 0.0000000000
12997  29.152  -71.790  33.431 0.0000000000
12998  28.311  -71.706  32.840 0.0000000000
13016  27.603  -71.691  32.537 0.0000000000
13017  26.960  -71.746  32.480 0.0000000000
13018  26.651  -71.809  32.734 0.0000000000
13033  41.308  -72.057  31.569 0.0000000000
13044  43.106  -71.530  30.597 0.0000000000
13047  34.923  -71.407  29.996 0.0000000000
13048  34.414  -71.523  30.461 0.0000000000
13049  33.654  -71.669  30.579 0.0000000000
13050  33.019  -71.925  30.372 0.0000000000
13060  35.618  -71.673  29.394 0.0000000000
13061  32.624  -72.196  30.073 0.0000000000
13062  32.158  -71.970  29.719 0.0000000000
13063  31.418  -71.834  29.344 0.0000000000
13064  22.215  -71.382  29.514 0.0000000000
13072  36.424  -71.762  28.360 0.0000000000
13073  30.558  -71.944  28.794 0.0000000000
13074  29.638  -71.708  28.334 0.0000000000
13075  29.000  -71.994  28.150 0.0000000000
13076  23.006  -71.701  28.017 0.0000000000
13077  22.640  -71.347  28.624 0.0000000000
13083  36.498  -71.760  27.913 0.0000000000
13087  29.069  -71.343  28.001 0.0000000000
13088  28.457  -71.701  27.753 0.0000000000
13089  27.621  -71.716  27.319 0.0000000000
13090  26.919  -71.728  26.841 0.0000000000
13091  23.315  -71.542  27.341 0.0000000000
13103  26.218  -71.635  26.486 0.0000000000
13104  25.403  -71.416  26.365 0.0000000000
13105  24.535  -71.222  26.483 0.0000000000
13106  23.819  -70.877  26.815 0.0000000000
13131  44.524  -71.660  24.430 0.0000000000
13132  43.415  -71.620  24.282 0.0000000000
13133  42.676  -72.074  24.091 0.0000000000
13149  43.031  -70.956  23.916 0.0000000000
13150  42.460  -71.348  23.724 0.0000000000
13151  41.479  -71.547  23.421 0.0000000000
13790  15.988  -71.112  46.167 0.0000000000
13791  14.884  -71.920  45.621 0.0000000000
13792  14.698  -71.942  45.227 0.0000000000
13793  9.562  -71.148  46.006 0.0000000000
13807  15.678  -71.314  45.646 0.0000000000
13808  15.287  -71.513  45.070 0.0000000000
13809  14.620  -71.800  44.652 0.0000000000
13810  9.799  -70.754  45.415 0.0000000000
13827  15.009  -71.412  44.119 0.0000000000
13828  14.363  -71.695  44.059 0.0000000000
13830  10.543  -70.116  44.307 0.0000000000
13844  14.901  -71.155  43.266 0.0000000000
13845  14.389  -71.481  43.592 0.0000000000
13942  37.335  -71.742  35.915 0.0000000000
13943  36.793  -70.850  36.255 0.0000000000
13944  35.642  -70.679  36.683 0.0000000000
13945  34.589  -70.591  36.587 0.0000000000
13946  33.700  -70.474  36.401 0.0000000000
13947  32.932  -70.440  36.222 0.0000000000
13964  37.614  -71.087  35.495 0.0000000000
13965  37.247  -70.294  35.787 0.0000000000
13966  32.216  -70.474  35.810 0.0000000000
13980  38.493  -71.299  34.238 0.0000000000
13981  38.170  -70.665  34.838 0.0000000000
13983  30.377  -70.397  34.678 0.0000000000
13993  39.505  -71.079  33.156 0.0000000000
13994  38.942  -71.386  33.616 0.0000000000
14007  27.808  -70.726  32.866 0.0000000000
14008  27.196  -70.684  32.560 0.0000000000
14009  26.708  -70.824  32.806 0.0000000000
14016  43.388  -71.225  31.066 0.0000000000
14019  41.330  -71.003  31.216 0.0000000000
14024  43.235  -71.339  30.652 0.0000000000
14025  43.002  -70.698  30.264 0.0000000000
14028  35.126  -70.904  29.797 0.0000000000
14029  34.585  -70.471  30.229 0.0000000000
14030  33.807  -70.596  30.647 0.0000000000
14031  32.865  -70.706  30.395 0.0000000000
14038  42.593  -70.050  29.859 0.0000000000
14041  35.538  -70.555  29.434 0.0000000000
14042  35.048  -70.401  29.823 0.0000000000
14043  32.540  -71.502  30.038 0.0000000000
14046  22.317  -70.253  29.194 0.0000000000
14056  30.189  -70.776  28.538 0.0000000000
14057  29.462  -70.667  28.108 0.0000000000
14058  22.885  -71.044  27.851 0.0000000000
14059  22.700  -70.341  28.177 0.0000000000
14070  37.103  -70.197  27.343 0.0000000000
14074  28.801  -70.666  27.706 0.0000000000
14075  28.036  -70.733  27.376 0.0000000000
14076  27.230  -70.759  26.903 0.0000000000
14077  26.647  -71.047  26.674 0.0000000000
14078  23.254  -70.262  27.470 0.0000000000
14079  22.873  -69.835  27.879 0.0000000000
14099  26.719  -70.541  26.653 0.0000000000
14100  26.126  -70.615  26.530 0.0000000000
14101  25.223  -70.409  26.512 0.0000000000
14102  24.479  -70.220  26.696 0.0000000000
14103  23.967  -69.902  27.034 0.0000000000
14128  45.149  -70.596  24.408 0.0000000000
14129  44.293  -70.598  24.383 0.0000000000
14145  43.436  -70.437  24.047 0.0000000000
14146  42.641  -70.358  23.660 0.0000000000
14147  41.604  -70.446  23.214 0.0000000000
14763  16.951  -69.782  46.159 0.0000000000
14764  16.504  -70.483  46.505 0.0000000000
14772  16.760  -69.754  45.504 0.0000000000
14773  16.240  -70.511  45.195 0.0000000000
14774  15.593  -71.056  44.538 0.0000000000
14788  16.277  -70.261  44.178 0.0000000000
14789  15.582  -70.680  43.957 0.0000000000
14790  10.880  -69.430  43.762 0.0000000000
14791  10.475  -69.516  44.096 0.0000000000
14803  16.064  -70.282  43.359 0.0000000000
14804  15.280  -70.541  42.941 0.0000000000
14805  11.659  -68.815  43.167 0.0000000000
14821  11.823  -68.912  42.782 0.0000000000
14833  16.597  -69.496  40.696 0.0000000000
14834  16.119  -69.798  40.980 0.0000000000
14843  16.330  -69.495  40.371 0.0000000000
14904  36.093  -69.636  36.482 0.0000000000
14905  35.105  -69.612  36.611 0.0000000000
14906  34.165  -69.592  36.561 0.0000000000
14907  33.317  -69.585  36.400 0.0000000000
14908  32.543  -69.582  36.141 0.0000000000
14922  37.583  -69.728  35.258 0.0000000000
14923  36.869  -69.617  35.950 0.0000000000
14937  38.561  -70.073  34.183 0.0000000000
14938  38.118  -69.824  34.729 0.0000000000
14939  30.159  -69.448  34.726 0.0000000000
14952  39.644  -70.187  32.864 0.0000000000
14953  39.181  -70.214  33.512 0.0000000000
14969  40.279  -69.928  31.998 0.0000000000
14971  27.444  -69.617  32.698 0.0000000000
14972  26.904  -69.453  32.471 0.0000000000
14986  40.306  -69.357  31.379 0.0000000000
14987  27.141  -68.924  32.413 0.0000000000
14988  26.992  -68.756  32.282 0.0000000000
14999  42.682  -69.699  30.502 0.0000000000
15002  34.484  -69.629  30.275 0.0000000000
15003  34.067  -69.619  30.661 0.0000000000
15004  33.268  -69.575  30.705 0.0000000000
15005  32.564  -69.489  30.336 0.0000000000
15015  42.416  -69.467  29.600 0.0000000000
15018  36.547  -70.095  28.522 0.0000000000
15019  36.018  -69.840  28.988 0.0000000000
15020  35.039  -69.668  29.746 0.0000000000
15023  22.244  -69.164  29.154 0.0000000000
15034  42.226  -69.247  28.957 0.0000000000
15035  42.037  -69.281  28.808 0.0000000000
15037  37.114  -69.969  28.043 0.0000000000
15038  36.662  -69.657  28.518 0.0000000000
15039  30.601  -69.813  28.743 0.0000000000
15040  29.884  -69.797  28.279 0.0000000000
15041  23.242  -68.873  27.885 0.0000000000
15042  22.721  -69.310  28.376 0.0000000000
15052  37.328  -69.705  26.983 0.0000000000
15053  29.225  -69.780  27.780 0.0000000000
15054  28.467  -69.786  27.426 0.0000000000
15055  27.680  -69.811  27.057 0.0000000000
15056  24.345  -69.068  27.118 0.0000000000
15057  23.788  -69.184  27.421 0.0000000000
15058  23.142  -69.483  27.768 0.0000000000
15073  26.815  -69.768  26.663 0.0000000000
15074  25.866  -69.588  26.577 0.0000000000
15075  25.038  -69.498  26.663 0.0000000000
15076  24.453  -69.504  26.906 0.0000000000
15077  24.150  -69.422  27.136 0.0000000000
15097  45.553  -69.553  24.307 0.0000000000
15098  44.833  -69.608  24.486 0.0000000000
15099  43.979  -69.564  24.102 0.0000000000
15114  43.076  -69.493  23.714 0.0000000000
15115  42.127  -69.444  23.392 0.0000000000
15762  16.739  -69.621  45.136 0.0000000000
15772  17.166  -69.212  44.860 0.0000000000
15773  16.664  -69.734  44.528 0.0000000000
15774  11.169  -69.074  43.603 0.0000000000
15775  10.886  -69.003  43.690 0.0000000000
15785  17.690  -68.572  43.432 0.0000000000
15786  17.266  -69.210  43.896 0.0000000000
15787  16.607  -69.868  43.810 0.0000000000
15788  11.729  -68.408  42.875 0.0000000000
15789  11.327  -68.619  43.295 0.0000000000
15801  17.859  -68.427  42.979 0.0000000000
15802  17.327  -68.962  42.585 0.0000000000
15803  16.597  -69.685  42.995 0.0000000000
15804  12.206  -68.304  42.281 0.0000000000
15815  17.382  -68.931  40.659 0.0000000000
15816  17.095  -69.348  41.245 0.0000000000
15817  16.590  -69.616  42.024 0.0000000000
15826  16.771  -69.190  40.256 0.0000000000
15882  36.345  -68.637  36.108 0.0000000000
15883  35.523  -68.646  36.465 0.0000000000
15884  34.608  -68.645  36.568 0.0000000000
15885  33.722  -68.709  36.501 0.0000000000
15886  32.924  -68.735  36.348 0.0000000000
15900  37.493  -68.851  35.074 0.0000000000
15901  36.986  -68.738  35.473 0.0000000000
15902  32.163  -68.710  36.108 0.0000000000
15903  31.464  -68.676  35.693 0.0000000000
15904  30.773  -68.703  35.340 0.0000000000
15916  38.436  -69.341  34.080 0.0000000000
15917  38.037  -68.931  34.464 0.0000000000
15918  30.249  -68.806  34.971 0.0000000000
15928  39.295  -69.608  33.201 0.0000000000
15929  38.710  -69.080  33.551 0.0000000000
15930  38.194  -68.143  33.756 0.0000000000
15944  39.415  -69.125  32.635 0.0000000000
15945  38.814  -68.424  32.803 0.0000000000
15947  27.528  -68.466  32.705 0.0000000000
15948  26.630  -68.796  32.586 0.0000000000
15963  40.377  -69.018  30.926 0.0000000000
15964  39.762  -68.694  31.538 0.0000000000
15965  39.123  -68.266  32.204 0.0000000000
15968  27.099  -68.310  32.157 0.0000000000
15969  26.796  -68.369  32.208 0.0000000000
15970  26.391  -68.142  32.424 0.0000000000
15984  42.368  -68.717  29.939 0.0000000000
15986  40.842  -69.080  30.079 0.0000000000
15987  40.004  -68.305  30.537 0.0000000000
15988  35.124  -68.172  29.836 0.0000000000
15989  34.449  -68.741  30.319 0.0000000000
16005  42.418  -68.745  29.188 0.0000000000
16008  40.244  -68.276  29.468 0.0000000000
16009  36.420  -68.563  28.835 0.0000000000
16010  35.628  -68.846  29.238 0.0000000000
16011  34.970  -68.843  29.732 0.0000000000
16013  30.932  -68.894  28.903 0.0000000000
16014  22.048  -68.463  29.545 0.0000000000
16024  42.355  -68.939  28.836 0.0000000000
16025  41.831  -68.728  28.489 0.0000000000
16026  41.162  -68.545  28.341 0.0000000000
16030  37.111  -69.059  28.367 0.0000000000
16031  36.356  -69.196  28.751 0.0000000000
16032  30.244  -68.925  28.493 0.0000000000
16033  29.619  -68.899  27.984 0.0000000000
16034  22.990  -68.234  28.246 0.0000000000
16035  22.478  -68.346  28.862 0.0000000000
16041  41.216  -68.278  28.014 0.0000000000
16042  40.685  -68.199  27.857 0.0000000000
16043  39.810  -68.107  27.635 0.0000000000
16044  38.766  -68.199  27.430 0.0000000000
16045  37.756  -68.849  27.123 0.0000000000
16048  28.918  -68.895  27.540 0.0000000000
16049  28.117  -68.890  27.187 0.0000000000
16050  27.370  -68.984  26.848 0.0000000000
16051  25.172  -67.783  27.033 0.0000000000
16052  24.499  -68.267  27.172 0.0000000000
16053  23.602  -68.163  27.674 0.0000000000
16065  26.913  -69.044  26.688 0.0000000000
16066  26.451  -68.906  26.663 0.0000000000
16067  25.573  -68.437  26.769 0.0000000000
16068  24.764  -68.941  26.876 0.0000000000
16090  45.231  -68.640  24.493 0.0000000000
16091  44.400  -68.609  24.236 0.0000000000
16106  43.521  -68.578  23.771 0.0000000000
16107  42.582  -68.542  23.494 0.0000000000
16108  41.631  -68.465  23.245 0.0000000000
16733  11.982  -66.871  48.983 0.0000000000
16790  18.514  -66.910  45.057 0.0000000000
16791  18.227  -67.655  44.677 0.0000000000
16792  17.621  -68.601  44.769 0.0000000000
16802  18.564  -67.359  43.379 0.0000000000
16803  18.288  -67.895  43.500 0.0000000000
16804  17.818  -68.398  44.075 0.0000000000
16818  18.677  -67.360  42.764 0.0000000000
16819  18.164  -68.269  42.293 0.0000000000
16820  17.603  -68.757  41.646 0.0000000000
16838  18.797  -67.474  41.498 0.0000000000
16839  17.983  -68.427  40.902 0.0000000000
16840  17.536  -68.882  41.121 0.0000000000
16858  13.056  -67.041  40.577 0.0000000000
16923  35.851  -67.868  36.216 0.0000000000
16924  35.026  -67.641  36.362 0.0000000000
16925  34.071  -67.805  36.459 0.0000000000
16926  33.286  -67.945  36.397 0.0000000000
16927  32.592  -67.889  36.289 0.0000000000
16939  37.286  -68.110  34.953 0.0000000000
16940  36.439  -67.548  35.501 0.0000000000
16941  35.626  -67.174  35.917 0.0000000000
16942  31.800  -67.781  36.058 0.0000000000
16943  31.016  -67.826  35.578 0.0000000000
16944  30.197  -67.937  35.201 0.0000000000
16945  29.810  -67.470  35.055 0.0000000000
16959  37.560  -67.561  34.158 0.0000000000
16960  36.956  -67.246  34.745 0.0000000000
16961  29.929  -68.404  34.896 0.0000000000
16975  38.458  -68.078  33.179 0.0000000000
16976  37.952  -67.284  33.222 0.0000000000
16987  38.497  -67.604  32.469 0.0000000000
16988  38.133  -67.119  32.635 0.0000000000
17001  39.543  -68.082  31.063 0.0000000000
17002  39.007  -67.672  31.436 0.0000000000
17003  33.251  -67.445  31.055 0.0000000000
17005  27.359  -67.575  32.078 0.0000000000
17006  26.919  -67.580  31.763 0.0000000000
17007  26.378  -67.479  31.965 0.0000000000
17019  39.424  -67.753  30.706 0.0000000000
17020  38.897  -67.353  30.478 0.0000000000
17021  35.329  -67.326  30.027 0.0000000000
17022  34.618  -67.571  30.397 0.0000000000
17035  41.840  -67.601  29.038 0.0000000000
17036  39.555  -67.677  29.957 0.0000000000
17037  38.730  -67.425  29.554 0.0000000000
17038  37.984  -67.562  28.962 0.0000000000
17039  37.085  -67.994  28.683 0.0000000000
17040  35.976  -67.806  29.314 0.0000000000
17042  31.065  -67.995  29.160 0.0000000000
17043  23.194  -66.558  29.186 0.0000000000
17044  22.497  -67.282  29.461 0.0000000000
17050  42.156  -68.328  28.709 0.0000000000
17051  41.299  -67.683  28.124 0.0000000000
17052  40.694  -67.362  27.867 0.0000000000
17053  39.546  -67.889  29.137 0.0000000000
17054  38.978  -67.889  28.588 0.0000000000
17055  38.174  -68.250  28.211 0.0000000000
17056  37.662  -68.637  28.212 0.0000000000
17057  30.534  -68.199  28.721 0.0000000000
17058  29.948  -68.034  28.314 0.0000000000
17059  24.307  -66.817  27.785 0.0000000000
17060  23.437  -67.105  28.343 0.0000000000
17061  22.772  -67.709  28.665 0.0000000000
17064  40.976  -68.043  27.738 0.0000000000
17065  40.440  -67.721  27.635 0.0000000000
17073  29.307  -68.048  27.781 0.0000000000
17074  28.607  -68.048  27.410 0.0000000000
17075  27.606  -67.899  27.002 0.0000000000
17076  26.726  -67.246  26.887 0.0000000000
17077  25.771  -67.266  26.943 0.0000000000
17078  24.879  -67.194  27.327 0.0000000000
17079  24.097  -67.481  27.584 0.0000000000
17086  27.000  -68.570  26.695 0.0000000000
17087  26.586  -68.110  26.692 0.0000000000
17088  26.154  -67.742  26.757 0.0000000000
17100  45.601  -67.715  24.448 0.0000000000
17101  44.733  -67.649  24.420 0.0000000000
17102  43.820  -67.597  23.969 0.0000000000
17114  42.941  -67.652  23.589 0.0000000000
17115  42.115  -67.623  23.396 0.0000000000
17116  41.171  -67.464  23.239 0.0000000000
17724  12.588  -66.243  48.508 0.0000000000
17737  13.187  -65.798  47.859 0.0000000000
17738  12.972  -65.979  47.884 0.0000000000
17776  18.665  -66.694  44.438 0.0000000000
17777  18.473  -67.271  43.966 0.0000000000
17788  18.752  -66.899  43.529 0.0000000000
17789  18.522  -67.341  43.626 0.0000000000
17802  19.516  -66.428  42.613 0.0000000000
17803  19.159  -66.705  42.799 0.0000000000
17804  12.085  -66.268  42.156 0.0000000000
17820  19.587  -66.653  41.834 0.0000000000
17821  19.016  -67.009  42.230 0.0000000000
17822  13.286  -66.133  41.010 0.0000000000
17823  12.698  -66.196  41.563 0.0000000000
17839  14.298  -65.923  39.882 0.0000000000
17840  13.938  -66.140  40.121 0.0000000000
17914  35.063  -66.742  35.980 0.0000000000
17915  34.296  -66.899  36.173 0.0000000000
17916  33.445  -67.145  36.307 0.0000000000
17917  32.953  -67.425  36.326 0.0000000000
17929  36.454  -66.688  34.855 0.0000000000
17930  35.640  -66.237  35.244 0.0000000000
17931  34.580  -66.027  35.691 0.0000000000
17932  33.545  -66.188  35.928 0.0000000000
17933  32.485  -66.775  36.145 0.0000000000
17934  31.390  -66.879  35.722 0.0000000000
17935  30.482  -66.995  35.358 0.0000000000
17948  37.452  -66.919  33.702 0.0000000000
17949  36.894  -66.481  34.065 0.0000000000
17950  36.244  -66.046  34.560 0.0000000000
17951  30.297  -66.334  35.145 0.0000000000
17952  29.680  -66.734  34.906 0.0000000000
17965  37.324  -66.449  33.268 0.0000000000
17966  36.925  -66.159  33.500 0.0000000000
17979  38.205  -67.061  32.362 0.0000000000
17980  37.781  -66.631  32.426 0.0000000000
17982  27.648  -66.857  32.183 0.0000000000
17996  38.288  -67.012  31.862 0.0000000000
17997  37.636  -66.461  31.421 0.0000000000
17998  37.132  -66.324  30.795 0.0000000000
17999  34.289  -66.090  31.173 0.0000000000
18000  33.746  -66.644  31.144 0.0000000000
18001  32.876  -66.879  31.279 0.0000000000
18002  27.856  -66.215  31.981 0.0000000000
18003  27.321  -66.658  31.502 0.0000000000
18004  26.568  -66.762  31.435 0.0000000000
18005  25.591  -66.348  31.845 0.0000000000
18006  24.768  -65.760  31.834 0.0000000000
18014  38.289  -67.023  30.992 0.0000000000
18015  37.701  -66.693  30.529 0.0000000000
18016  37.059  -66.619  30.105 0.0000000000
18017  36.109  -66.740  29.880 0.0000000000
18018  34.868  -66.461  30.665 0.0000000000
18019  34.231  -67.067  30.704 0.0000000000
18022  26.889  -66.281  31.006 0.0000000000
18023  26.263  -65.998  31.028 0.0000000000
18024  25.548  -65.720  31.015 0.0000000000
18025  23.205  -65.951  30.100 0.0000000000
18028  41.219  -66.880  28.777 0.0000000000
18030  38.284  -67.040  30.241 0.0000000000
18031  37.801  -67.035  29.772 0.0000000000
18032  37.089  -67.188  29.428 0.0000000000
18033  36.550  -67.427  29.332 0.0000000000
18035  31.182  -67.115  29.476 0.0000000000
18036  23.453  -66.025  29.572 0.0000000000
18037  22.962  -66.390  29.733 0.0000000000
18039  41.059  -67.097  28.310 0.0000000000
18040  40.516  -66.733  28.202 0.0000000000
18042  30.524  -67.235  28.736 0.0000000000
18043  29.562  -67.021  28.047 0.0000000000
18044  28.761  -66.261  28.009 0.0000000000
18045  28.200  -65.891  28.071 0.0000000000
18046  26.116  -65.960  27.822 0.0000000000
18047  25.426  -65.912  28.044 0.0000000000
18048  24.458  -66.108  28.316 0.0000000000
18049  23.773  -66.109  28.957 0.0000000000
18051  40.393  -67.204  27.775 0.0000000000
18052  39.804  -66.883  27.648 0.0000000000
18053  38.805  -66.974  27.367 0.0000000000
18059  29.013  -67.540  27.684 0.0000000000
18060  28.566  -67.153  27.534 0.0000000000
18061  27.676  -66.440  27.472 0.0000000000
18062  26.530  -66.394  27.392 0.0000000000
18063  25.589  -66.494  27.496 0.0000000000
18064  24.899  -66.446  27.726 0.0000000000
18090  45.105  -66.706  24.490 0.0000000000
18091  44.086  -66.620  24.282 0.0000000000
18092  42.935  -66.542  23.764 0.0000000000
18093  42.245  -66.057  23.723 0.0000000000
18101  42.473  -67.084  23.519 0.0000000000
18102  41.825  -66.560  23.499 0.0000000000
18103  40.672  -66.462  23.273 0.0000000000
18104  39.655  -66.383  23.074 0.0000000000
18846  20.201  -65.294  43.501 0.0000000000
18864  19.994  -65.649  43.029 0.0000000000
18865  19.476  -66.156  43.166 0.0000000000
18866  19.136  -66.505  43.352 0.0000000000
18883  20.447  -65.944  42.133 0.0000000000
18884  19.808  -66.166  42.571 0.0000000000
18885  13.596  -65.325  40.636 0.0000000000
18904  14.481  -65.497  39.841 0.0000000000
18905  14.218  -65.242  40.239 0.0000000000
18979  35.430  -65.618  34.872 0.0000000000
18980  34.975  -65.416  35.045 0.0000000000
18981  33.766  -65.112  35.166 0.0000000000
18982  32.653  -65.502  35.520 0.0000000000
18983  31.740  -65.896  35.600 0.0000000000
18984  30.866  -66.112  35.359 0.0000000000
18996  36.372  -65.820  34.113 0.0000000000
18997  35.595  -65.307  34.211 0.0000000000
18998  34.501  -64.839  34.489 0.0000000000
18999  33.828  -64.682  34.481 0.0000000000
19000  31.973  -65.236  35.141 0.0000000000
19001  31.252  -65.345  34.946 0.0000000000
19002  30.291  -65.652  34.694 0.0000000000
19014  36.986  -66.019  33.215 0.0000000000
19032  37.081  -65.896  32.600 0.0000000000
19034  35.619  -64.944  32.399 0.0000000000
19035  34.229  -65.239  31.720 0.0000000000
19036  33.624  -65.161  31.844 0.0000000000
19037  33.084  -65.011  31.931 0.0000000000
19050  45.564  -65.343  31.771 0.0000000000
19051  44.842  -65.034  32.029 0.0000000000
19053  37.365  -66.105  31.960 0.0000000000
19054  36.723  -65.821  31.454 0.0000000000
19055  35.564  -65.327  31.590 0.0000000000
19056  34.694  -65.565  31.355 0.0000000000
19057  33.886  -65.737  31.487 0.0000000000
19058  32.746  -65.737  31.488 0.0000000000
19061  27.927  -65.642  31.234 0.0000000000
19062  27.271  -66.068  31.015 0.0000000000
19063  24.894  -65.622  31.244 0.0000000000
19069  46.836  -65.401  30.622 0.0000000000
19070  46.152  -65.376  31.047 0.0000000000
19073  36.556  -66.239  30.564 0.0000000000
19074  35.827  -65.916  30.746 0.0000000000
19075  35.215  -65.735  31.015 0.0000000000
19080  28.007  -65.288  30.216 0.0000000000
19081  26.971  -65.778  30.405 0.0000000000
19082  25.863  -65.576  30.372 0.0000000000
19083  25.018  -65.538  30.474 0.0000000000
19084  24.229  -65.472  30.654 0.0000000000
19090  47.177  -65.220  30.119 0.0000000000
19094  30.676  -66.168  29.432 0.0000000000
19095  29.668  -65.214  29.667 0.0000000000
19096  28.412  -65.178  29.460 0.0000000000
19097  27.241  -65.389  29.391 0.0000000000
19098  26.152  -65.419  29.532 0.0000000000
19099  25.196  -65.452  29.700 0.0000000000
19100  24.408  -65.492  29.902 0.0000000000
19101  23.720  -65.599  30.047 0.0000000000
19111  30.163  -66.517  28.633 0.0000000000
19112  29.675  -65.971  28.607 0.0000000000
19113  28.743  -65.565  28.622 0.0000000000
19114  27.572  -65.598  28.328 0.0000000000
19115  26.357  -65.548  28.503 0.0000000000
19116  25.309  -65.496  28.809 0.0000000000
19117  24.473  -65.612  29.151 0.0000000000
19118  23.930  -65.682  29.493 0.0000000000
19132  27.138  -65.934  27.678 0.0000000000
19133  26.740  -65.791  27.887 0.0000000000
19159  46.883  -65.528  23.943 0.0000000000
19160  46.465  -65.797  24.191 0.0000000000
19161  45.500  -65.773  24.405 0.0000000000
19162  44.448  -65.678  24.371 0.0000000000
19163  43.389  -65.569  24.205 0.0000000000
19164  42.347  -65.422  23.954 0.0000000000
19165  41.606  -65.177  23.826 0.0000000000
19174  41.829  -65.747  23.712 0.0000000000
19175  41.077  -65.558  23.554 0.0000000000
19176  40.037  -65.538  23.414 0.0000000000
19882  13.762  -64.285  46.805 0.0000000000
19912  20.902  -64.613  43.423 0.0000000000
19932  21.222  -64.690  42.712 0.0000000000
19933  20.591  -65.150  42.998 0.0000000000
19955  22.385  -64.433  41.174 0.0000000000
19957  21.062  -65.273  42.242 0.0000000000
19975  22.739  -64.223  40.545 0.0000000000
19977  15.005  -64.500  39.611 0.0000000000
19978  14.684  -64.661  39.834 0.0000000000
19979  13.908  -64.411  40.345 0.0000000000
19998  22.740  -64.147  39.516 0.0000000000
20000  16.079  -64.015  39.172 0.0000000000
20002  14.767  -65.014  39.610 0.0000000000
20017  22.408  -64.176  38.684 0.0000000000
20065  32.749  -64.831  34.963 0.0000000000
20066  32.322  -65.003  35.047 0.0000000000
20079  34.696  -64.626  33.762 0.0000000000
20080  33.926  -64.494  33.901 0.0000000000
20081  33.088  -64.505  34.265 0.0000000000
20082  31.919  -64.693  34.457 0.0000000000
20097  35.114  -64.647  32.966 0.0000000000
20098  34.139  -64.511  33.067 0.0000000000
20099  33.223  -64.428  33.193 0.0000000000
20100  32.198  -64.417  33.337 0.0000000000
20118  35.062  -64.880  32.063 0.0000000000
20119  34.330  -64.792  32.221 0.0000000000
20120  33.481  -64.708  32.390 0.0000000000
20121  32.489  -64.706  32.217 0.0000000000
20137  34.991  -65.170  31.679 0.0000000000
20138  34.659  -65.093  31.798 0.0000000000
20139  32.120  -65.104  31.646 0.0000000000
20146  46.773  -65.157  30.042 0.0000000000
20153  28.782  -64.872  30.807 0.0000000000
20157  47.215  -64.844  29.780 0.0000000000
20158  46.333  -64.580  29.792 0.0000000000
20159  45.361  -64.206  30.001 0.0000000000
20163  29.026  -64.841  30.103 0.0000000000
20164  28.563  -64.981  30.132 0.0000000000
20205  46.784  -65.105  24.028 0.0000000000
20206  45.927  -64.980  24.215 0.0000000000
20207  44.800  -64.716  24.219 0.0000000000
20208  43.729  -64.693  24.290 0.0000000000
20210  41.625  -64.435  24.131 0.0000000000
20211  40.657  -64.138  24.027 0.0000000000
20212  39.937  -64.108  23.904 0.0000000000
20223  46.384  -64.351  23.795 0.0000000000
20224  45.365  -64.253  23.868 0.0000000000
20225  44.815  -64.201  23.926 0.0000000000
20226  41.088  -64.784  23.793 0.0000000000
20227  40.369  -64.774  23.704 0.0000000000
20228  39.378  -64.586  23.648 0.0000000000
20919  14.262  -63.722  46.555 0.0000000000
20962  21.876  -63.757  43.164 0.0000000000
20963  21.371  -64.144  43.426 0.0000000000
20977  22.319  -63.722  42.504 0.0000000000
20978  21.755  -64.214  42.548 0.0000000000
20998  22.200  -64.208  41.874 0.0000000000
21020  15.080  -64.206  39.680 0.0000000000
21021  14.606  -63.651  39.895 0.0000000000
21044  16.809  -63.388  38.993 0.0000000000
21045  15.653  -63.465  39.517 0.0000000000
21046  14.982  -62.857  39.648 0.0000000000
21061  22.260  -63.838  38.255 0.0000000000
21180  46.773  -64.129  29.375 0.0000000000
21181  45.672  -63.764  29.434 0.0000000000
21182  44.692  -63.457  29.727 0.0000000000
21195  48.644  -63.234  28.254 0.0000000000
21196  47.949  -63.504  28.556 0.0000000000
21197  47.011  -63.628  28.837 0.0000000000
21198  46.209  -63.566  29.038 0.0000000000
21231  44.546  -64.158  23.970 0.0000000000
21232  44.035  -64.033  24.054 0.0000000000
21233  43.006  -63.632  24.189 0.0000000000
21253  47.998  -63.419  23.541 0.0000000000
21254  46.854  -63.514  23.579 0.0000000000
21255  45.702  -63.499  23.573 0.0000000000
21256  44.600  -63.612  23.716 0.0000000000
21257  43.617  -63.318  23.803 0.0000000000
21258  43.115  -63.153  23.882 0.0000000000
22008  22.351  -63.119  43.532 0.0000000000
22009  21.652  -63.571  43.789 0.0000000000
22046  14.231  -62.544  39.976 0.0000000000
22061  19.349  -61.669  38.884 0.0000000000
22062  18.663  -61.861  39.041 0.0000000000
22063  17.631  -62.437  39.077 0.0000000000
22064  16.531  -62.472  39.297 0.0000000000
22065  15.594  -62.390  39.434 0.0000000000
22066  14.877  -62.224  39.542 0.0000000000
22223  45.528  -63.177  29.038 0.0000000000
22224  44.829  -63.017  29.268 0.0000000000
22238  48.673  -62.879  27.900 0.0000000000
22239  47.976  -62.986  28.085 0.0000000000
22240  47.022  -62.971  28.279 0.0000000000
22241  45.968  -62.958  28.614 0.0000000000
22242  44.948  -62.621  28.820 0.0000000000
22243  44.302  -62.464  29.080 0.0000000000
22256  47.994  -62.465  27.717 0.0000000000
22257  47.377  -62.533  27.958 0.0000000000
22284  42.777  -62.905  23.923 0.0000000000
22304  48.414  -62.464  23.491 0.0000000000
22305  47.299  -62.544  23.443 0.0000000000
22306  46.102  -62.552  23.393 0.0000000000
22307  44.949  -62.605  23.423 0.0000000000
22308  43.948  -62.653  23.560 0.0000000000
22309  43.193  -62.684  23.734 0.0000000000
23139  20.278  -60.904  38.942 0.0000000000
23140  19.305  -61.144  39.113 0.0000000000
23141  18.205  -61.380  39.046 0.0000000000
23142  17.168  -61.598  39.085 0.0000000000
23162  19.863  -61.334  38.918 0.0000000000
23323  46.734  -62.246  28.066 0.0000000000
23324  46.050  -62.256  28.290 0.0000000000
23325  45.078  -62.089  28.388 0.0000000000
23326  44.135  -61.939  28.716 0.0000000000
23340  48.040  -61.828  27.430 0.0000000000
23341  47.123  -61.804  27.733 0.0000000000
23342  46.099  -61.625  27.952 0.0000000000
23343  45.421  -61.700  28.141 0.0000000000
23376  42.576  -62.170  23.826 0.0000000000
23394  48.826  -61.565  23.490 0.0000000000
23395  47.753  -61.579  23.398 0.0000000000
23396  46.577  -61.593  23.342 0.0000000000
23397  45.277  -61.495  23.375 0.0000000000
23398  44.191  -61.768  23.466 0.0000000000
23399  43.300  -61.884  23.631 0.0000000000
24180  15.974  -60.532  44.556 0.0000000000
24194  25.512  -59.662  40.673 0.0000000000
24209  20.954  -60.378  38.776 0.0000000000
24210  20.040  -60.661  38.585 0.0000000000
24211  18.699  -60.762  38.819 0.0000000000
24212  17.644  -60.895  38.782 0.0000000000
24227  19.969  -60.429  37.970 0.0000000000
24228  19.035  -60.507  38.202 0.0000000000
24291  22.440  -60.307  34.589 0.0000000000
24307  22.452  -60.044  33.978 0.0000000000
24308  22.010  -60.422  33.822 0.0000000000
24319  21.567  -60.432  33.230 0.0000000000
24389  44.948  -61.559  28.138 0.0000000000
24390  44.359  -61.390  28.271 0.0000000000
24410  48.230  -61.136  27.195 0.0000000000
24411  47.331  -61.098  27.372 0.0000000000
24412  46.266  -60.864  27.388 0.0000000000
24413  45.065  -61.059  27.762 0.0000000000
24414  43.878  -60.692  27.987 0.0000000000
24433  48.496  -60.549  26.709 0.0000000000
24434  47.482  -60.577  26.905 0.0000000000
24435  46.844  -60.614  27.147 0.0000000000
24469  49.197  -60.259  24.103 0.0000000000
24470  48.473  -60.076  24.170 0.0000000000
24471  44.291  -60.238  23.920 0.0000000000
24472  43.545  -60.424  23.940 0.0000000000
24473  42.529  -60.967  23.894 0.0000000000
24491  48.221  -60.598  23.703 0.0000000000
24492  47.082  -60.754  23.475 0.0000000000
24493  46.005  -60.704  23.553 0.0000000000
24494  45.008  -60.481  23.673 0.0000000000
24495  44.280  -60.893  23.592 0.0000000000
24496  43.538  -61.155  23.627 0.0000000000
25291  16.567  -59.710  44.370 0.0000000000
25297  17.184  -59.176  44.112 0.0000000000
25304  25.484  -59.236  41.172 0.0000000000
25305  25.020  -59.470  41.955 0.0000000000
25308  25.708  -59.054  40.312 0.0000000000
25312  25.529  -59.118  39.415 0.0000000000
25313  21.557  -59.789  38.607 0.0000000000
25314  21.409  -59.902  38.654 0.0000000000
25315  20.969  -60.126  38.577 0.0000000000
25325  22.099  -59.592  38.421 0.0000000000
25326  21.393  -59.759  38.354 0.0000000000
25327  20.740  -60.115  38.185 0.0000000000
25335  22.061  -59.490  37.866 0.0000000000
25346  23.330  -59.352  35.900 0.0000000000
25347  22.367  -59.798  36.709 0.0000000000
25359  23.436  -59.219  34.889 0.0000000000
25360  22.895  -59.907  35.321 0.0000000000
25367  23.252  -59.040  34.327 0.0000000000
25368  22.866  -59.535  34.232 0.0000000000
25384  22.315  -59.726  33.403 0.0000000000
25385  21.902  -60.091  33.210 0.0000000000
25399  22.337  -59.216  32.857 0.0000000000
25400  21.693  -59.733  32.485 0.0000000000
25401  21.045  -60.289  32.236 0.0000000000
25489  46.010  -60.444  27.070 0.0000000000
25490  45.495  -60.352  27.166 0.0000000000
25491  44.375  -60.183  27.354 0.0000000000
25519  47.734  -59.975  26.325 0.0000000000
25520  46.366  -60.121  26.692 0.0000000000
25521  45.016  -59.768  26.581 0.0000000000
25522  43.776  -59.654  26.607 0.0000000000
25542  48.246  -59.664  25.482 0.0000000000
25543  46.962  -59.591  25.593 0.0000000000
25544  45.669  -59.596  25.680 0.0000000000
25545  44.450  -59.568  25.630 0.0000000000
25546  43.251  -59.525  25.555 0.0000000000
25567  48.845  -59.774  24.674 0.0000000000
25568  47.615  -59.805  24.404 0.0000000000
25569  46.238  -59.676  24.685 0.0000000000
25570  45.095  -59.590  24.742 0.0000000000
25571  44.002  -59.756  24.576 0.0000000000
25572  42.837  -59.924  24.552 0.0000000000
25593  47.370  -60.293  23.803 0.0000000000
25594  46.628  -60.142  23.892 0.0000000000
25595  45.600  -59.970  24.006 0.0000000000
25596  44.769  -59.911  24.114 0.0000000000
26445  18.258  -58.248  43.945 0.0000000000
26446  17.476  -58.369  43.592 0.0000000000
26454  25.027  -58.071  42.313 0.0000000000
26456  17.129  -57.818  43.211 0.0000000000
26460  25.239  -58.428  41.912 0.0000000000
26461  24.880  -58.918  42.328 0.0000000000
26466  25.703  -58.260  40.869 0.0000000000
26472  25.671  -57.966  39.691 0.0000000000
26483  23.887  -58.199  38.377 0.0000000000
26484  23.061  -58.831  38.229 0.0000000000
26492  23.506  -58.323  37.855 0.0000000000
26493  22.724  -58.917  37.935 0.0000000000
26500  23.385  -58.832  36.935 0.0000000000
26501  22.659  -59.272  37.464 0.0000000000
26512  24.384  -57.838  35.264 0.0000000000
26513  23.950  -58.489  35.540 0.0000000000
26524  24.272  -58.002  34.752 0.0000000000
26525  23.587  -58.434  34.169 0.0000000000
26526  23.120  -58.971  34.031 0.0000000000
26541  23.246  -58.108  32.992 0.0000000000
26542  22.814  -58.900  33.419 0.0000000000
26557  23.001  -57.892  32.430 0.0000000000
26558  22.469  -58.463  32.213 0.0000000000
26571  22.362  -58.161  31.559 0.0000000000
27563  17.541  -57.683  43.269 0.0000000000
27580  25.131  -57.412  42.252 0.0000000000
27581  24.327  -57.346  42.894 0.0000000000
27583  17.883  -56.798  42.902 0.0000000000
27584  17.303  -57.152  42.967 0.0000000000
27599  25.554  -57.565  41.438 0.0000000000
27611  25.781  -57.203  40.599 0.0000000000
27638  24.525  -56.828  38.844 0.0000000000
27639  24.296  -57.241  38.504 0.0000000000
27652  24.320  -57.025  37.509 0.0000000000
27653  24.054  -57.308  37.862 0.0000000000
27661  24.386  -57.166  37.099 0.0000000000
27662  23.930  -57.868  37.068 0.0000000000
27670  24.401  -57.489  36.018 0.0000000000
27671  23.954  -58.187  36.408 0.0000000000
27683  24.539  -57.192  34.798 0.0000000000
27684  24.150  -57.636  34.218 0.0000000000
27698  24.278  -57.056  34.039 0.0000000000
27699  23.830  -57.371  33.483 0.0000000000
27717  23.405  -57.321  32.516 0.0000000000
27718  22.895  -57.650  32.049 0.0000000000
27734  23.161  -57.092  31.835 0.0000000000
27735  22.495  -57.477  31.272 0.0000000000
27736  22.136  -57.957  30.720 0.0000000000
27751  22.363  -56.874  30.588 0.0000000000
27752  22.004  -57.401  30.101 0.0000000000
28681  19.592  -56.352  43.337 0.0000000000
28682  18.965  -56.572  43.246 0.0000000000
28704  25.249  -56.453  42.199 0.0000000000
28705  24.635  -56.477  42.649 0.0000000000
28706  23.634  -56.601  43.338 0.0000000000
28707  22.949  -56.038  43.514 0.0000000000
28708  19.807  -55.882  43.146 0.0000000000
28709  19.118  -55.952  43.032 0.0000000000
28710  18.361  -56.277  42.943 0.0000000000
28711  17.535  -56.276  42.878 0.0000000000
28730  25.636  -56.491  41.508 0.0000000000
28765  24.639  -56.202  39.065 0.0000000000
28777  24.444  -56.455  38.304 0.0000000000
28778  24.237  -56.953  38.184 0.0000000000
28794  24.513  -56.593  37.486 0.0000000000
28795  24.273  -56.822  37.974 0.0000000000
28810  24.783  -56.541  36.498 0.0000000000
28823  24.933  -56.476  35.463 0.0000000000
28838  24.788  -56.283  34.639 0.0000000000
28852  24.495  -56.536  34.193 0.0000000000
28853  24.246  -56.509  33.608 0.0000000000
28872  23.857  -56.510  32.920 0.0000000000
28891  23.487  -56.405  32.178 0.0000000000
28892  23.068  -56.389  31.490 0.0000000000
28908  22.621  -56.293  30.861 0.0000000000
28909  22.224  -56.279  30.186 0.0000000000
29791  22.788  -55.491  43.488 0.0000000000
29792  22.449  -55.661  43.546 0.0000000000
29793  21.255  -55.364  43.675 0.0000000000
29794  20.232  -55.265  43.317 0.0000000000
29814  25.210  -55.419  42.207 0.0000000000
29815  24.133  -55.504  42.930 0.0000000000
29816  23.130  -55.626  43.409 0.0000000000
29817  22.826  -55.813  43.493 0.0000000000
29818  19.461  -55.329  43.106 0.0000000000
29819  18.706  -55.368  43.057 0.0000000000
29840  25.619  -55.329  41.144 0.0000000000
29879  24.868  -55.401  39.296 0.0000000000
29897  24.664  -55.480  38.525 0.0000000000
29917  25.044  -55.273  37.387 0.0000000000
29918  24.829  -55.558  37.634 0.0000000000
29935  25.150  -55.286  37.134 0.0000000000
29936  25.019  -55.830  36.905 0.0000000000
29951  25.253  -55.277  36.623 0.0000000000
29952  25.242  -55.608  36.021 0.0000000000
29953  18.040  -55.266  35.823 0.0000000000
29967  25.079  -55.520  34.958 0.0000000000
29979  24.540  -55.645  33.960 0.0000000000
29980  24.217  -55.895  33.218 0.0000000000
29998  24.235  -55.289  33.205 0.0000000000
29999  23.838  -55.545  32.617 0.0000000000
30020  23.349  -55.524  31.872 0.0000000000
30021  22.890  -55.461  31.255 0.0000000000
30042  22.431  -55.257  30.573 0.0000000000
30043  21.892  -55.404  29.782 0.0000000000
30902  22.785  -55.071  43.467 0.0000000000
30903  22.054  -54.497  43.491 0.0000000000
30904  20.884  -54.447  43.543 0.0000000000
30905  19.960  -54.317  43.371 0.0000000000
30906  19.519  -53.958  43.319 0.0000000000
30927  25.123  -54.543  42.155 0.0000000000
30928  24.599  -54.266  42.570 0.0000000000
30929  23.463  -54.575  43.236 0.0000000000
30930  22.783  -54.471  43.420 0.0000000000
30931  19.711  -54.874  43.186 0.0000000000
30932  19.168  -54.477  43.184 0.0000000000
30959  25.312  -54.412  41.559 0.0000000000
30960  25.086  -54.150  42.076 0.0000000000
30984  25.119  -54.023  40.242 0.0000000000
31001  25.007  -54.507  39.714 0.0000000000
31017  24.752  -54.713  38.851 0.0000000000
31034  25.141  -54.984  37.393 0.0000000000
31035  24.913  -54.611  37.983 0.0000000000
31036  19.979  -54.023  36.871 0.0000000000
31037  19.626  -54.177  36.872 0.0000000000
31038  18.837  -54.540  36.819 0.0000000000
31055  25.311  -54.751  36.829 0.0000000000
31056  25.267  -54.371  36.332 0.0000000000
31057  19.971  -54.128  36.557 0.0000000000
31070  25.319  -54.900  36.257 0.0000000000
31071  25.127  -54.568  35.603 0.0000000000
31072  19.879  -54.244  36.050 0.0000000000
31073  19.178  -54.432  35.894 0.0000000000
31074  18.289  -54.846  35.674 0.0000000000
31086  24.675  -54.591  34.512 0.0000000000
31095  24.249  -54.635  33.547 0.0000000000
31096  23.781  -54.406  33.076 0.0000000000
31107  23.974  -54.839  32.902 0.0000000000
31108  23.364  -54.488  32.316 0.0000000000
31109  22.847  -54.074  31.947 0.0000000000
31128  23.060  -54.963  31.664 0.0000000000
31129  22.578  -54.442  31.260 0.0000000000
31130  22.065  -53.941  30.873 0.0000000000
31152  22.352  -54.681  30.701 0.0000000000
31153  21.945  -54.394  30.345 0.0000000000
32043  19.821  -53.488  43.411 0.0000000000
32055  24.365  -53.255  42.331 0.0000000000
32056  23.716  -53.431  42.882 0.0000000000
32058  19.231  -53.494  43.236 0.0000000000
32079  25.221  -53.879  41.295 0.0000000000
32080  24.917  -53.571  41.750 0.0000000000
32100  25.107  -53.595  40.798 0.0000000000
32114  24.886  -53.553  39.920 0.0000000000
32133  24.775  -53.581  38.770 0.0000000000
32134  19.960  -53.114  37.802 0.0000000000
32135  19.419  -53.284  37.820 0.0000000000
32156  25.222  -54.397  37.287 0.0000000000
32157  25.087  -53.618  37.399 0.0000000000
32158  21.022  -53.223  37.069 0.0000000000
32159  20.293  -53.651  37.142 0.0000000000
32160  19.212  -53.983  37.375 0.0000000000
32161  18.232  -54.119  37.298 0.0000000000
32162  17.240  -54.343  37.326 0.0000000000
32179  25.299  -54.119  36.809 0.0000000000
32180  25.002  -53.673  36.273 0.0000000000
32181  22.323  -52.762  35.990 0.0000000000
32182  21.472  -53.177  36.319 0.0000000000
32183  20.612  -53.900  36.108 0.0000000000
32193  24.480  -53.647  35.228 0.0000000000
32194  23.607  -53.332  34.920 0.0000000000
32195  22.598  -53.051  35.265 0.0000000000
32196  21.471  -53.050  35.272 0.0000000000
32197  20.082  -53.701  35.724 0.0000000000
32198  19.029  -54.001  35.607 0.0000000000
32199  18.076  -54.139  35.472 0.0000000000
32200  17.084  -54.099  35.366 0.0000000000
32212  24.026  -53.863  34.081 0.0000000000
32213  23.128  -53.416  34.187 0.0000000000
32214  22.312  -53.019  34.388 0.0000000000
32215  21.973  -52.955  34.694 0.0000000000
32224  23.877  -54.186  33.463 0.0000000000
32225  23.430  -53.870  33.169 0.0000000000
32226  22.708  -53.277  33.456 0.0000000000
32236  23.265  -53.966  32.626 0.0000000000
32237  22.843  -53.663  32.493 0.0000000000
32250  22.552  -53.743  31.769 0.0000000000
32251  22.111  -53.537  31.287 0.0000000000
33315  20.189  -53.028  43.470 0.0000000000
33329  24.419  -52.825  41.858 0.0000000000
33330  23.876  -52.424  42.230 0.0000000000
33333  20.321  -51.947  43.229 0.0000000000
33334  19.693  -52.519  43.306 0.0000000000
33353  24.569  -52.640  41.189 0.0000000000
33354  24.257  -52.375  41.698 0.0000000000
33376  24.759  -52.911  40.406 0.0000000000
33391  24.678  -52.706  39.647 0.0000000000
33411  24.615  -52.396  38.818 0.0000000000
33412  20.900  -52.528  37.702 0.0000000000
33413  20.403  -52.695  37.908 0.0000000000
33414  19.623  -52.619  38.248 0.0000000000
33439  24.703  -52.583  37.883 0.0000000000
33440  21.324  -52.549  37.229 0.0000000000
33441  20.818  -53.011  37.440 0.0000000000
33462  24.619  -52.756  36.802 0.0000000000
33463  24.045  -52.522  36.257 0.0000000000
33464  23.123  -52.509  36.024 0.0000000000
33465  22.186  -52.275  36.599 0.0000000000
33480  24.496  -53.023  35.972 0.0000000000
33481  23.898  -52.916  35.563 0.0000000000
33482  23.313  -52.974  35.418 0.0000000000
33483  21.414  -52.503  34.937 0.0000000000
33484  20.715  -52.843  35.353 0.0000000000
33485  19.702  -53.117  35.560 0.0000000000
33486  18.688  -53.241  35.635 0.0000000000
33487  17.688  -53.215  35.559 0.0000000000
33498  22.240  -52.751  34.182 0.0000000000
33499  22.004  -52.570  34.388 0.0000000000
33507  22.325  -52.634  33.765 0.0000000000
33508  22.195  -52.292  33.903 0.0000000000
33516  22.344  -52.690  32.806 0.0000000000
33517  22.035  -52.303  32.038 0.0000000000
33528  22.296  -53.068  31.921 0.0000000000
34617  23.735  -51.914  41.961 0.0000000000
34618  23.263  -51.650  42.190 0.0000000000
34620  20.966  -51.404  43.156 0.0000000000
34621  19.872  -51.368  42.974 0.0000000000
34634  24.389  -52.141  41.047 0.0000000000
34635  24.001  -51.759  41.412 0.0000000000
34636  23.480  -51.375  41.650 0.0000000000
34657  24.450  -52.139  40.501 0.0000000000
34658  23.907  -51.371  40.277 0.0000000000
34670  24.375  -51.781  39.475 0.0000000000
34671  23.727  -51.046  39.280 0.0000000000
34672  21.031  -50.844  39.093 0.0000000000
34673  20.311  -50.990  39.099 0.0000000000
34693  24.184  -51.601  38.329 0.0000000000
34694  23.136  -50.921  38.351 0.0000000000
34695  22.081  -51.072  38.131 0.0000000000
34696  21.058  -51.684  38.215 0.0000000000
34697  19.996  -51.847  38.619 0.0000000000
34698  19.066  -51.839  38.735 0.0000000000
34723  24.290  -51.979  37.256 0.0000000000
34724  23.519  -51.480  37.417 0.0000000000
34725  22.641  -51.347  37.447 0.0000000000
34726  21.883  -51.677  37.350 0.0000000000
34749  24.208  -52.270  36.730 0.0000000000
34750  23.708  -52.011  36.688 0.0000000000
34751  22.917  -51.768  36.766 0.0000000000
34752  22.388  -51.705  36.990 0.0000000000
34753  19.726  -51.620  36.174 0.0000000000
34754  18.901  -51.547  36.158 0.0000000000
34755  17.948  -51.538  36.357 0.0000000000
34756  16.948  -51.434  36.344 0.0000000000
34776  21.132  -51.942  35.248 0.0000000000
34777  20.331  -52.084  35.798 0.0000000000
34778  19.276  -52.354  35.793 0.0000000000
34779  18.300  -52.361  35.820 0.0000000000
34780  17.305  -52.288  35.829 0.0000000000
34796  21.624  -51.788  34.568 0.0000000000
34809  22.209  -52.211  33.669 0.0000000000
34810  22.080  -51.760  33.760 0.0000000000
34823  22.238  -52.175  33.331 0.0000000000
34824  22.004  -51.666  32.683 0.0000000000
35943  22.530  -50.952  42.238 0.0000000000
35944  21.583  -50.708  42.382 0.0000000000
35945  20.350  -50.396  42.392 0.0000000000
35946  19.226  -50.473  42.632 0.0000000000
35962  23.518  -51.249  41.393 0.0000000000
35963  23.120  -50.898  41.594 0.0000000000
35964  22.205  -50.426  41.540 0.0000000000
35965  21.082  -50.083  41.402 0.0000000000
35991  23.495  -50.999  40.938 0.0000000000
35992  22.799  -50.476  40.782 0.0000000000
35993  21.894  -50.125  40.594 0.0000000000
35994  20.967  -50.011  40.357 0.0000000000
36011  23.310  -50.689  40.068 0.0000000000
36012  22.510  -50.405  39.879 0.0000000000
36013  21.572  -50.399  39.623 0.0000000000
36029  23.057  -50.580  39.282 0.0000000000
36030  22.343  -50.644  38.995 0.0000000000
36031  21.612  -50.878  38.792 0.0000000000
36048  17.752  -50.099  37.122 0.0000000000
36049  17.361  -50.070  37.201 0.0000000000
36068  20.389  -51.027  36.147 0.0000000000
36069  19.572  -50.796  36.408 0.0000000000
36070  18.609  -50.571  36.667 0.0000000000
36071  17.608  -50.640  36.848 0.0000000000
36090  21.392  -50.926  35.051 0.0000000000
36091  20.957  -51.238  35.662 0.0000000000
36105  21.770  -50.859  34.225 0.0000000000
36118  21.765  -50.745  33.231 0.0000000000
36133  21.430  -50.610  32.102 0.0000000000
36134  20.925  -49.920  32.176 0.0000000000
36151  19.785  -49.740  31.224 0.0000000000
37270  20.153  -49.784  41.596 0.0000000000
37271  19.426  -49.753  42.019 0.0000000000
37289  20.287  -49.781  40.795 0.0000000000
37376  18.252  -49.281  37.120 0.0000000000
37377  17.887  -49.505  37.210 0.0000000000
37400  20.193  -50.168  36.294 0.0000000000
37401  19.447  -49.784  36.576 0.0000000000
37402  18.588  -49.419  36.938 0.0000000000
37403  18.111  -50.071  37.020 0.0000000000
37420  21.306  -50.394  35.133 0.0000000000
37421  20.939  -50.110  35.519 0.0000000000
37434  21.409  -50.235  34.741 0.0000000000
37435  20.990  -49.448  34.470 0.0000000000
37450  21.442  -50.005  33.832 0.0000000000
37451  20.771  -49.343  33.445 0.0000000000
37465  21.239  -49.885  32.838 0.0000000000
37466  20.370  -49.293  32.417 0.0000000000
37467  19.469  -49.031  32.030 0.0000000000
37468  18.502  -49.098  31.834 0.0000000000
37485  19.900  -49.447  31.628 0.0000000000
38684  18.244  -48.942  37.157 0.0000000000
38710  20.113  -49.251  36.086 0.0000000000
38711  19.253  -48.694  36.466 0.0000000000
38712  18.629  -48.592  36.876 0.0000000000
38730  20.372  -48.875  35.118 0.0000000000
38731  19.685  -48.368  35.732 0.0000000000
38748  20.266  -48.757  34.020 0.0000000000
38749  19.421  -48.082  34.589 0.0000000000
38750  18.751  -47.660  34.366 0.0000000000
38763  20.181  -48.854  33.098 0.0000000000
38764  19.502  -48.429  33.403 0.0000000000
38765  18.366  -47.832  33.493 0.0000000000
38780  20.143  -48.926  32.715 0.0000000000
38781  19.798  -48.764  32.674 0.0000000000
38782  18.869  -48.560  32.588 0.0000000000
39866  19.262  -48.063  36.157 0.0000000000
39867  18.620  -47.795  36.515 0.0000000000
39883  19.137  -47.742  35.621 0.0000000000
39884  18.395  -47.295  35.495 0.0000000000
39901  18.843  -47.552  34.921 0.0000000000
