#!ascii label  , from subject sub-CSI4 vox2ras=TkReg
1315
2716  -27.471  -91.116  24.129 0.0000000000
3230  -26.972  -90.151  24.833 0.0000000000
3240  -26.970  -90.888  24.482 0.0000000000
3241  -27.484  -90.455  24.412 0.0000000000
3243  -29.086  -90.240  23.709 0.0000000000
3735  -21.020  -89.168  38.083 0.0000000000
3745  -21.874  -89.765  36.171 0.0000000000
3754  -22.335  -89.586  35.278 0.0000000000
3767  -22.788  -89.660  34.033 0.0000000000
3768  -23.124  -89.276  33.627 0.0000000000
3777  -23.267  -89.578  33.173 0.0000000000
3859  -26.106  -89.878  25.337 0.0000000000
3860  -26.665  -89.950  25.052 0.0000000000
3870  -26.477  -89.528  25.125 0.0000000000
3872  -28.057  -89.759  24.202 0.0000000000
3873  -28.781  -89.988  23.923 0.0000000000
3885  -28.565  -89.534  23.849 0.0000000000
3886  -29.307  -89.695  23.627 0.0000000000
3887  -30.480  -89.631  23.099 0.0000000000
4339  -16.344  -88.651  40.041 0.0000000000
4340  -17.158  -88.427  40.080 0.0000000000
4352  -17.304  -88.586  39.547 0.0000000000
4353  -18.290  -88.696  39.374 0.0000000000
4355  -19.950  -89.193  39.224 0.0000000000
4364  -18.409  -88.914  38.335 0.0000000000
4365  -18.918  -89.160  38.295 0.0000000000
4366  -19.824  -88.734  39.024 0.0000000000
4367  -20.316  -89.008  38.694 0.0000000000
4368  -20.728  -89.112  38.225 0.0000000000
4378  -20.659  -88.626  38.313 0.0000000000
4379  -21.036  -88.900  37.917 0.0000000000
4390  -21.656  -88.696  36.719 0.0000000000
4391  -22.001  -89.207  35.988 0.0000000000
4403  -21.720  -88.118  36.009 0.0000000000
4404  -22.094  -88.542  35.552 0.0000000000
4419  -22.660  -88.734  34.455 0.0000000000
4420  -23.029  -89.026  33.905 0.0000000000
4433  -23.014  -88.625  33.898 0.0000000000
4434  -23.323  -88.764  33.455 0.0000000000
4435  -29.645  -88.176  32.533 0.0000000000
4436  -29.807  -88.319  32.537 0.0000000000
4443  -23.705  -88.774  32.711 0.0000000000
4445  -29.785  -88.310  31.860 0.0000000000
4461  -29.916  -88.267  31.085 0.0000000000
4474  -30.014  -88.205  30.681 0.0000000000
4475  -30.182  -88.128  30.595 0.0000000000
4483  -30.328  -88.010  30.305 0.0000000000
4484  -30.527  -88.050  30.225 0.0000000000
4530  -26.151  -89.380  25.314 0.0000000000
4541  -26.329  -88.820  25.043 0.0000000000
4542  -27.466  -88.756  24.270 0.0000000000
4543  -28.111  -89.247  23.912 0.0000000000
4552  -27.695  -88.092  23.899 0.0000000000
4553  -28.509  -88.739  23.644 0.0000000000
4554  -29.781  -88.822  23.312 0.0000000000
5036  -18.901  -88.178  39.333 0.0000000000
5037  -19.525  -88.575  39.106 0.0000000000
5047  -19.878  -88.132  38.716 0.0000000000
5048  -20.438  -88.463  38.471 0.0000000000
5060  -20.155  -87.636  38.220 0.0000000000
5061  -20.686  -87.938  37.977 0.0000000000
5062  -21.223  -88.328  37.513 0.0000000000
5076  -20.766  -87.451  37.381 0.0000000000
5077  -21.188  -87.670  37.118 0.0000000000
5079  -28.766  -87.140  35.816 0.0000000000
5092  -21.478  -87.532  36.229 0.0000000000
5093  -21.810  -87.592  35.510 0.0000000000
5109  -22.327  -87.697  34.707 0.0000000000
5110  -28.669  -87.651  35.022 0.0000000000
5111  -28.962  -88.018  34.599 0.0000000000
5124  -23.010  -87.935  33.817 0.0000000000
5125  -23.708  -87.970  33.040 0.0000000000
5126  -28.755  -87.762  34.439 0.0000000000
5127  -29.361  -87.969  33.404 0.0000000000
5134  -24.180  -88.131  32.437 0.0000000000
5135  -24.561  -87.849  31.916 0.0000000000
5136  -29.554  -87.992  32.346 0.0000000000
5151  -24.637  -87.533  31.258 0.0000000000
5152  -29.766  -87.917  31.327 0.0000000000
5153  -30.156  -87.511  30.850 0.0000000000
5167  -29.885  -88.129  30.886 0.0000000000
5168  -30.044  -87.913  30.576 0.0000000000
5178  -30.567  -87.788  29.985 0.0000000000
5179  -30.952  -87.951  29.720 0.0000000000
5187  -30.835  -87.644  29.172 0.0000000000
5188  -31.064  -87.576  28.768 0.0000000000
5246  -26.616  -87.772  24.376 0.0000000000
5247  -27.260  -87.985  24.170 0.0000000000
5254  -26.633  -87.256  24.067 0.0000000000
5255  -27.143  -87.426  23.846 0.0000000000
5257  -29.148  -87.938  23.211 0.0000000000
5258  -30.034  -88.112  22.905 0.0000000000
5266  -28.636  -87.131  22.819 0.0000000000
5267  -29.637  -87.293  22.727 0.0000000000
5268  -30.702  -87.572  22.631 0.0000000000
5270  -32.485  -87.572  22.340 0.0000000000
5271  -33.433  -87.482  21.890 0.0000000000
5739  -26.845  -86.185  39.454 0.0000000000
5752  -26.695  -86.192  38.995 0.0000000000
5753  -27.092  -86.470  38.506 0.0000000000
5766  -20.523  -87.316  37.494 0.0000000000
5767  -26.918  -86.233  38.230 0.0000000000
5768  -27.474  -86.419  37.542 0.0000000000
5780  -20.577  -86.833  36.838 0.0000000000
5781  -21.111  -87.130  36.540 0.0000000000
5782  -27.677  -86.381  36.842 0.0000000000
5783  -28.355  -86.713  36.251 0.0000000000
5785  -29.283  -86.558  36.422 0.0000000000
5795  -21.541  -87.056  35.633 0.0000000000
5796  -28.323  -87.289  35.095 0.0000000000
5806  -21.804  -86.618  34.914 0.0000000000
5807  -28.574  -87.388  34.873 0.0000000000
5808  -28.604  -87.239  34.576 0.0000000000
5818  -22.661  -86.772  34.033 0.0000000000
5820  -28.656  -87.543  34.498 0.0000000000
5821  -28.836  -87.377  34.022 0.0000000000
5825  -24.122  -87.143  32.435 0.0000000000
5826  -24.563  -86.863  31.604 0.0000000000
5827  -29.375  -87.292  32.951 0.0000000000
5828  -29.748  -86.815  32.312 0.0000000000
5838  -24.925  -86.572  30.857 0.0000000000
5839  -25.282  -86.134  30.342 0.0000000000
5840  -29.697  -87.465  32.068 0.0000000000
5841  -30.231  -86.874  31.420 0.0000000000
5855  -25.310  -86.139  30.063 0.0000000000
5856  -30.532  -86.971  30.020 0.0000000000
5857  -31.031  -86.315  29.376 0.0000000000
5871  -30.696  -87.335  29.002 0.0000000000
5872  -30.851  -86.613  28.765 0.0000000000
5882  -30.892  -87.423  28.713 0.0000000000
5883  -31.005  -86.932  28.042 0.0000000000
5944  -26.395  -87.180  24.176 0.0000000000
5955  -26.448  -86.656  23.806 0.0000000000
5967  -29.078  -86.374  22.440 0.0000000000
5968  -30.154  -86.502  22.374 0.0000000000
5971  -33.204  -86.688  22.248 0.0000000000
6459  -19.586  -85.286  44.628 0.0000000000
6466  -19.734  -85.135  43.572 0.0000000000
6486  -26.773  -85.220  41.416 0.0000000000
6487  -26.822  -85.381  41.227 0.0000000000
6496  -26.701  -85.404  40.983 0.0000000000
6509  -26.680  -85.770  39.995 0.0000000000
6511  -27.981  -85.697  39.347 0.0000000000
6512  -28.747  -85.542  38.717 0.0000000000
6521  -26.513  -85.472  39.112 0.0000000000
6523  -28.182  -86.237  38.328 0.0000000000
6524  -28.944  -85.834  38.025 0.0000000000
6535  -26.686  -85.696  38.362 0.0000000000
6536  -27.007  -85.798  37.723 0.0000000000
6537  -28.587  -86.329  37.636 0.0000000000
6538  -29.159  -86.182  37.238 0.0000000000
6550  -27.378  -85.862  37.081 0.0000000000
6551  -27.844  -86.044  36.419 0.0000000000
6552  -29.233  -86.421  36.719 0.0000000000
6564  -28.489  -86.448  35.452 0.0000000000
6565  -28.732  -85.887  34.981 0.0000000000
6578  -28.514  -86.973  34.875 0.0000000000
6579  -28.749  -86.565  34.589 0.0000000000
6588  -22.297  -85.660  34.049 0.0000000000
6590  -29.334  -86.262  33.695 0.0000000000
6591  -29.883  -85.663  33.128 0.0000000000
6595  -23.726  -86.025  32.752 0.0000000000
6596  -24.337  -86.034  32.111 0.0000000000
6597  -29.627  -86.394  32.861 0.0000000000
6598  -30.228  -85.873  32.354 0.0000000000
6605  -24.866  -85.821  31.400 0.0000000000
6606  -25.312  -85.597  30.711 0.0000000000
6607  -30.747  -85.681  31.544 0.0000000000
6608  -31.225  -85.450  31.047 0.0000000000
6620  -25.447  -85.580  30.031 0.0000000000
6621  -30.837  -86.151  30.824 0.0000000000
6622  -31.394  -85.572  30.111 0.0000000000
6640  -31.290  -85.650  28.853 0.0000000000
6654  -30.930  -85.763  27.906 0.0000000000
6666  -31.266  -85.744  27.522 0.0000000000
6731  -29.570  -85.389  21.980 0.0000000000
6732  -30.679  -85.696  22.039 0.0000000000
6735  -33.783  -85.744  22.262 0.0000000000
6736  -34.892  -85.797  22.256 0.0000000000
6743  -29.794  -84.791  21.755 0.0000000000
6744  -30.299  -84.904  21.760 0.0000000000
6745  -31.083  -84.994  21.809 0.0000000000
7253  -20.806  -83.838  42.786 0.0000000000
7254  -26.810  -84.010  43.046 0.0000000000
7255  -26.870  -84.053  43.264 0.0000000000
7267  -20.793  -84.040  42.676 0.0000000000
7268  -26.781  -84.322  42.357 0.0000000000
7280  -20.614  -84.063  41.982 0.0000000000
7281  -20.859  -83.945  42.234 0.0000000000
7282  -26.619  -84.897  41.457 0.0000000000
7294  -26.532  -85.236  40.650 0.0000000000
7308  -26.462  -85.068  39.892 0.0000000000
7309  -26.642  -84.619  39.603 0.0000000000
7322  -26.640  -84.719  39.061 0.0000000000
7323  -26.798  -84.409  39.305 0.0000000000
7335  -26.663  -84.897  38.331 0.0000000000
7336  -26.802  -85.191  37.854 0.0000000000
7347  -26.901  -84.525  37.701 0.0000000000
7348  -27.134  -84.945  37.319 0.0000000000
7349  -27.580  -85.037  36.730 0.0000000000
7361  -28.197  -85.122  36.115 0.0000000000
7362  -28.770  -85.139  35.391 0.0000000000
7376  -21.906  -85.153  34.169 0.0000000000
7377  -29.239  -85.301  34.579 0.0000000000
7385  -22.141  -84.618  33.548 0.0000000000
7386  -22.677  -85.223  33.434 0.0000000000
7387  -29.827  -84.962  33.725 0.0000000000
7388  -30.399  -84.777  32.978 0.0000000000
7394  -23.937  -85.422  32.397 0.0000000000
7395  -30.926  -84.779  32.121 0.0000000000
7396  -31.328  -84.545  31.680 0.0000000000
7404  -23.745  -84.310  32.136 0.0000000000
7405  -24.289  -84.883  31.886 0.0000000000
7407  -31.226  -85.037  31.544 0.0000000000
7408  -31.595  -84.630  31.101 0.0000000000
7426  -25.599  -84.432  30.427 0.0000000000
7427  -25.889  -84.038  29.957 0.0000000000
7428  -31.917  -84.347  30.311 0.0000000000
7429  -32.133  -83.984  29.958 0.0000000000
7448  -25.546  -84.623  29.451 0.0000000000
7449  -25.792  -84.009  29.684 0.0000000000
7450  -31.835  -84.411  29.286 0.0000000000
7451  -32.150  -83.850  29.664 0.0000000000
7469  -31.291  -84.653  28.080 0.0000000000
7486  -31.119  -84.353  27.244 0.0000000000
7490  -35.406  -84.915  27.487 0.0000000000
7504  -30.894  -83.724  26.742 0.0000000000
7505  -31.242  -84.100  26.823 0.0000000000
7542  -28.763  -84.516  21.924 0.0000000000
7543  -29.440  -84.610  21.767 0.0000000000
7544  -32.349  -85.098  22.042 0.0000000000
7545  -33.052  -84.575  22.104 0.0000000000
7546  -34.318  -84.772  22.340 0.0000000000
7547  -35.426  -84.923  22.389 0.0000000000
7548  -36.463  -84.993  22.393 0.0000000000
7556  -29.252  -84.093  21.709 0.0000000000
7557  -29.887  -84.209  21.632 0.0000000000
7558  -30.777  -84.218  21.641 0.0000000000
7559  -31.869  -84.394  21.815 0.0000000000
7560  -32.523  -83.887  21.840 0.0000000000
8065  -26.759  -83.778  43.208 0.0000000000
8066  -26.895  -83.709  43.448 0.0000000000
8081  -20.864  -83.535  42.416 0.0000000000
8082  -26.674  -83.797  42.821 0.0000000000
8097  -20.596  -83.644  41.357 0.0000000000
8098  -21.040  -83.348  41.466 0.0000000000
8099  -26.622  -83.897  41.877 0.0000000000
8100  -26.996  -83.242  41.558 0.0000000000
8102  -29.000  -83.273  40.952 0.0000000000
8113  -21.017  -83.279  40.831 0.0000000000
8114  -21.217  -83.165  40.942 0.0000000000
8115  -26.599  -84.584  40.675 0.0000000000
8116  -27.019  -83.680  40.811 0.0000000000
8130  -26.593  -84.641  39.994 0.0000000000
8131  -26.936  -84.142  39.779 0.0000000000
8144  -26.835  -84.387  38.453 0.0000000000
8158  -26.874  -84.251  37.981 0.0000000000
8172  -26.944  -84.015  37.597 0.0000000000
8173  -26.984  -83.941  37.222 0.0000000000
8174  -27.226  -84.245  36.852 0.0000000000
8186  -27.196  -83.520  36.779 0.0000000000
8187  -27.650  -83.899  36.350 0.0000000000
8188  -28.405  -83.986  35.761 0.0000000000
8200  -29.189  -83.933  35.093 0.0000000000
8201  -29.721  -83.285  34.479 0.0000000000
8209  -22.224  -83.902  33.020 0.0000000000
8210  -29.655  -84.195  34.283 0.0000000000
8211  -30.337  -83.577  33.640 0.0000000000
8217  -22.708  -83.703  32.579 0.0000000000
8218  -23.376  -83.764  32.163 0.0000000000
8219  -30.868  -83.747  32.697 0.0000000000
8220  -31.455  -83.778  31.849 0.0000000000
8235  -24.007  -83.870  31.685 0.0000000000
8236  -24.805  -84.033  31.412 0.0000000000
8238  -32.122  -83.550  30.930 0.0000000000
8239  -32.348  -83.041  30.610 0.0000000000
8251  -25.797  -83.497  30.623 0.0000000000
8252  -26.072  -83.494  30.219 0.0000000000
8253  -32.163  -83.820  30.357 0.0000000000
8254  -32.317  -83.393  30.107 0.0000000000
8270  -25.719  -83.832  29.345 0.0000000000
8271  -26.065  -83.555  29.766 0.0000000000
8272  -31.993  -83.945  28.980 0.0000000000
8273  -32.135  -83.571  29.274 0.0000000000
8292  -25.950  -83.134  29.214 0.0000000000
8293  -31.705  -83.726  28.552 0.0000000000
8294  -32.031  -82.983  28.852 0.0000000000
8310  -30.620  -83.568  26.994 0.0000000000
8311  -31.080  -83.535  27.510 0.0000000000
8312  -31.740  -83.951  26.770 0.0000000000
8313  -32.571  -84.004  27.056 0.0000000000
8314  -33.732  -84.028  27.412 0.0000000000
8315  -34.950  -84.058  27.537 0.0000000000
8327  -30.884  -83.086  26.421 0.0000000000
8328  -31.321  -83.516  26.567 0.0000000000
8329  -37.151  -84.155  26.757 0.0000000000
8371  -32.975  -83.239  21.970 0.0000000000
8372  -33.877  -83.614  22.278 0.0000000000
8373  -34.887  -83.836  22.526 0.0000000000
8383  -28.819  -83.686  21.747 0.0000000000
8384  -29.418  -83.426  21.624 0.0000000000
8385  -30.284  -83.369  21.572 0.0000000000
8386  -31.230  -83.368  21.585 0.0000000000
8387  -32.141  -83.280  21.671 0.0000000000
8861  -27.735  -82.473  44.164 0.0000000000
8875  -26.761  -83.490  43.285 0.0000000000
8878  -28.666  -82.313  43.839 0.0000000000
8890  -21.102  -82.762  41.880 0.0000000000
8891  -26.674  -83.137  42.756 0.0000000000
8892  -27.252  -82.201  42.849 0.0000000000
8893  -28.316  -83.066  43.064 0.0000000000
8894  -28.949  -82.440  42.658 0.0000000000
8906  -21.311  -82.538  41.260 0.0000000000
8907  -26.784  -83.240  42.085 0.0000000000
8908  -27.150  -82.589  41.955 0.0000000000
8909  -28.673  -82.890  42.303 0.0000000000
8910  -29.400  -82.558  41.487 0.0000000000
8911  -30.220  -82.166  41.068 0.0000000000
8925  -21.231  -82.665  40.596 0.0000000000
8926  -27.557  -82.657  40.895 0.0000000000
8927  -28.135  -82.136  40.524 0.0000000000
8928  -29.563  -82.927  40.630 0.0000000000
8929  -30.466  -82.538  40.277 0.0000000000
8930  -31.959  -82.359  40.176 0.0000000000
8944  -27.588  -83.313  39.932 0.0000000000
8945  -28.212  -82.509  39.933 0.0000000000
8961  -27.440  -83.612  39.106 0.0000000000
8962  -28.024  -82.949  38.996 0.0000000000
8975  -27.434  -83.362  38.061 0.0000000000
8976  -28.204  -82.507  38.117 0.0000000000
9000  -27.471  -82.686  36.389 0.0000000000
9001  -27.881  -82.803  35.780 0.0000000000
9002  -28.616  -83.103  35.483 0.0000000000
9009  -28.313  -82.379  35.403 0.0000000000
9010  -29.120  -82.525  35.019 0.0000000000
9011  -30.044  -82.237  34.230 0.0000000000
9021  -30.768  -82.332  33.331 0.0000000000
9022  -31.121  -82.027  32.925 0.0000000000
9031  -22.386  -82.757  32.148 0.0000000000
9032  -22.959  -83.268  32.085 0.0000000000
9033  -30.860  -83.065  33.080 0.0000000000
9034  -31.292  -82.622  32.569 0.0000000000
9049  -22.636  -82.358  31.613 0.0000000000
9050  -23.394  -82.852  31.460 0.0000000000
9051  -24.483  -83.316  31.220 0.0000000000
9052  -25.060  -83.555  31.116 0.0000000000
9053  -31.840  -82.636  31.634 0.0000000000
9054  -32.320  -82.561  30.932 0.0000000000
9064  -23.682  -82.486  30.975 0.0000000000
9066  -25.292  -82.938  30.742 0.0000000000
9067  -26.159  -82.699  30.398 0.0000000000
9068  -32.420  -82.667  30.348 0.0000000000
9076  -26.447  -82.660  29.870 0.0000000000
9077  -32.373  -82.591  29.589 0.0000000000
9089  -25.638  -82.624  28.484 0.0000000000
9090  -26.323  -82.166  29.140 0.0000000000
9091  -31.571  -82.792  28.197 0.0000000000
9092  -32.104  -82.165  28.778 0.0000000000
9110  -30.463  -82.708  27.041 0.0000000000
9111  -31.074  -82.550  27.542 0.0000000000
9112  -32.168  -83.103  26.656 0.0000000000
9113  -33.261  -83.120  27.234 0.0000000000
9114  -34.433  -83.107  27.496 0.0000000000
9131  -30.640  -82.162  26.334 0.0000000000
9132  -31.083  -82.259  25.974 0.0000000000
9133  -31.438  -82.778  26.346 0.0000000000
9147  -30.697  -81.842  25.939 0.0000000000
9148  -30.835  -82.050  25.925 0.0000000000
9185  -27.016  -82.513  22.338 0.0000000000
9186  -27.753  -82.954  22.051 0.0000000000
9187  -33.063  -82.454  22.044 0.0000000000
9188  -33.585  -82.522  22.276 0.0000000000
9189  -34.450  -82.690  22.536 0.0000000000
9202  -27.733  -82.219  21.871 0.0000000000
9203  -28.598  -82.688  21.672 0.0000000000
9204  -29.732  -82.518  21.527 0.0000000000
9205  -30.700  -82.478  21.497 0.0000000000
9206  -31.616  -82.430  21.602 0.0000000000
9207  -32.510  -82.301  21.859 0.0000000000
9636  -14.003  -81.398  53.129 0.0000000000
9637  -14.484  -81.675  53.154 0.0000000000
9641  -14.346  -81.086  52.828 0.0000000000
9681  -23.473  -81.459  48.944 0.0000000000
9682  -24.404  -81.162  49.202 0.0000000000
9690  -23.417  -81.051  48.054 0.0000000000
9706  -29.702  -81.276  45.543 0.0000000000
9717  -29.085  -81.515  44.925 0.0000000000
9718  -29.806  -81.298  44.789 0.0000000000
9731  -27.624  -81.650  43.693 0.0000000000
9733  -29.475  -81.617  43.990 0.0000000000
9734  -30.027  -81.132  43.919 0.0000000000
9747  -21.046  -82.298  42.072 0.0000000000
9748  -27.512  -81.376  42.739 0.0000000000
9749  -29.455  -81.862  42.921 0.0000000000
9750  -30.091  -81.250  43.035 0.0000000000
9761  -21.189  -81.854  41.679 0.0000000000
9762  -27.525  -81.504  41.883 0.0000000000
9763  -27.965  -81.104  41.357 0.0000000000
9764  -29.520  -82.101  42.188 0.0000000000
9765  -30.327  -81.636  41.726 0.0000000000
9766  -31.774  -81.174  41.458 0.0000000000
9767  -32.855  -80.918  41.439 0.0000000000
9768  -33.345  -80.635  41.495 0.0000000000
9779  -21.380  -81.700  40.774 0.0000000000
9780  -27.525  -82.093  41.436 0.0000000000
9781  -27.943  -81.666  41.013 0.0000000000
9782  -30.622  -82.022  40.926 0.0000000000
9783  -31.350  -81.817  40.779 0.0000000000
9797  -21.456  -81.480  39.704 0.0000000000
9799  -28.551  -81.587  40.132 0.0000000000
9800  -28.944  -81.150  39.400 0.0000000000
9818  -28.675  -81.969  38.941 0.0000000000
9819  -29.146  -81.091  38.554 0.0000000000
9832  -27.736  -82.387  37.365 0.0000000000
9833  -28.608  -81.438  37.546 0.0000000000
9834  -29.169  -80.925  37.928 0.0000000000
9845  -27.600  -81.477  36.443 0.0000000000
9846  -28.240  -80.957  36.758 0.0000000000
9857  -27.528  -81.520  35.634 0.0000000000
9858  -27.894  -82.059  35.489 0.0000000000
9868  -27.458  -81.020  35.179 0.0000000000
9869  -28.193  -81.492  35.142 0.0000000000
9870  -29.238  -81.446  34.628 0.0000000000
9871  -29.891  -81.213  34.196 0.0000000000
9886  -30.470  -81.359  33.688 0.0000000000
9887  -31.063  -81.466  33.138 0.0000000000
9899  -20.196  -81.316  32.262 0.0000000000
9900  -21.144  -81.907  32.170 0.0000000000
9902  -31.334  -81.716  32.682 0.0000000000
9912  -20.462  -80.838  31.853 0.0000000000
9913  -20.973  -81.118  31.738 0.0000000000
9914  -22.013  -81.702  31.592 0.0000000000
9915  -22.802  -82.104  31.213 0.0000000000
9916  -31.662  -81.684  32.103 0.0000000000
9917  -32.168  -81.683  31.340 0.0000000000
9930  -22.633  -81.509  30.873 0.0000000000
9931  -23.514  -81.930  30.678 0.0000000000
9932  -24.787  -81.821  30.350 0.0000000000
9934  -26.699  -81.617  30.101 0.0000000000
9935  -27.319  -80.974  29.990 0.0000000000
9936  -32.465  -81.783  30.404 0.0000000000
9949  -25.514  -81.244  30.081 0.0000000000
9950  -26.122  -81.017  30.126 0.0000000000
9951  -26.828  -81.552  29.709 0.0000000000
9952  -27.386  -80.723  29.583 0.0000000000
9953  -32.356  -81.557  29.473 0.0000000000
9962  -25.887  -81.596  28.334 0.0000000000
9963  -26.712  -81.156  29.019 0.0000000000
9964  -27.133  -80.648  29.133 0.0000000000
9965  -31.483  -81.644  28.103 0.0000000000
9966  -32.049  -81.393  28.831 0.0000000000
9979  -30.370  -81.403  26.867 0.0000000000
9980  -30.768  -81.889  27.362 0.0000000000
9981  -32.921  -82.289  26.978 0.0000000000
9982  -33.928  -82.202  27.334 0.0000000000
9983  -35.062  -82.236  27.236 0.0000000000
9996  -30.357  -81.163  26.283 0.0000000000
9997  -31.350  -81.810  25.916 0.0000000000
9998  -32.069  -81.741  26.265 0.0000000000
9999  -33.450  -81.458  26.862 0.0000000000
10000  -34.590  -81.502  26.894 0.0000000000
10011  -30.546  -81.348  25.956 0.0000000000
10012  -31.002  -81.584  25.774 0.0000000000
10013  -31.484  -81.475  25.912 0.0000000000
10035  -34.151  -80.949  23.232 0.0000000000
10036  -34.583  -81.083  23.361 0.0000000000
10037  -35.514  -81.233  23.664 0.0000000000
10056  -27.313  -81.496  21.946 0.0000000000
10057  -33.144  -81.761  22.231 0.0000000000
10058  -33.963  -81.390  22.826 0.0000000000
10059  -34.950  -81.912  23.030 0.0000000000
10072  -28.159  -81.387  21.638 0.0000000000
10073  -29.220  -81.558  21.468 0.0000000000
10074  -30.223  -81.584  21.445 0.0000000000
10075  -31.143  -81.593  21.536 0.0000000000
10076  -31.961  -81.566  21.767 0.0000000000
10077  -32.584  -81.417  22.094 0.0000000000
10541  -14.511  -80.076  52.165 0.0000000000
10542  -15.170  -80.236  51.878 0.0000000000
10543  -16.233  -80.553  51.572 0.0000000000
10544  -17.462  -80.676  51.806 0.0000000000
10545  -18.703  -80.571  51.811 0.0000000000
10547  -20.742  -80.895  51.625 0.0000000000
10552  -16.878  -80.336  51.075 0.0000000000
10553  -17.791  -80.266  51.034 0.0000000000
10554  -18.716  -80.102  51.040 0.0000000000
10555  -21.268  -80.658  51.268 0.0000000000
10556  -21.905  -80.662  51.103 0.0000000000
10557  -22.715  -80.850  50.791 0.0000000000
10570  -24.112  -80.999  48.490 0.0000000000
10571  -25.058  -80.448  48.741 0.0000000000
10572  -26.154  -80.088  49.126 0.0000000000
10573  -26.543  -79.871  49.201 0.0000000000
10579  -22.752  -80.668  47.370 0.0000000000
10580  -23.850  -80.282  47.576 0.0000000000
10591  -22.824  -79.982  46.879 0.0000000000
10609  -30.792  -80.479  46.277 0.0000000000
10624  -30.253  -81.017  45.305 0.0000000000
10625  -30.646  -80.626  45.677 0.0000000000
10636  -27.805  -80.957  43.399 0.0000000000
10639  -30.456  -80.779  44.290 0.0000000000
10655  -27.665  -80.865  42.952 0.0000000000
10656  -27.872  -80.457  43.113 0.0000000000
10657  -30.555  -80.770  43.383 0.0000000000
10659  -32.660  -80.106  42.714 0.0000000000
10660  -33.563  -80.036  42.422 0.0000000000
10675  -21.189  -80.810  41.267 0.0000000000
10676  -27.687  -80.765  42.254 0.0000000000
10677  -27.965  -80.617  41.640 0.0000000000
10678  -30.990  -80.786  42.421 0.0000000000
10679  -32.137  -80.508  42.122 0.0000000000
10680  -33.128  -80.492  41.967 0.0000000000
10697  -28.467  -80.695  40.868 0.0000000000
10698  -29.070  -80.277  40.324 0.0000000000
10714  -28.907  -80.807  40.027 0.0000000000
10715  -29.466  -80.353  39.376 0.0000000000
10732  -29.445  -80.431  38.206 0.0000000000
10745  -21.591  -80.133  38.009 0.0000000000
10746  -28.721  -80.384  36.973 0.0000000000
10747  -29.116  -80.576  37.589 0.0000000000
10754  -27.393  -80.339  36.036 0.0000000000
10755  -27.960  -80.433  36.440 0.0000000000
10768  -26.613  -80.089  35.096 0.0000000000
10769  -27.067  -80.450  35.528 0.0000000000
10783  -26.606  -80.051  34.846 0.0000000000
10784  -26.927  -80.572  35.057 0.0000000000
10786  -28.546  -80.600  34.529 0.0000000000
10787  -29.407  -80.743  34.313 0.0000000000
10800  -29.167  -80.197  34.120 0.0000000000
10801  -29.991  -80.385  33.843 0.0000000000
10802  -30.843  -80.564  33.286 0.0000000000
10810  -20.079  -80.564  31.939 0.0000000000
10811  -31.413  -80.805  32.631 0.0000000000
10817  -19.837  -79.829  31.835 0.0000000000
10818  -20.599  -80.307  31.522 0.0000000000
10819  -21.458  -80.527  31.153 0.0000000000
10820  -22.195  -80.935  30.893 0.0000000000
10821  -31.905  -80.683  31.747 0.0000000000
10822  -32.367  -80.776  30.913 0.0000000000
10831  -22.024  -80.258  30.549 0.0000000000
10832  -22.913  -80.648  30.274 0.0000000000
10833  -24.033  -81.004  30.007 0.0000000000
10834  -24.900  -80.985  29.870 0.0000000000
10835  -26.629  -81.097  30.203 0.0000000000
10836  -27.333  -80.529  30.194 0.0000000000
10837  -28.040  -80.357  29.997 0.0000000000
10838  -28.327  -79.994  29.797 0.0000000000
10839  -32.450  -80.701  30.077 0.0000000000
10852  -23.681  -80.192  29.695 0.0000000000
10853  -24.545  -80.240  29.588 0.0000000000
10854  -25.598  -80.438  29.723 0.0000000000
10855  -26.593  -80.377  30.065 0.0000000000
10856  -27.075  -80.077  30.248 0.0000000000
10857  -28.028  -80.055  29.495 0.0000000000
10858  -28.277  -79.885  29.583 0.0000000000
10859  -31.801  -80.157  28.910 0.0000000000
10860  -32.179  -80.761  29.248 0.0000000000
10873  -26.225  -80.842  28.398 0.0000000000
10874  -26.801  -80.272  28.643 0.0000000000
10875  -27.446  -80.300  29.162 0.0000000000
10876  -30.735  -79.903  27.935 0.0000000000
10877  -31.355  -80.503  28.263 0.0000000000
10878  -31.791  -80.884  28.670 0.0000000000
10890  -26.168  -80.395  28.183 0.0000000000
10891  -29.707  -79.723  26.817 0.0000000000
10892  -30.235  -80.093  27.222 0.0000000000
10893  -30.893  -80.904  27.522 0.0000000000
10904  -29.639  -79.901  26.188 0.0000000000
10905  -29.979  -80.500  26.506 0.0000000000
10906  -32.417  -80.729  26.110 0.0000000000
10907  -33.141  -80.708  26.374 0.0000000000
10908  -34.238  -80.815  26.503 0.0000000000
10909  -34.980  -81.093  26.474 0.0000000000
10919  -29.964  -80.428  25.845 0.0000000000
10920  -30.736  -80.633  25.624 0.0000000000
10921  -31.726  -80.667  25.746 0.0000000000
10922  -32.887  -80.019  25.717 0.0000000000
10923  -33.995  -80.291  25.728 0.0000000000
10924  -35.208  -80.728  25.760 0.0000000000
10939  -33.706  -79.951  24.834 0.0000000000
10940  -34.606  -80.410  24.713 0.0000000000
10941  -35.647  -80.870  24.534 0.0000000000
10958  -33.236  -80.045  23.311 0.0000000000
10959  -33.913  -80.422  23.587 0.0000000000
10960  -34.964  -80.749  23.955 0.0000000000
10961  -35.412  -80.862  24.016 0.0000000000
10982  -27.009  -80.458  21.860 0.0000000000
10983  -27.593  -80.914  21.755 0.0000000000
10984  -31.985  -80.275  22.236 0.0000000000
10985  -32.999  -80.602  22.689 0.0000000000
10986  -33.644  -80.786  23.015 0.0000000000
11002  -27.456  -79.909  21.660 0.0000000000
11003  -27.915  -80.307  21.586 0.0000000000
11004  -28.855  -80.516  21.445 0.0000000000
11005  -29.819  -80.640  21.448 0.0000000000
11006  -30.738  -80.732  21.565 0.0000000000
11007  -31.583  -80.817  21.745 0.0000000000
11008  -32.267  -80.900  22.016 0.0000000000
11491  -14.142  -79.785  52.121 0.0000000000
11498  -14.577  -79.457  51.686 0.0000000000
11500  -16.284  -80.047  50.972 0.0000000000
11501  -19.525  -80.158  51.290 0.0000000000
11502  -20.393  -80.341  51.320 0.0000000000
11503  -20.894  -80.510  51.278 0.0000000000
11509  -15.643  -79.128  50.484 0.0000000000
11510  -16.647  -79.556  50.302 0.0000000000
11511  -18.198  -79.778  50.382 0.0000000000
11512  -19.242  -79.691  50.612 0.0000000000
11513  -20.172  -79.734  50.790 0.0000000000
11514  -21.180  -80.134  50.816 0.0000000000
11515  -22.307  -80.174  50.596 0.0000000000
11519  -26.563  -79.837  50.352 0.0000000000
11525  -16.942  -79.069  49.522 0.0000000000
11526  -17.779  -79.307  49.657 0.0000000000
11527  -18.883  -79.319  49.868 0.0000000000
11528  -19.859  -79.294  50.064 0.0000000000
11529  -20.793  -79.389  50.140 0.0000000000
11530  -21.796  -79.480  50.069 0.0000000000
11531  -22.887  -79.519  50.104 0.0000000000
11532  -23.946  -79.699  50.252 0.0000000000
11533  -24.860  -80.145  50.042 0.0000000000
11535  -27.190  -79.610  49.856 0.0000000000
11540  -26.269  -79.359  48.802 0.0000000000
11541  -26.790  -79.631  49.351 0.0000000000
11554  -22.251  -79.596  46.307 0.0000000000
11575  -29.726  -80.699  46.056 0.0000000000
11576  -30.177  -80.304  46.317 0.0000000000
11595  -31.397  -80.203  45.606 0.0000000000
11596  -32.367  -79.476  45.120 0.0000000000
11597  -33.327  -79.184  44.491 0.0000000000
11614  -31.888  -79.932  44.417 0.0000000000
11615  -32.834  -79.572  44.076 0.0000000000
11616  -33.750  -79.415  43.752 0.0000000000
11631  -27.901  -80.209  42.437 0.0000000000
11632  -28.304  -79.618  42.889 0.0000000000
11633  -32.395  -79.851  43.520 0.0000000000
11634  -33.220  -79.728  43.195 0.0000000000
11649  -21.302  -79.477  41.239 0.0000000000
11650  -27.913  -80.241  41.945 0.0000000000
11651  -28.446  -79.558  41.525 0.0000000000
11652  -29.145  -78.802  40.944 0.0000000000
11669  -21.825  -79.347  40.246 0.0000000000
11671  -28.852  -79.992  40.790 0.0000000000
11672  -29.405  -79.439  40.365 0.0000000000
11688  -30.085  -79.333  39.292 0.0000000000
11689  -30.358  -78.868  38.811 0.0000000000
11699  -29.788  -79.833  38.527 0.0000000000
11700  -30.135  -79.247  38.331 0.0000000000
11711  -21.686  -79.605  37.791 0.0000000000
11712  -28.940  -79.897  36.908 0.0000000000
11713  -29.450  -79.622  37.397 0.0000000000
11714  -30.076  -79.021  37.785 0.0000000000
11721  -20.861  -78.822  36.614 0.0000000000
11722  -27.700  -79.840  36.154 0.0000000000
11723  -28.527  -79.647  36.544 0.0000000000
11724  -29.120  -79.074  36.643 0.0000000000
11735  -26.644  -79.704  35.281 0.0000000000
11736  -27.180  -79.571  35.693 0.0000000000
11749  -26.481  -79.486  34.757 0.0000000000
11750  -26.809  -79.949  34.487 0.0000000000
11751  -27.702  -79.959  34.273 0.0000000000
11752  -28.536  -79.895  34.089 0.0000000000
11767  -26.287  -79.140  34.037 0.0000000000
11768  -26.959  -79.382  33.819 0.0000000000
11769  -28.025  -79.284  33.805 0.0000000000
11770  -29.201  -79.456  33.661 0.0000000000
11771  -30.466  -79.438  33.075 0.0000000000
11772  -31.135  -80.052  32.890 0.0000000000
11782  -30.804  -78.942  32.485 0.0000000000
11783  -31.372  -79.555  32.221 0.0000000000
11792  -19.748  -78.918  31.911 0.0000000000
11793  -20.513  -79.252  31.256 0.0000000000
11794  -20.950  -79.913  31.066 0.0000000000
11795  -32.026  -79.691  31.010 0.0000000000
11796  -32.345  -80.259  30.592 0.0000000000
11804  -20.938  -78.857  30.807 0.0000000000
11805  -21.429  -79.429  30.622 0.0000000000
11806  -22.388  -79.584  30.145 0.0000000000
11807  -27.385  -79.619  30.219 0.0000000000
11808  -28.065  -79.709  30.266 0.0000000000
11809  -28.358  -79.567  29.866 0.0000000000
11810  -31.879  -79.401  30.086 0.0000000000
11811  -32.291  -79.955  30.286 0.0000000000
11822  -23.117  -79.598  29.729 0.0000000000
11823  -24.007  -79.358  29.427 0.0000000000
11824  -25.121  -79.378  29.436 0.0000000000
11825  -26.191  -79.591  29.654 0.0000000000
11826  -26.848  -79.732  30.057 0.0000000000
11827  -28.067  -79.643  29.182 0.0000000000
11828  -28.302  -79.509  29.412 0.0000000000
11829  -30.978  -79.024  29.077 0.0000000000
11830  -31.585  -79.461  29.329 0.0000000000
11831  -32.180  -80.000  29.615 0.0000000000
11844  -27.603  -79.587  28.849 0.0000000000
11845  -28.125  -79.275  28.940 0.0000000000
11846  -29.773  -78.731  28.350 0.0000000000
11847  -30.353  -79.032  28.422 0.0000000000
11848  -31.198  -79.619  28.608 0.0000000000
11861  -29.059  -78.691  27.579 0.0000000000
11862  -29.528  -78.952  27.668 0.0000000000
11863  -30.232  -79.442  27.774 0.0000000000
11875  -28.970  -78.769  27.286 0.0000000000
11890  -29.548  -79.376  25.690 0.0000000000
11891  -30.304  -79.787  25.286 0.0000000000
11892  -31.229  -79.736  25.240 0.0000000000
11893  -32.230  -79.613  25.117 0.0000000000
11894  -33.025  -79.656  24.873 0.0000000000
11911  -29.979  -79.101  24.942 0.0000000000
11912  -30.731  -79.127  24.721 0.0000000000
11913  -31.702  -79.204  24.186 0.0000000000
11914  -32.727  -79.543  24.253 0.0000000000
11915  -33.381  -79.773  24.241 0.0000000000
11928  -31.780  -79.279  23.111 0.0000000000
11929  -32.614  -79.664  23.388 0.0000000000
11930  -33.222  -79.808  23.731 0.0000000000
11947  -29.989  -78.951  22.023 0.0000000000
11948  -30.811  -79.339  22.244 0.0000000000
11949  -31.561  -79.592  22.461 0.0000000000
11950  -32.248  -79.798  22.713 0.0000000000
11963  -27.143  -79.478  21.797 0.0000000000
11964  -27.826  -79.413  21.652 0.0000000000
11965  -28.606  -79.551  21.574 0.0000000000
11966  -29.482  -79.692  21.580 0.0000000000
11967  -30.375  -79.844  21.676 0.0000000000
11968  -31.232  -80.026  21.854 0.0000000000
12436  -14.000  -78.767  51.290 0.0000000000
12437  -14.376  -78.706  51.220 0.0000000000
12438  -14.881  -78.935  51.226 0.0000000000
12448  -15.764  -78.872  50.132 0.0000000000
12449  -26.364  -78.944  50.326 0.0000000000
12450  -27.070  -78.876  50.735 0.0000000000
12457  -15.353  -77.556  49.976 0.0000000000
12458  -16.120  -78.257  49.482 0.0000000000
12461  -19.555  -78.827  49.372 0.0000000000
12462  -20.466  -78.847  49.503 0.0000000000
12463  -21.333  -78.897  49.498 0.0000000000
12465  -23.575  -78.808  49.607 0.0000000000
12466  -24.696  -79.049  49.851 0.0000000000
12467  -25.697  -79.461  50.130 0.0000000000
12468  -27.257  -79.109  49.767 0.0000000000
12473  -16.405  -77.661  48.782 0.0000000000
12474  -17.077  -78.101  48.576 0.0000000000
12475  -18.209  -78.335  48.522 0.0000000000
12476  -19.287  -78.382  48.634 0.0000000000
12477  -20.225  -78.379  48.814 0.0000000000
12478  -21.050  -78.447  48.932 0.0000000000
12479  -21.623  -78.509  49.042 0.0000000000
12481  -26.962  -78.866  49.367 0.0000000000
12482  -27.287  -78.806  49.735 0.0000000000
12488  -25.094  -78.093  47.584 0.0000000000
12489  -25.669  -78.639  48.235 0.0000000000
12496  -23.833  -77.941  46.507 0.0000000000
12497  -24.399  -78.515  47.170 0.0000000000
12498  -30.715  -79.387  47.005 0.0000000000
12500  -32.280  -78.582  46.995 0.0000000000
12513  -32.514  -78.900  45.996 0.0000000000
12527  -32.933  -78.830  45.026 0.0000000000
12528  -33.751  -78.598  44.618 0.0000000000
12529  -34.785  -78.493  44.169 0.0000000000
12559  -21.110  -78.538  42.048 0.0000000000
12560  -28.765  -78.550  42.808 0.0000000000
12574  -28.522  -78.334  42.154 0.0000000000
12575  -29.015  -78.033  41.367 0.0000000000
12592  -29.867  -78.220  40.473 0.0000000000
12593  -30.338  -77.712  39.931 0.0000000000
12603  -30.086  -78.876  39.947 0.0000000000
12604  -30.441  -78.284  39.353 0.0000000000
12615  -30.446  -78.486  38.180 0.0000000000
12624  -21.612  -78.928  37.274 0.0000000000
12625  -22.077  -78.665  37.755 0.0000000000
12626  -29.553  -78.861  36.924 0.0000000000
12627  -30.006  -78.609  37.292 0.0000000000
12637  -20.586  -78.459  36.153 0.0000000000
12639  -21.760  -78.429  37.170 0.0000000000
12640  -27.870  -79.252  36.027 0.0000000000
12641  -28.522  -78.613  36.164 0.0000000000
12642  -29.336  -78.469  36.546 0.0000000000
12643  -29.720  -78.477  36.844 0.0000000000
12657  -20.189  -78.036  35.448 0.0000000000
12658  -20.847  -77.945  35.793 0.0000000000
12659  -26.640  -78.823  35.192 0.0000000000
12660  -27.637  -78.573  35.654 0.0000000000
12661  -28.216  -78.190  35.778 0.0000000000
12672  -25.937  -78.138  34.044 0.0000000000
12673  -26.175  -78.448  34.267 0.0000000000
12683  -25.865  -78.055  33.803 0.0000000000
12684  -25.990  -78.371  33.641 0.0000000000
12685  -26.397  -78.625  33.484 0.0000000000
12686  -27.317  -78.623  33.378 0.0000000000
12687  -28.484  -78.543  33.285 0.0000000000
12688  -29.506  -78.681  33.041 0.0000000000
12696  -25.730  -77.934  33.317 0.0000000000
12697  -25.796  -78.147  32.988 0.0000000000
12698  -26.562  -78.113  32.835 0.0000000000
12699  -27.718  -77.908  32.743 0.0000000000
12700  -28.990  -77.884  32.498 0.0000000000
12701  -30.154  -78.403  32.385 0.0000000000
12702  -30.886  -78.643  32.004 0.0000000000
12709  -19.709  -78.247  32.031 0.0000000000
12710  -20.121  -78.337  31.528 0.0000000000
12711  -29.641  -77.795  31.831 0.0000000000
12712  -30.328  -78.083  31.352 0.0000000000
12713  -31.239  -78.741  31.291 0.0000000000
12719  -20.649  -78.340  30.981 0.0000000000
12720  -21.307  -78.378  30.591 0.0000000000
12721  -22.320  -78.457  30.147 0.0000000000
12722  -23.345  -77.846  29.992 0.0000000000
12723  -23.926  -77.539  30.124 0.0000000000
12725  -27.731  -78.951  30.192 0.0000000000
12726  -28.616  -78.659  30.003 0.0000000000
12727  -29.664  -78.200  29.998 0.0000000000
12728  -30.602  -78.270  30.429 0.0000000000
12729  -31.477  -78.896  30.518 0.0000000000
12738  -22.734  -79.078  29.843 0.0000000000
12739  -23.298  -78.713  29.684 0.0000000000
12740  -24.507  -78.149  29.740 0.0000000000
12741  -25.850  -78.623  29.637 0.0000000000
12744  -28.676  -78.793  29.346 0.0000000000
12745  -29.424  -78.488  29.339 0.0000000000
12746  -30.336  -78.506  29.361 0.0000000000
12747  -31.242  -78.792  29.755 0.0000000000
12760  -27.969  -78.810  28.464 0.0000000000
12761  -28.541  -78.765  28.729 0.0000000000
12762  -29.269  -78.571  28.614 0.0000000000
12763  -29.856  -78.553  28.783 0.0000000000
12778  -28.658  -78.574  27.821 0.0000000000
12779  -29.020  -78.571  28.195 0.0000000000
12805  -28.538  -78.225  25.895 0.0000000000
12806  -29.104  -78.550  25.608 0.0000000000
12820  -28.864  -78.127  25.324 0.0000000000
12821  -29.414  -78.395  24.891 0.0000000000
12822  -30.170  -78.588  24.367 0.0000000000
12823  -30.839  -78.737  24.051 0.0000000000
12839  -29.635  -78.032  23.959 0.0000000000
12840  -30.262  -78.436  23.524 0.0000000000
12841  -31.074  -78.837  23.378 0.0000000000
12855  -26.954  -78.217  22.346 0.0000000000
12856  -27.929  -78.013  22.418 0.0000000000
12857  -29.249  -78.045  22.764 0.0000000000
12858  -30.463  -78.703  22.748 0.0000000000
12859  -31.166  -79.096  22.771 0.0000000000
12870  -26.799  -78.890  22.037 0.0000000000
12871  -27.502  -78.725  21.951 0.0000000000
12872  -28.400  -78.667  21.917 0.0000000000
12873  -29.178  -78.871  21.859 0.0000000000
13371  -19.065  -76.962  56.524 0.0000000000
13372  -19.603  -76.834  56.392 0.0000000000
13393  -27.356  -77.502  51.679 0.0000000000
13394  -27.619  -77.582  51.786 0.0000000000
13395  -27.955  -77.665  51.908 0.0000000000
13407  -26.586  -78.139  50.424 0.0000000000
13408  -27.159  -77.664  51.171 0.0000000000
13418  -15.243  -76.860  49.776 0.0000000000
13419  -15.562  -77.363  49.561 0.0000000000
13420  -22.475  -77.991  48.744 0.0000000000
13423  -25.571  -78.029  49.850 0.0000000000
13427  -15.297  -76.424  49.508 0.0000000000
13428  -15.783  -76.864  48.931 0.0000000000
13429  -16.793  -77.352  48.229 0.0000000000
13430  -17.864  -77.681  47.981 0.0000000000
13431  -18.976  -77.840  47.964 0.0000000000
13432  -20.063  -77.697  48.151 0.0000000000
13433  -20.871  -77.841  48.412 0.0000000000
13434  -21.798  -77.901  48.587 0.0000000000
13435  -22.529  -77.447  48.560 0.0000000000
13444  -16.053  -76.218  48.445 0.0000000000
13445  -16.520  -76.564  48.029 0.0000000000
13446  -17.497  -76.939  47.551 0.0000000000
13447  -18.652  -77.136  47.418 0.0000000000
13448  -19.612  -77.216  47.582 0.0000000000
13449  -25.076  -77.109  47.575 0.0000000000
13450  -25.799  -77.508  48.082 0.0000000000
13452  -32.646  -77.758  48.145 0.0000000000
13458  -23.858  -77.054  46.325 0.0000000000
13459  -24.391  -77.341  47.031 0.0000000000
13461  -32.626  -77.653  47.236 0.0000000000
13462  -33.101  -77.330  47.889 0.0000000000
13472  -32.606  -77.927  46.227 0.0000000000
13484  -32.949  -77.954  45.110 0.0000000000
13485  -34.116  -77.669  44.493 0.0000000000
13486  -35.339  -77.604  44.255 0.0000000000
13487  -36.342  -77.568  44.097 0.0000000000
13547  -29.511  -77.195  40.841 0.0000000000
13548  -30.145  -77.169  40.257 0.0000000000
13562  -30.634  -77.104  39.454 0.0000000000
13575  -30.818  -77.397  38.345 0.0000000000
13576  -30.977  -77.011  37.875 0.0000000000
13585  -30.500  -77.688  37.400 0.0000000000
13586  -30.818  -77.187  37.656 0.0000000000
13598  -21.634  -77.386  36.332 0.0000000000
13599  -21.998  -77.682  37.092 0.0000000000
13600  -28.570  -77.967  35.852 0.0000000000
13601  -29.154  -77.838  36.120 0.0000000000
13602  -29.876  -77.932  36.679 0.0000000000
13614  -19.898  -77.679  34.757 0.0000000000
13615  -20.646  -77.279  35.126 0.0000000000
13616  -21.238  -77.432  35.817 0.0000000000
13617  -26.631  -78.131  34.724 0.0000000000
13618  -27.239  -77.991  35.148 0.0000000000
13619  -28.237  -77.616  35.423 0.0000000000
13620  -28.827  -77.613  35.714 0.0000000000
13628  -20.068  -77.091  34.254 0.0000000000
13630  -26.407  -77.856  34.327 0.0000000000
13631  -27.182  -77.489  34.517 0.0000000000
13632  -27.708  -77.475  34.965 0.0000000000
13640  -19.804  -77.178  33.188 0.0000000000
13641  -25.931  -77.500  33.413 0.0000000000
13642  -26.655  -77.370  33.869 0.0000000000
13643  -27.242  -77.134  34.066 0.0000000000
13649  -19.658  -77.774  32.486 0.0000000000
13650  -19.955  -77.188  32.199 0.0000000000
13651  -25.761  -77.379  32.663 0.0000000000
13652  -25.982  -77.579  32.340 0.0000000000
13653  -26.908  -77.477  32.097 0.0000000000
13654  -28.072  -77.477  31.851 0.0000000000
13655  -28.964  -77.552  31.658 0.0000000000
13660  -19.897  -77.783  31.874 0.0000000000
13661  -20.433  -77.471  31.380 0.0000000000
13662  -21.022  -77.158  30.884 0.0000000000
13663  -24.745  -76.649  30.933 0.0000000000
13664  -25.320  -77.053  31.445 0.0000000000
13665  -26.104  -77.417  31.377 0.0000000000
13666  -27.297  -77.363  31.048 0.0000000000
13667  -28.447  -77.567  30.988 0.0000000000
13668  -29.500  -77.664  31.077 0.0000000000
13669  -30.024  -77.751  30.914 0.0000000000
13674  -20.967  -77.748  30.788 0.0000000000
13675  -21.648  -77.451  30.487 0.0000000000
13676  -22.596  -77.282  30.213 0.0000000000
13677  -23.460  -77.054  30.236 0.0000000000
13678  -24.439  -77.109  30.493 0.0000000000
13679  -25.429  -77.485  30.634 0.0000000000
13680  -26.475  -77.642  30.434 0.0000000000
13681  -27.713  -78.001  30.307 0.0000000000
13682  -29.010  -77.982  30.495 0.0000000000
13683  -29.864  -77.845  30.562 0.0000000000
13684  -30.229  -77.919  30.791 0.0000000000
13690  -24.995  -77.603  30.153 0.0000000000
13691  -25.659  -77.852  29.969 0.0000000000
13692  -26.649  -78.192  29.951 0.0000000000
13735  -27.894  -77.679  25.636 0.0000000000
13736  -28.513  -77.889  25.420 0.0000000000
13750  -27.667  -77.238  24.649 0.0000000000
13751  -28.649  -77.695  24.759 0.0000000000
13752  -29.204  -77.893  24.359 0.0000000000
13764  -27.402  -77.230  23.702 0.0000000000
13765  -28.302  -77.344  23.872 0.0000000000
13766  -28.995  -77.674  23.815 0.0000000000
13778  -28.144  -77.551  23.121 0.0000000000
13779  -28.681  -77.620  23.368 0.0000000000
14271  -14.813  -76.406  58.387 0.0000000000
14272  -15.537  -76.618  57.980 0.0000000000
14286  -17.407  -76.602  56.830 0.0000000000
14287  -18.292  -76.476  56.507 0.0000000000
14288  -19.251  -76.328  56.206 0.0000000000
14290  -21.879  -76.663  56.097 0.0000000000
14299  -20.069  -76.154  55.834 0.0000000000
14300  -21.049  -76.271  55.687 0.0000000000
14301  -22.212  -76.350  55.468 0.0000000000
14302  -23.240  -76.455  54.978 0.0000000000
14303  -24.264  -76.799  55.210 0.0000000000
14312  -23.587  -76.186  54.553 0.0000000000
14313  -24.101  -76.549  54.655 0.0000000000
14314  -25.051  -76.772  54.523 0.0000000000
14315  -26.074  -76.997  54.725 0.0000000000
14322  -25.308  -76.579  53.993 0.0000000000
14323  -25.957  -76.704  53.932 0.0000000000
14324  -26.758  -77.038  54.222 0.0000000000
14330  -26.227  -76.593  53.413 0.0000000000
14331  -26.810  -76.929  53.285 0.0000000000
14332  -27.341  -76.953  53.748 0.0000000000
14339  -27.106  -77.104  52.047 0.0000000000
14340  -27.786  -77.262  52.630 0.0000000000
14350  -26.236  -76.994  50.414 0.0000000000
14351  -26.628  -76.766  51.263 0.0000000000
14365  -23.858  -77.051  48.933 0.0000000000
14366  -24.659  -76.895  49.412 0.0000000000
14367  -25.434  -76.735  49.808 0.0000000000
14372  -15.297  -75.979  49.267 0.0000000000
14373  -15.685  -75.829  48.705 0.0000000000
14374  -20.737  -77.362  48.043 0.0000000000
14375  -21.318  -77.079  48.111 0.0000000000
14376  -22.138  -76.886  48.277 0.0000000000
14377  -23.043  -76.657  48.530 0.0000000000
14384  -34.155  -76.558  48.547 0.0000000000
14386  -16.258  -75.713  47.969 0.0000000000
14387  -17.100  -76.170  47.310 0.0000000000
14390  -20.610  -76.716  47.633 0.0000000000
14391  -21.315  -76.479  47.812 0.0000000000
14396  -33.704  -76.782  48.129 0.0000000000
14397  -34.179  -76.501  48.248 0.0000000000
14406  -32.801  -77.205  46.923 0.0000000000
14407  -33.115  -76.807  47.053 0.0000000000
14414  -32.776  -77.205  46.474 0.0000000000
14415  -33.074  -76.556  45.880 0.0000000000
14423  -32.856  -77.244  45.634 0.0000000000
14424  -33.367  -76.706  44.827 0.0000000000
14427  -37.007  -76.777  44.238 0.0000000000
14468  -29.350  -76.380  41.003 0.0000000000
14480  -29.812  -76.396  40.489 0.0000000000
14481  -30.363  -76.360  39.959 0.0000000000
14492  -22.732  -76.439  39.544 0.0000000000
14494  -30.748  -76.206  39.340 0.0000000000
14508  -22.833  -76.720  38.525 0.0000000000
14509  -23.160  -75.901  38.946 0.0000000000
14510  -30.993  -76.516  38.667 0.0000000000
14511  -31.086  -76.738  38.055 0.0000000000
14523  -22.590  -76.710  37.507 0.0000000000
14524  -23.259  -75.946  38.008 0.0000000000
14525  -30.696  -77.122  37.255 0.0000000000
14526  -30.985  -76.699  37.409 0.0000000000
14537  -21.546  -76.952  35.925 0.0000000000
14538  -22.078  -76.450  36.250 0.0000000000
14539  -29.687  -77.396  36.235 0.0000000000
14540  -30.395  -76.906  36.556 0.0000000000
14541  -30.930  -76.420  36.863 0.0000000000
14550  -20.867  -76.807  35.020 0.0000000000
14551  -21.336  -76.530  35.228 0.0000000000
14552  -21.832  -76.090  35.511 0.0000000000
14553  -28.620  -77.123  35.224 0.0000000000
14554  -29.331  -76.953  35.554 0.0000000000
14555  -30.166  -76.511  35.877 0.0000000000
14564  -20.710  -76.674  34.604 0.0000000000
14565  -21.036  -76.104  34.210 0.0000000000
14566  -27.547  -76.969  34.267 0.0000000000
14567  -28.314  -76.779  34.685 0.0000000000
14568  -29.165  -76.440  34.943 0.0000000000
14578  -20.482  -76.391  33.626 0.0000000000
14579  -20.861  -75.977  33.689 0.0000000000
14580  -25.894  -76.829  32.834 0.0000000000
14581  -26.489  -76.801  33.253 0.0000000000
14592  -20.272  -76.544  32.631 0.0000000000
14593  -25.740  -76.325  31.899 0.0000000000
14601  -20.364  -76.737  31.860 0.0000000000
14602  -20.865  -76.629  31.330 0.0000000000
14603  -24.307  -76.217  30.835 0.0000000000
14604  -24.928  -76.205  31.225 0.0000000000
14609  -21.440  -76.632  30.812 0.0000000000
14610  -22.061  -76.625  30.491 0.0000000000
14611  -22.825  -76.395  30.417 0.0000000000
14612  -23.632  -76.273  30.560 0.0000000000
15139  -13.591  -75.942  58.967 0.0000000000
15140  -14.195  -76.173  58.452 0.0000000000
15164  -15.668  -75.831  57.074 0.0000000000
15165  -16.522  -75.821  56.748 0.0000000000
15166  -17.424  -75.761  56.554 0.0000000000
15167  -18.338  -75.647  56.357 0.0000000000
15168  -18.938  -75.713  56.215 0.0000000000
15178  -18.734  -75.240  56.256 0.0000000000
15179  -19.400  -75.396  55.987 0.0000000000
15180  -20.384  -75.418  55.500 0.0000000000
15181  -21.450  -75.581  55.108 0.0000000000
15182  -22.383  -75.882  54.898 0.0000000000
15190  -22.047  -75.175  54.622 0.0000000000
15191  -23.046  -75.439  54.287 0.0000000000
15192  -23.998  -76.004  54.218 0.0000000000
15193  -24.489  -76.435  54.311 0.0000000000
15200  -23.221  -74.906  53.680 0.0000000000
15201  -23.874  -75.196  53.469 0.0000000000
15202  -24.819  -76.156  53.771 0.0000000000
15203  -25.435  -76.441  53.721 0.0000000000
15210  -24.157  -74.840  52.879 0.0000000000
15211  -24.795  -75.252  52.766 0.0000000000
15212  -25.701  -76.205  53.189 0.0000000000
15213  -26.308  -76.543  53.137 0.0000000000
15223  -25.086  -75.064  52.156 0.0000000000
15224  -25.637  -75.596  52.100 0.0000000000
15225  -26.355  -76.461  52.597 0.0000000000
15231  -25.289  -75.424  50.279 0.0000000000
15232  -25.915  -75.761  50.976 0.0000000000
15233  -26.347  -76.347  51.782 0.0000000000
15246  -23.942  -75.957  48.922 0.0000000000
15247  -24.916  -75.782  49.594 0.0000000000
15248  -25.608  -76.090  50.150 0.0000000000
15262  -21.752  -76.405  47.948 0.0000000000
15263  -22.379  -75.868  48.114 0.0000000000
15264  -23.130  -75.623  48.506 0.0000000000
15271  -35.251  -75.613  48.845 0.0000000000
15276  -16.829  -75.392  47.144 0.0000000000
15277  -17.632  -75.690  46.824 0.0000000000
15280  -21.494  -75.687  47.672 0.0000000000
15281  -22.158  -75.178  47.934 0.0000000000
15286  -34.155  -76.436  47.976 0.0000000000
15287  -34.538  -76.016  48.119 0.0000000000
15288  -35.010  -75.591  48.250 0.0000000000
15291  -16.761  -74.716  46.942 0.0000000000
15292  -17.488  -74.974  46.619 0.0000000000
15293  -18.550  -75.327  46.489 0.0000000000
15294  -19.713  -75.304  46.641 0.0000000000
15295  -20.269  -74.946  46.868 0.0000000000
15300  -33.840  -76.031  47.393 0.0000000000
15301  -34.277  -75.698  47.454 0.0000000000
15308  -33.426  -75.893  46.325 0.0000000000
15318  -37.639  -75.806  44.253 0.0000000000
15374  -29.575  -75.412  40.573 0.0000000000
15375  -30.072  -75.888  40.219 0.0000000000
15384  -30.039  -74.871  39.946 0.0000000000
15385  -30.457  -75.422  39.686 0.0000000000
15395  -31.065  -75.631  38.783 0.0000000000
15396  -31.268  -76.009  37.913 0.0000000000
15408  -22.906  -75.765  37.046 0.0000000000
15409  -23.667  -75.091  37.526 0.0000000000
15411  -31.186  -76.097  37.142 0.0000000000
15427  -30.486  -76.295  36.060 0.0000000000
15428  -30.960  -75.936  36.405 0.0000000000
15438  -21.741  -75.906  35.180 0.0000000000
15439  -22.179  -75.477  35.359 0.0000000000
15440  -29.560  -76.234  35.108 0.0000000000
15441  -30.305  -75.808  35.459 0.0000000000
15442  -30.990  -75.415  35.923 0.0000000000
15451  -21.644  -75.542  34.588 0.0000000000
15452  -22.067  -75.115  34.774 0.0000000000
15453  -28.644  -76.095  34.204 0.0000000000
15454  -29.363  -75.711  34.518 0.0000000000
15455  -30.120  -75.251  34.799 0.0000000000
15466  -20.782  -75.935  33.421 0.0000000000
15469  -28.533  -75.577  33.614 0.0000000000
15470  -29.249  -75.238  33.951 0.0000000000
15483  -20.669  -75.913  32.911 0.0000000000
15500  -20.687  -76.098  32.004 0.0000000000
15504  -24.477  -75.452  30.965 0.0000000000
15505  -25.297  -75.390  31.272 0.0000000000
15510  -21.778  -76.238  30.783 0.0000000000
15513  -23.811  -75.532  30.783 0.0000000000
16098  -15.743  -74.975  56.718 0.0000000000
16099  -16.584  -74.887  56.552 0.0000000000
16100  -17.486  -74.773  56.415 0.0000000000
16101  -18.228  -74.879  56.319 0.0000000000
16110  -17.861  -74.268  56.179 0.0000000000
16111  -18.619  -74.392  55.972 0.0000000000
16112  -19.637  -74.292  55.478 0.0000000000
16113  -20.725  -74.522  54.850 0.0000000000
16114  -21.462  -74.914  54.751 0.0000000000
16121  -20.923  -74.071  54.373 0.0000000000
16122  -21.585  -74.379  54.187 0.0000000000
16123  -22.332  -74.827  54.197 0.0000000000
16130  -21.860  -74.068  53.611 0.0000000000
16131  -22.605  -74.419  53.477 0.0000000000
16132  -23.333  -74.692  53.342 0.0000000000
16140  -22.864  -74.078  52.782 0.0000000000
16141  -23.600  -74.410  52.630 0.0000000000
16142  -24.305  -74.724  52.541 0.0000000000
16155  -23.918  -74.205  51.902 0.0000000000
16156  -24.617  -74.606  51.872 0.0000000000
16157  -25.180  -75.047  51.887 0.0000000000
16165  -24.333  -74.378  50.340 0.0000000000
16166  -25.035  -74.821  50.827 0.0000000000
16167  -25.301  -75.118  51.501 0.0000000000
16180  -23.368  -74.312  49.137 0.0000000000
16181  -24.111  -74.842  49.473 0.0000000000
16182  -24.799  -74.961  50.040 0.0000000000
16198  -22.714  -74.685  48.411 0.0000000000
16199  -23.488  -75.047  48.822 0.0000000000
16206  -35.838  -74.738  48.749 0.0000000000
16207  -36.221  -74.452  49.331 0.0000000000
16215  -20.653  -74.540  47.105 0.0000000000
16216  -21.157  -74.807  47.435 0.0000000000
16217  -21.880  -74.513  47.798 0.0000000000
16223  -34.881  -75.489  47.892 0.0000000000
16230  -16.509  -74.129  47.138 0.0000000000
16231  -17.161  -74.127  46.565 0.0000000000
16232  -18.199  -74.302  46.312 0.0000000000
16233  -19.270  -74.431  46.351 0.0000000000
16234  -20.125  -74.365  46.668 0.0000000000
16238  -34.112  -75.535  47.158 0.0000000000
16322  -29.788  -74.288  40.006 0.0000000000
16323  -30.410  -74.407  39.440 0.0000000000
16332  -31.018  -74.684  38.845 0.0000000000
16333  -31.407  -74.981  38.017 0.0000000000
16343  -23.785  -74.614  36.835 0.0000000000
16345  -31.404  -75.378  37.154 0.0000000000
16361  -24.164  -74.020  36.330 0.0000000000
16362  -31.355  -74.996  36.338 0.0000000000
16374  -22.841  -74.773  35.705 0.0000000000
16375  -23.510  -74.022  35.394 0.0000000000
16376  -24.166  -73.686  35.733 0.0000000000
16377  -30.589  -74.785  34.999 0.0000000000
16378  -31.054  -74.861  35.615 0.0000000000
16390  -21.980  -74.971  34.483 0.0000000000
16391  -22.509  -74.510  34.635 0.0000000000
16392  -23.180  -73.886  34.617 0.0000000000
16393  -29.526  -75.029  34.131 0.0000000000
16394  -30.026  -74.628  34.377 0.0000000000
16407  -21.822  -74.825  33.897 0.0000000000
16408  -22.429  -74.221  33.394 0.0000000000
16409  -28.709  -74.692  33.199 0.0000000000
16410  -29.373  -74.566  33.710 0.0000000000
16411  -29.996  -73.989  33.919 0.0000000000
16427  -22.743  -74.196  32.330 0.0000000000
16428  -23.213  -74.015  32.074 0.0000000000
16431  -28.207  -74.442  32.694 0.0000000000
16454  -24.569  -74.514  31.220 0.0000000000
16455  -25.536  -74.496  31.432 0.0000000000
16467  -23.528  -75.011  30.868 0.0000000000
16468  -23.951  -74.917  30.915 0.0000000000
17162  -19.994  -73.747  54.912 0.0000000000
17173  -20.431  -73.589  54.344 0.0000000000
17174  -20.990  -73.759  54.037 0.0000000000
17183  -20.639  -73.174  53.612 0.0000000000
17184  -21.375  -73.635  53.539 0.0000000000
17185  -21.957  -73.790  53.247 0.0000000000
17196  -21.013  -73.125  53.103 0.0000000000
17197  -21.573  -73.292  52.803 0.0000000000
17198  -22.356  -73.663  52.697 0.0000000000
17199  -22.965  -73.809  52.340 0.0000000000
17215  -21.935  -73.206  52.251 0.0000000000
17216  -22.531  -73.329  51.817 0.0000000000
17217  -23.451  -73.752  51.695 0.0000000000
17218  -24.071  -74.084  51.459 0.0000000000
17229  -22.943  -73.236  50.749 0.0000000000
17230  -23.899  -73.794  50.839 0.0000000000
17231  -24.415  -74.281  51.049 0.0000000000
17241  -21.934  -73.174  48.786 0.0000000000
17242  -22.699  -73.435  49.300 0.0000000000
17243  -23.657  -73.860  49.907 0.0000000000
17259  -21.625  -73.389  48.177 0.0000000000
17260  -22.181  -73.773  48.315 0.0000000000
17278  -20.568  -73.788  46.990 0.0000000000
17279  -21.252  -73.819  47.510 0.0000000000
17280  -21.782  -73.834  47.892 0.0000000000
17296  -16.606  -73.133  46.875 0.0000000000
17297  -17.830  -73.295  46.241 0.0000000000
17298  -18.973  -73.441  46.234 0.0000000000
17299  -19.814  -73.656  46.528 0.0000000000
17300  -20.222  -73.786  46.719 0.0000000000
17390  -29.700  -73.185  40.064 0.0000000000
17391  -30.280  -73.477  39.309 0.0000000000
17400  -30.871  -73.773  38.730 0.0000000000
17401  -31.329  -74.003  38.094 0.0000000000
17408  -24.677  -73.206  37.941 0.0000000000
17410  -31.510  -74.233  37.090 0.0000000000
17420  -25.112  -72.778  37.264 0.0000000000
17421  -31.441  -74.088  36.003 0.0000000000
17430  -24.169  -73.461  35.303 0.0000000000
17431  -24.840  -73.253  35.850 0.0000000000
17432  -25.276  -72.824  36.532 0.0000000000
17433  -30.637  -74.118  34.719 0.0000000000
17434  -31.099  -74.005  35.197 0.0000000000
17446  -23.041  -73.741  33.901 0.0000000000
17447  -23.797  -73.404  34.506 0.0000000000
17449  -30.437  -73.629  34.310 0.0000000000
17450  -30.885  -73.572  34.786 0.0000000000
17466  -23.064  -73.744  32.909 0.0000000000
17467  -23.775  -73.316  33.331 0.0000000000
17469  -28.924  -73.775  33.174 0.0000000000
17470  -29.693  -73.586  33.658 0.0000000000
17471  -30.111  -73.507  33.911 0.0000000000
17489  -23.160  -73.898  32.384 0.0000000000
17490  -23.622  -73.656  32.282 0.0000000000
17491  -24.780  -73.069  32.622 0.0000000000
17495  -28.319  -73.575  32.752 0.0000000000
17516  -24.259  -73.733  31.714 0.0000000000
17517  -25.169  -73.686  31.671 0.0000000000
18215  -20.639  -72.833  53.093 0.0000000000
18226  -20.140  -72.077  52.084 0.0000000000
18227  -20.918  -72.697  52.447 0.0000000000
18228  -21.531  -72.987  52.288 0.0000000000
18244  -20.181  -71.898  51.546 0.0000000000
18245  -20.755  -72.183  51.332 0.0000000000
18246  -21.749  -72.786  51.639 0.0000000000
18247  -22.375  -72.983  51.291 0.0000000000
18258  -20.936  -72.147  50.167 0.0000000000
18259  -21.644  -72.483  50.639 0.0000000000
18260  -22.237  -72.772  50.915 0.0000000000
18269  -20.910  -72.259  49.135 0.0000000000
18270  -21.731  -72.645  49.538 0.0000000000
18271  -22.311  -72.794  50.212 0.0000000000
18281  -20.852  -72.443  48.238 0.0000000000
18282  -21.395  -72.785  48.635 0.0000000000
18294  -15.927  -72.131  47.255 0.0000000000
18295  -20.208  -72.272  47.339 0.0000000000
18296  -20.599  -72.915  47.404 0.0000000000
18297  -21.185  -73.037  47.965 0.0000000000
18314  -16.671  -72.030  46.539 0.0000000000
18315  -17.587  -72.287  46.122 0.0000000000
18316  -18.653  -72.304  46.071 0.0000000000
18317  -19.792  -72.586  46.711 0.0000000000
18318  -20.249  -73.336  46.819 0.0000000000
18331  -18.226  -72.001  45.887 0.0000000000
18332  -18.487  -71.897  45.956 0.0000000000
18425  -30.852  -72.783  38.361 0.0000000000
18426  -31.171  -73.385  38.195 0.0000000000
18438  -31.395  -73.072  37.493 0.0000000000
18449  -31.491  -73.243  36.423 0.0000000000
18461  -25.726  -72.192  35.725 0.0000000000
18462  -26.284  -71.708  34.997 0.0000000000
18464  -31.334  -73.217  35.503 0.0000000000
18477  -25.840  -72.128  34.612 0.0000000000
18478  -26.452  -71.760  34.291 0.0000000000
18480  -31.130  -73.382  35.032 0.0000000000
18492  -26.758  -72.030  33.517 0.0000000000
18493  -27.636  -72.276  33.170 0.0000000000
18494  -28.502  -72.801  33.070 0.0000000000
18495  -29.441  -72.895  33.477 0.0000000000
18519  -28.061  -73.239  32.671 0.0000000000
19269  -20.203  -71.831  51.265 0.0000000000
19283  -20.238  -71.742  50.688 0.0000000000
19294  -19.768  -71.201  49.074 0.0000000000
19308  -19.836  -71.249  48.363 0.0000000000
19309  -20.333  -71.739  48.540 0.0000000000
19321  -19.837  -71.524  47.552 0.0000000000
19322  -20.422  -72.141  47.803 0.0000000000
19337  -16.274  -71.214  46.783 0.0000000000
19338  -17.384  -71.280  46.158 0.0000000000
19339  -18.438  -71.407  46.102 0.0000000000
19340  -19.227  -71.467  46.543 0.0000000000
19360  -17.989  -71.725  45.884 0.0000000000
19361  -18.297  -71.741  45.925 0.0000000000
19534  -27.068  -71.498  34.161 0.0000000000
20335  -19.104  -70.026  48.931 0.0000000000
20336  -19.337  -70.640  49.442 0.0000000000
20349  -19.196  -69.997  48.428 0.0000000000
20350  -19.450  -70.475  48.276 0.0000000000
20367  -19.176  -70.337  46.987 0.0000000000
20381  -18.840  -70.823  46.436 0.0000000000
