#!ascii label  , from subject sub-CSI4 vox2ras=TkReg
885
31045  -24.518  -61.621  0.682 0.0000000000
31979  -24.481  -60.599  1.029 0.0000000000
33045  -24.381  -59.276  1.810 0.0000000000
33046  -24.812  -59.616  2.110 0.0000000000
33055  -23.424  -58.933  1.893 0.0000000000
33057  -24.177  -59.805  1.475 0.0000000000
33058  -24.660  -60.107  1.516 0.0000000000
34200  -22.615  -58.121  2.877 0.0000000000
34213  -23.175  -58.322  2.245 0.0000000000
34214  -23.532  -58.157  2.109 0.0000000000
34215  -24.243  -58.467  2.087 0.0000000000
34224  -23.341  -58.734  2.000 0.0000000000
34225  -23.604  -58.562  1.933 0.0000000000
34226  -24.009  -58.874  1.705 0.0000000000
35363  -21.778  -56.573  3.633 0.0000000000
35364  -22.167  -57.157  3.344 0.0000000000
35377  -23.571  -57.709  2.371 0.0000000000
35378  -24.129  -57.760  2.415 0.0000000000
35386  -23.773  -57.982  2.088 0.0000000000
35387  -23.997  -58.089  2.012 0.0000000000
36511  -21.143  -55.651  5.176 0.0000000000
36523  -21.302  -55.628  4.524 0.0000000000
36524  -21.337  -56.240  4.592 0.0000000000
36534  -21.540  -55.946  3.901 0.0000000000
36535  -22.140  -56.232  3.390 0.0000000000
36548  -23.152  -56.593  2.856 0.0000000000
37549  -16.016  -55.411  10.232 0.0000000000
37550  -16.870  -55.310  10.038 0.0000000000
37558  -15.473  -55.888  9.417 0.0000000000
37568  -15.980  -55.745  8.634 0.0000000000
37583  -17.805  -55.434  6.893 0.0000000000
37602  -18.045  -54.749  6.547 0.0000000000
37603  -19.077  -54.700  6.723 0.0000000000
37604  -20.060  -55.057  6.307 0.0000000000
37616  -20.731  -54.998  5.618 0.0000000000
37628  -21.164  -54.971  4.925 0.0000000000
37629  -21.377  -54.728  4.447 0.0000000000
37637  -21.392  -55.215  4.440 0.0000000000
37640  -22.879  -55.393  3.463 0.0000000000
38686  -17.697  -54.640  10.040 0.0000000000
38687  -18.360  -54.157  9.934 0.0000000000
38711  -16.755  -54.714  7.543 0.0000000000
38730  -16.608  -54.722  7.023 0.0000000000
38731  -17.089  -54.372  7.157 0.0000000000
38747  -18.574  -54.030  6.539 0.0000000000
38748  -19.607  -54.083  6.402 0.0000000000
38749  -20.346  -54.249  5.940 0.0000000000
38757  -20.727  -54.267  5.311 0.0000000000
38765  -21.127  -54.142  4.705 0.0000000000
38777  -22.841  -54.261  3.712 0.0000000000
38802  -28.895  -53.762  1.281 0.0000000000
38803  -29.321  -54.299  0.950 0.0000000000
39762  -18.342  -53.552  10.409 0.0000000000
39763  -19.138  -53.094  10.117 0.0000000000
39779  -18.815  -53.756  9.686 0.0000000000
39803  -24.443  -53.597  8.416 0.0000000000
39821  -23.482  -53.565  7.148 0.0000000000
39822  -23.902  -53.421  7.767 0.0000000000
39831  -18.382  -53.589  6.862 0.0000000000
39832  -19.285  -53.264  6.727 0.0000000000
39833  -20.125  -53.262  6.007 0.0000000000
39834  -20.476  -53.786  5.610 0.0000000000
39835  -22.718  -53.092  5.921 0.0000000000
39836  -23.145  -53.751  6.382 0.0000000000
39845  -20.419  -52.759  5.530 0.0000000000
39846  -20.711  -53.290  5.131 0.0000000000
39847  -22.677  -53.218  4.990 0.0000000000
39848  -22.941  -53.930  5.477 0.0000000000
39854  -21.314  -53.330  4.365 0.0000000000
39856  -22.723  -53.404  4.298 0.0000000000
39857  -22.975  -53.912  4.557 0.0000000000
39885  -28.619  -53.126  1.428 0.0000000000
40806  -14.543  -52.419  10.517 0.0000000000
40807  -15.507  -52.413  10.628 0.0000000000
40808  -16.581  -52.473  10.822 0.0000000000
40809  -17.709  -52.505  10.710 0.0000000000
40810  -18.815  -52.435  10.558 0.0000000000
40811  -19.762  -52.237  10.030 0.0000000000
40828  -20.409  -52.245  9.129 0.0000000000
40829  -20.807  -51.629  8.923 0.0000000000
40846  -20.010  -52.101  8.109 0.0000000000
40847  -20.525  -51.739  8.570 0.0000000000
40848  -23.809  -52.313  8.453 0.0000000000
40861  -19.532  -52.210  7.291 0.0000000000
40862  -22.800  -52.134  7.130 0.0000000000
40863  -23.403  -52.550  7.723 0.0000000000
40864  -23.957  -52.923  8.251 0.0000000000
40872  -22.681  -52.213  6.333 0.0000000000
40873  -22.930  -52.926  6.828 0.0000000000
40881  -20.183  -52.215  5.774 0.0000000000
40882  -20.655  -52.230  5.190 0.0000000000
40883  -22.547  -52.333  5.411 0.0000000000
40892  -22.445  -52.574  4.463 0.0000000000
40912  -28.632  -52.342  2.088 0.0000000000
41845  -15.076  -51.188  10.273 0.0000000000
41846  -15.986  -51.285  10.583 0.0000000000
41847  -17.056  -51.375  10.799 0.0000000000
41848  -18.166  -51.430  10.619 0.0000000000
41849  -19.254  -51.373  10.548 0.0000000000
41850  -20.235  -51.157  10.240 0.0000000000
41851  -20.637  -50.688  10.033 0.0000000000
41852  -24.872  -51.163  10.373 0.0000000000
41853  -25.460  -51.482  10.860 0.0000000000
41872  -20.355  -51.721  9.735 0.0000000000
41873  -20.876  -51.064  9.448 0.0000000000
41874  -21.246  -50.508  9.220 0.0000000000
41875  -24.468  -51.399  9.767 0.0000000000
41889  -20.351  -51.429  8.089 0.0000000000
41890  -20.876  -51.057  8.470 0.0000000000
41891  -21.260  -50.638  8.909 0.0000000000
41892  -23.454  -51.623  8.384 0.0000000000
41893  -24.034  -51.731  8.992 0.0000000000
41901  -19.925  -51.244  7.466 0.0000000000
41902  -20.424  -50.905  7.825 0.0000000000
41903  -22.574  -51.378  6.820 0.0000000000
41904  -22.913  -51.461  7.691 0.0000000000
41909  -19.683  -51.318  6.731 0.0000000000
41910  -22.513  -51.426  5.887 0.0000000000
41918  -20.038  -51.339  6.070 0.0000000000
41919  -20.448  -51.328  5.375 0.0000000000
41951  -28.819  -51.396  2.398 0.0000000000
42946  -27.291  -50.639  12.432 0.0000000000
42947  -28.370  -50.686  12.699 0.0000000000
42948  -29.298  -50.699  12.626 0.0000000000
42949  -30.081  -50.677  12.392 0.0000000000
42950  -30.616  -50.626  11.891 0.0000000000
42963  -25.666  -50.527  11.383 0.0000000000
42964  -26.398  -50.569  11.893 0.0000000000
42965  -30.930  -50.579  11.537 0.0000000000
42966  -31.222  -50.533  11.149 0.0000000000
42983  -15.887  -50.608  10.387 0.0000000000
42984  -16.450  -50.282  10.424 0.0000000000
42985  -17.540  -50.408  10.564 0.0000000000
42986  -18.607  -50.396  10.560 0.0000000000
42987  -19.645  -50.343  10.567 0.0000000000
42988  -20.440  -50.209  10.343 0.0000000000
42989  -24.479  -50.439  10.143 0.0000000000
42990  -25.075  -50.449  10.757 0.0000000000
42991  -31.435  -50.464  10.419 0.0000000000
43008  -20.898  -50.221  9.917 0.0000000000
43009  -21.214  -50.171  9.493 0.0000000000
43010  -23.511  -49.944  8.855 0.0000000000
43011  -23.870  -50.509  9.280 0.0000000000
43012  -31.218  -50.840  9.093 0.0000000000
43013  -31.385  -50.431  9.527 0.0000000000
43021  -21.108  -50.192  8.428 0.0000000000
43022  -21.406  -50.051  8.980 0.0000000000
43023  -23.201  -50.502  8.377 0.0000000000
43024  -23.635  -51.093  8.779 0.0000000000
43025  -31.070  -50.410  8.691 0.0000000000
43026  -31.312  -50.011  9.123 0.0000000000
43031  -20.223  -50.386  7.356 0.0000000000
43032  -20.635  -50.294  7.888 0.0000000000
43033  -22.367  -50.522  6.366 0.0000000000
43034  -22.598  -50.469  7.364 0.0000000000
43035  -30.070  -49.889  7.295 0.0000000000
43036  -30.463  -50.390  7.676 0.0000000000
43040  -19.898  -50.461  6.858 0.0000000000
43049  -19.987  -50.444  6.258 0.0000000000
43052  -29.571  -50.288  5.755 0.0000000000
43062  -28.978  -49.857  4.168 0.0000000000
43063  -29.354  -50.117  4.635 0.0000000000
43072  -28.738  -50.155  3.347 0.0000000000
43087  -28.449  -50.647  2.228 0.0000000000
44140  -27.301  -49.549  12.454 0.0000000000
44141  -27.983  -49.702  12.619 0.0000000000
44142  -28.878  -49.800  12.743 0.0000000000
44143  -29.678  -49.869  12.539 0.0000000000
44144  -30.336  -49.849  12.191 0.0000000000
44163  -26.069  -49.581  11.696 0.0000000000
44164  -26.752  -49.662  12.194 0.0000000000
44165  -30.887  -49.867  11.590 0.0000000000
44166  -31.314  -49.726  10.898 0.0000000000
44186  -17.107  -49.633  10.332 0.0000000000
44187  -17.956  -49.369  10.370 0.0000000000
44188  -19.074  -49.401  10.524 0.0000000000
44189  -20.080  -49.381  10.668 0.0000000000
44190  -20.922  -49.321  10.183 0.0000000000
44191  -21.271  -48.808  9.909 0.0000000000
44192  -24.668  -49.549  10.588 0.0000000000
44193  -25.303  -49.565  11.196 0.0000000000
44194  -31.416  -49.699  10.145 0.0000000000
44209  -17.226  -48.987  10.025 0.0000000000
44210  -21.153  -49.768  9.809 0.0000000000
44211  -21.360  -49.270  9.427 0.0000000000
44212  -23.626  -49.415  9.239 0.0000000000
44213  -24.046  -49.543  9.958 0.0000000000
44214  -30.906  -49.195  9.089 0.0000000000
44215  -31.263  -49.544  9.493 0.0000000000
44220  -20.835  -49.679  7.943 0.0000000000
44222  -23.235  -49.374  8.537 0.0000000000
44223  -30.624  -49.488  8.394 0.0000000000
44224  -31.112  -49.711  8.923 0.0000000000
44229  -20.140  -49.879  6.923 0.0000000000
44230  -20.427  -49.511  7.283 0.0000000000
44232  -22.399  -49.412  6.851 0.0000000000
44233  -22.755  -49.512  7.796 0.0000000000
44234  -29.647  -49.311  7.121 0.0000000000
44235  -30.186  -49.533  7.662 0.0000000000
44241  -20.030  -49.624  6.445 0.0000000000
44242  -20.171  -49.423  6.784 0.0000000000
44244  -29.389  -49.592  6.307 0.0000000000
44259  -28.813  -48.967  5.230 0.0000000000
44260  -29.120  -49.402  5.407 0.0000000000
44274  -28.865  -49.292  4.529 0.0000000000
44275  -29.137  -49.593  4.851 0.0000000000
45310  -27.025  -49.108  12.364 0.0000000000
45311  -27.599  -48.692  12.464 0.0000000000
45312  -28.553  -48.925  12.643 0.0000000000
45313  -29.388  -49.022  12.541 0.0000000000
45314  -29.984  -49.246  12.353 0.0000000000
45327  -25.709  -48.626  11.469 0.0000000000
45328  -26.630  -48.584  12.088 0.0000000000
45329  -27.252  -48.070  12.252 0.0000000000
45330  -29.899  -48.681  12.303 0.0000000000
45331  -30.543  -48.886  11.976 0.0000000000
45332  -31.159  -48.941  11.306 0.0000000000
45345  -17.662  -48.334  10.101 0.0000000000
45346  -18.572  -48.421  10.381 0.0000000000
45347  -19.568  -48.447  10.574 0.0000000000
45348  -20.483  -48.424  10.509 0.0000000000
45349  -21.145  -48.310  10.169 0.0000000000
45350  -24.310  -48.652  10.371 0.0000000000
45351  -24.965  -48.645  10.934 0.0000000000
45352  -31.252  -48.376  10.321 0.0000000000
45353  -31.338  -48.899  10.538 0.0000000000
45363  -16.936  -48.319  9.661 0.0000000000
45364  -21.423  -48.265  9.586 0.0000000000
45365  -23.396  -48.488  8.945 0.0000000000
45366  -23.766  -48.623  9.747 0.0000000000
45367  -31.146  -48.636  9.708 0.0000000000
45368  -31.355  -49.180  9.968 0.0000000000
45374  -22.552  -47.865  7.454 0.0000000000
45375  -22.789  -48.412  8.007 0.0000000000
45376  -30.700  -48.547  8.777 0.0000000000
45386  -20.592  -48.647  7.216 0.0000000000
45388  -22.476  -48.396  7.117 0.0000000000
45389  -22.622  -48.924  7.438 0.0000000000
45390  -29.573  -48.548  7.175 0.0000000000
45391  -30.102  -48.585  7.846 0.0000000000
45401  -20.016  -48.966  6.063 0.0000000000
45402  -20.244  -48.722  6.554 0.0000000000
45405  -28.865  -48.071  5.843 0.0000000000
45406  -29.146  -48.470  6.281 0.0000000000
45424  -28.638  -48.260  5.297 0.0000000000
45425  -28.887  -48.795  5.578 0.0000000000
45444  -28.303  -48.273  4.203 0.0000000000
46506  -28.411  -48.195  12.433 0.0000000000
46507  -29.135  -48.309  12.463 0.0000000000
46508  -29.585  -48.460  12.361 0.0000000000
46519  -25.127  -47.210  11.459 0.0000000000
46520  -25.919  -47.530  11.851 0.0000000000
46521  -26.955  -47.466  12.165 0.0000000000
46522  -27.900  -47.592  12.290 0.0000000000
46523  -28.918  -47.543  12.262 0.0000000000
46524  -29.934  -47.884  12.118 0.0000000000
46525  -30.979  -47.928  11.318 0.0000000000
46526  -31.266  -48.485  11.039 0.0000000000
46538  -18.113  -47.444  10.336 0.0000000000
46539  -19.095  -47.487  10.489 0.0000000000
46540  -20.075  -47.508  10.645 0.0000000000
46541  -20.909  -47.492  10.440 0.0000000000
46542  -21.347  -47.432  9.907 0.0000000000
46543  -23.795  -47.316  10.281 0.0000000000
46544  -24.534  -47.583  10.761 0.0000000000
46545  -25.276  -47.911  11.256 0.0000000000
46546  -31.146  -47.759  10.273 0.0000000000
46547  -31.251  -48.263  10.738 0.0000000000
46557  -16.613  -47.396  9.603 0.0000000000
46558  -17.327  -47.406  9.891 0.0000000000
46560  -23.541  -47.634  9.567 0.0000000000
46561  -23.993  -47.961  10.144 0.0000000000
46562  -30.947  -47.677  9.268 0.0000000000
46574  -22.592  -47.235  7.838 0.0000000000
46575  -23.123  -47.505  8.658 0.0000000000
46576  -30.587  -47.685  8.335 0.0000000000
46589  -20.570  -47.675  6.971 0.0000000000
46591  -22.355  -47.428  6.892 0.0000000000
46592  -29.682  -47.762  7.272 0.0000000000
46593  -30.184  -47.732  7.806 0.0000000000
46609  -20.117  -48.385  6.037 0.0000000000
46610  -20.288  -47.642  6.183 0.0000000000
46613  -28.750  -47.480  5.957 0.0000000000
46614  -29.240  -47.394  6.620 0.0000000000
46634  -27.834  -46.702  4.819 0.0000000000
46635  -28.197  -47.143  5.158 0.0000000000
46651  -27.338  -46.556  3.886 0.0000000000
46652  -27.637  -47.147  4.245 0.0000000000
46653  -28.197  -47.709  4.729 0.0000000000
47705  -26.845  -45.736  12.504 0.0000000000
47706  -27.370  -45.858  12.498 0.0000000000
47707  -28.172  -45.980  12.437 0.0000000000
47718  -24.599  -46.487  11.343 0.0000000000
47719  -25.445  -46.448  11.883 0.0000000000
47720  -26.519  -46.378  12.300 0.0000000000
47721  -27.588  -46.649  12.305 0.0000000000
47722  -28.641  -46.601  12.223 0.0000000000
47723  -29.492  -46.784  11.926 0.0000000000
47724  -30.375  -46.811  11.491 0.0000000000
47737  -17.767  -46.468  10.129 0.0000000000
47738  -18.630  -46.521  10.458 0.0000000000
47739  -19.634  -46.532  10.650 0.0000000000
47740  -20.623  -46.588  10.641 0.0000000000
47741  -21.239  -46.576  10.226 0.0000000000
47742  -23.512  -46.669  9.905 0.0000000000
47743  -23.930  -46.580  10.658 0.0000000000
47744  -30.957  -46.768  10.659 0.0000000000
47745  -31.207  -46.387  10.200 0.0000000000
47758  -17.088  -46.414  9.536 0.0000000000
47760  -23.308  -46.821  9.166 0.0000000000
47761  -31.136  -46.784  9.807 0.0000000000
47762  -31.295  -46.265  9.947 0.0000000000
47781  -22.930  -46.444  8.437 0.0000000000
47782  -30.946  -46.653  8.757 0.0000000000
47798  -20.524  -46.588  6.574 0.0000000000
47799  -20.788  -46.584  7.406 0.0000000000
47801  -29.610  -46.708  7.092 0.0000000000
47802  -30.282  -46.890  7.808 0.0000000000
47822  -28.533  -46.389  5.729 0.0000000000
47823  -29.016  -46.530  6.460 0.0000000000
47838  -27.662  -46.234  4.613 0.0000000000
47839  -28.008  -46.210  5.133 0.0000000000
47905  -27.433  -46.549  2.363 0.0000000000
47906  -28.008  -46.669  2.152 0.0000000000
47907  -28.464  -46.822  2.211 0.0000000000
48911  -25.440  -44.822  12.400 0.0000000000
48912  -26.192  -44.891  12.596 0.0000000000
48913  -27.057  -45.108  12.675 0.0000000000
48914  -28.074  -45.199  12.574 0.0000000000
48915  -29.128  -45.506  12.309 0.0000000000
48916  -29.756  -45.199  11.983 0.0000000000
48929  -24.854  -45.399  11.888 0.0000000000
48930  -25.790  -45.600  12.304 0.0000000000
48931  -26.470  -45.554  12.486 0.0000000000
48932  -29.283  -46.157  12.024 0.0000000000
48933  -29.895  -45.742  11.678 0.0000000000
48934  -30.674  -45.849  11.018 0.0000000000
48946  -18.264  -45.735  10.264 0.0000000000
48947  -19.113  -45.438  10.586 0.0000000000
48948  -20.281  -45.593  10.660 0.0000000000
48949  -21.145  -45.706  10.517 0.0000000000
48950  -21.579  -45.686  9.982 0.0000000000
48951  -23.639  -45.731  10.196 0.0000000000
48952  -24.053  -45.569  11.075 0.0000000000
48953  -31.200  -45.938  10.311 0.0000000000
48954  -31.282  -46.175  10.177 0.0000000000
48964  -17.664  -45.306  9.719 0.0000000000
48965  -18.373  -44.936  10.188 0.0000000000
48966  -21.596  -45.532  9.083 0.0000000000
48967  -23.334  -45.832  9.274 0.0000000000
48968  -31.286  -45.966  9.542 0.0000000000
48969  -31.359  -46.026  9.995 0.0000000000
48983  -21.391  -45.405  8.382 0.0000000000
48985  -23.013  -45.337  8.367 0.0000000000
48986  -31.090  -45.843  8.778 0.0000000000
49000  -20.563  -45.683  6.889 0.0000000000
49001  -21.045  -45.310  7.592 0.0000000000
49003  -29.989  -45.975  7.480 0.0000000000
49004  -30.724  -45.686  8.070 0.0000000000
49021  -29.010  -45.536  6.052 0.0000000000
49022  -29.495  -45.691  6.836 0.0000000000
49037  -27.294  -44.922  4.479 0.0000000000
49038  -27.665  -45.329  4.789 0.0000000000
49039  -28.390  -45.408  5.420 0.0000000000
49090  -27.068  -45.328  2.563 0.0000000000
49106  -27.129  -45.939  2.504 0.0000000000
49107  -27.547  -45.777  2.229 0.0000000000
49108  -28.214  -45.910  2.001 0.0000000000
50031  -24.916  -44.106  12.097 0.0000000000
50032  -25.798  -44.053  12.572 0.0000000000
50033  -26.744  -44.138  12.843 0.0000000000
50034  -27.792  -44.260  12.795 0.0000000000
50035  -28.907  -44.428  12.675 0.0000000000
50036  -29.985  -44.531  12.166 0.0000000000
50043  -24.381  -44.598  11.380 0.0000000000
50044  -30.053  -45.026  11.770 0.0000000000
50049  -18.912  -44.221  10.465 0.0000000000
50050  -19.974  -44.504  10.706 0.0000000000
50051  -21.048  -44.735  10.750 0.0000000000
50052  -21.497  -44.966  10.304 0.0000000000
50053  -23.513  -45.175  9.738 0.0000000000
50054  -23.854  -44.515  10.311 0.0000000000
50055  -30.960  -45.225  10.622 0.0000000000
50063  -17.248  -44.165  9.464 0.0000000000
50064  -18.070  -43.968  9.824 0.0000000000
50066  -23.420  -44.643  9.100 0.0000000000
50067  -23.764  -43.840  9.415 0.0000000000
50068  -31.194  -45.169  9.905 0.0000000000
50069  -31.441  -44.334  9.568 0.0000000000
50082  -21.540  -44.591  8.471 0.0000000000
50084  -23.227  -44.270  7.924 0.0000000000
50085  -31.169  -45.058  8.887 0.0000000000
50086  -31.390  -44.040  8.620 0.0000000000
50100  -21.252  -44.201  7.309 0.0000000000
50103  -30.049  -44.934  7.352 0.0000000000
50104  -30.890  -44.347  7.892 0.0000000000
50105  -31.256  -43.677  8.048 0.0000000000
50119  -28.895  -44.655  5.662 0.0000000000
50120  -29.483  -44.490  6.393 0.0000000000
50136  -27.413  -44.375  4.611 0.0000000000
50137  -28.150  -44.277  5.167 0.0000000000
50998  -25.025  -43.475  11.798 0.0000000000
50999  -25.476  -43.174  12.147 0.0000000000
51000  -26.399  -43.197  12.668 0.0000000000
51001  -27.437  -43.255  12.948 0.0000000000
51002  -28.570  -43.384  12.924 0.0000000000
51004  -30.683  -43.482  12.038 0.0000000000
51005  -31.276  -43.016  11.734 0.0000000000
51017  -24.600  -43.405  11.246 0.0000000000
51018  -25.114  -43.149  11.674 0.0000000000
51020  -31.328  -43.563  11.314 0.0000000000
51024  -18.622  -43.092  10.216 0.0000000000
51025  -19.648  -43.391  10.651 0.0000000000
51026  -20.797  -43.612  10.765 0.0000000000
51027  -21.653  -43.899  10.263 0.0000000000
51028  -24.222  -43.296  9.975 0.0000000000
51029  -31.644  -43.663  10.307 0.0000000000
51039  -17.555  -42.924  9.439 0.0000000000
51040  -18.069  -43.066  9.775 0.0000000000
51041  -21.986  -43.732  9.232 0.0000000000
51042  -23.587  -43.685  8.629 0.0000000000
51043  -23.861  -43.152  9.066 0.0000000000
51044  -31.686  -43.412  9.192 0.0000000000
51058  -17.038  -42.435  9.144 0.0000000000
51059  -17.176  -42.608  9.222 0.0000000000
51060  -21.721  -43.494  8.099 0.0000000000
51061  -23.350  -43.166  8.004 0.0000000000
51062  -23.656  -43.168  8.540 0.0000000000
51063  -31.460  -43.267  8.356 0.0000000000
51073  -20.951  -43.947  6.457 0.0000000000
51074  -21.680  -43.478  7.167 0.0000000000
51077  -30.172  -43.532  6.974 0.0000000000
51078  -30.983  -43.360  7.621 0.0000000000
51079  -31.284  -43.272  7.937 0.0000000000
51096  -28.991  -43.480  5.698 0.0000000000
51097  -29.572  -43.569  6.326 0.0000000000
51113  -26.862  -43.682  4.140 0.0000000000
51114  -27.549  -43.420  4.709 0.0000000000
51115  -28.197  -43.240  5.161 0.0000000000
52021  -25.584  -42.659  12.017 0.0000000000
52022  -26.058  -42.353  12.263 0.0000000000
52023  -27.075  -42.235  12.850 0.0000000000
52024  -28.208  -42.326  13.059 0.0000000000
52025  -29.352  -42.455  12.960 0.0000000000
52026  -30.402  -42.522  12.596 0.0000000000
52027  -31.255  -42.469  12.066 0.0000000000
52039  -24.816  -42.783  11.171 0.0000000000
52040  -25.326  -42.476  11.512 0.0000000000
52041  -26.061  -41.663  11.809 0.0000000000
52042  -31.794  -42.524  11.473 0.0000000000
52043  -32.233  -42.180  11.039 0.0000000000
52047  -18.623  -42.323  10.219 0.0000000000
52048  -19.267  -42.392  10.498 0.0000000000
52049  -20.362  -42.507  10.718 0.0000000000
52050  -21.484  -42.572  10.486 0.0000000000
52052  -24.720  -42.535  10.615 0.0000000000
52053  -25.230  -41.855  10.773 0.0000000000
52054  -32.026  -42.820  10.752 0.0000000000
52055  -32.343  -42.038  10.400 0.0000000000
52065  -17.655  -42.223  9.412 0.0000000000
52066  -18.138  -42.270  9.722 0.0000000000
52069  -23.704  -41.867  8.938 0.0000000000
52070  -24.064  -42.211  9.384 0.0000000000
52071  -32.130  -42.619  9.715 0.0000000000
52072  -32.345  -41.795  9.720 0.0000000000
52085  -17.296  -42.053  9.216 0.0000000000
52086  -22.256  -42.851  8.795 0.0000000000
52087  -22.598  -42.167  8.537 0.0000000000
52089  -23.667  -42.745  8.641 0.0000000000
52090  -31.707  -42.416  8.608 0.0000000000
52101  -22.004  -42.790  7.991 0.0000000000
52102  -22.440  -42.803  7.820 0.0000000000
52104  -30.211  -42.300  6.570 0.0000000000
52105  -30.798  -42.520  7.178 0.0000000000
52106  -31.314  -42.742  7.841 0.0000000000
52120  -29.049  -42.199  5.735 0.0000000000
52121  -29.629  -42.772  6.240 0.0000000000
52137  -26.857  -42.456  4.334 0.0000000000
52138  -27.883  -42.434  4.751 0.0000000000
52139  -28.516  -42.559  5.299 0.0000000000
52992  -26.832  -41.194  12.283 0.0000000000
52993  -27.927  -41.275  12.848 0.0000000000
52994  -29.043  -41.411  13.034 0.0000000000
52995  -30.108  -41.521  12.842 0.0000000000
52996  -31.082  -41.568  12.407 0.0000000000
52997  -32.008  -41.559  11.820 0.0000000000
52998  -32.362  -41.011  11.442 0.0000000000
53016  -25.769  -41.156  11.223 0.0000000000
53017  -26.325  -41.103  11.769 0.0000000000
53018  -32.181  -41.944  11.380 0.0000000000
53019  -32.457  -41.412  11.008 0.0000000000
53024  -18.711  -41.550  10.223 0.0000000000
53025  -19.812  -41.503  10.554 0.0000000000
53026  -20.963  -41.544  10.710 0.0000000000
53027  -21.934  -41.466  10.494 0.0000000000
53029  -24.782  -41.694  10.175 0.0000000000
53030  -25.292  -41.269  10.489 0.0000000000
53031  -32.500  -41.261  10.081 0.0000000000
53042  -17.710  -41.664  9.406 0.0000000000
53043  -18.137  -41.279  9.633 0.0000000000
53044  -22.629  -41.353  8.966 0.0000000000
53045  -23.770  -41.348  9.094 0.0000000000
53046  -24.452  -41.232  9.658 0.0000000000
53047  -24.963  -41.063  10.099 0.0000000000
53048  -32.141  -41.794  9.085 0.0000000000
53049  -32.343  -41.176  9.354 0.0000000000
53060  -17.085  -41.306  9.092 0.0000000000
53061  -17.437  -41.181  9.233 0.0000000000
53062  -17.780  -41.010  9.371 0.0000000000
53063  -22.909  -41.371  8.627 0.0000000000
53064  -23.257  -41.192  8.751 0.0000000000
53065  -31.816  -41.507  8.469 0.0000000000
53066  -32.131  -41.141  8.782 0.0000000000
53077  -30.150  -41.806  6.499 0.0000000000
53078  -30.498  -41.577  6.755 0.0000000000
53079  -31.349  -41.548  7.641 0.0000000000
53095  -29.104  -41.427  5.657 0.0000000000
53096  -29.710  -41.527  6.249 0.0000000000
53097  -30.190  -40.802  6.583 0.0000000000
53112  -26.364  -41.347  4.226 0.0000000000
53113  -27.317  -41.424  4.583 0.0000000000
54064  -27.051  -40.451  12.202 0.0000000000
54065  -27.773  -40.199  12.325 0.0000000000
54066  -28.836  -40.391  12.876 0.0000000000
54067  -29.870  -40.527  12.985 0.0000000000
54068  -30.853  -40.624  12.700 0.0000000000
54069  -31.736  -40.664  12.268 0.0000000000
54070  -32.336  -40.551  11.750 0.0000000000
54089  -25.775  -39.929  11.275 0.0000000000
54090  -26.556  -40.333  11.863 0.0000000000
54091  -27.135  -40.110  12.172 0.0000000000
54092  -32.652  -40.518  11.153 0.0000000000
54099  -18.530  -40.803  9.836 0.0000000000
54100  -19.231  -40.483  10.131 0.0000000000
54102  -21.452  -40.581  10.628 0.0000000000
54103  -22.330  -40.527  10.266 0.0000000000
54104  -24.643  -39.891  10.054 0.0000000000
54105  -25.248  -40.460  10.504 0.0000000000
54106  -32.731  -40.560  10.399 0.0000000000
54115  -18.199  -40.427  9.358 0.0000000000
54116  -18.660  -40.379  9.703 0.0000000000
54117  -22.850  -40.566  9.378 0.0000000000
54118  -23.464  -40.504  9.265 0.0000000000
54119  -24.226  -40.474  9.496 0.0000000000
54120  -24.726  -40.623  9.939 0.0000000000
54121  -32.620  -40.526  9.588 0.0000000000
54132  -17.678  -40.582  9.208 0.0000000000
54133  -22.824  -41.033  8.873 0.0000000000
54134  -23.026  -40.885  8.839 0.0000000000
54135  -31.880  -40.661  8.232 0.0000000000
54136  -32.349  -40.533  8.887 0.0000000000
54149  -31.390  -40.395  7.621 0.0000000000
54163  -29.154  -40.556  5.595 0.0000000000
54164  -29.766  -40.315  6.253 0.0000000000
54165  -30.222  -40.103  6.674 0.0000000000
54179  -26.680  -40.443  4.413 0.0000000000
54180  -27.679  -40.402  4.731 0.0000000000
54181  -28.427  -40.252  5.125 0.0000000000
55179  -27.982  -39.190  12.577 0.0000000000
55180  -28.730  -39.398  12.753 0.0000000000
55181  -29.684  -39.545  13.011 0.0000000000
55182  -30.688  -39.683  13.001 0.0000000000
55183  -31.630  -39.792  12.663 0.0000000000
55184  -32.310  -39.846  12.148 0.0000000000
55202  -25.630  -39.055  11.461 0.0000000000
55204  -27.162  -39.418  12.287 0.0000000000
55206  -33.036  -39.073  11.369 0.0000000000
55214  -19.334  -39.683  9.847 0.0000000000
55215  -19.980  -39.722  10.223 0.0000000000
55216  -20.903  -39.722  10.517 0.0000000000
55217  -21.786  -39.632  10.428 0.0000000000
55218  -24.420  -39.115  10.271 0.0000000000
55219  -24.984  -39.338  10.892 0.0000000000
55220  -32.968  -39.835  10.700 0.0000000000
55221  -33.179  -39.184  10.947 0.0000000000
55230  -18.322  -39.656  9.118 0.0000000000
55231  -18.768  -39.830  9.556 0.0000000000
55232  -22.574  -39.516  9.974 0.0000000000
55233  -23.228  -39.480  9.595 0.0000000000
55234  -24.007  -39.438  9.601 0.0000000000
55235  -33.005  -39.746  9.831 0.0000000000
55236  -33.179  -39.272  10.343 0.0000000000
55249  -32.250  -39.811  8.505 0.0000000000
55250  -32.671  -39.836  9.061 0.0000000000
55262  -31.089  -39.600  7.443 0.0000000000
55263  -31.726  -39.678  7.944 0.0000000000
55276  -29.446  -39.488  5.899 0.0000000000
55277  -29.982  -39.433  6.473 0.0000000000
55278  -30.476  -39.496  7.010 0.0000000000
55290  -25.180  -39.524  4.143 0.0000000000
55291  -26.045  -39.507  4.375 0.0000000000
55292  -27.066  -39.457  4.590 0.0000000000
55293  -27.980  -39.426  4.949 0.0000000000
55294  -28.744  -39.473  5.423 0.0000000000
55303  -24.752  -39.608  3.761 0.0000000000
56390  -28.593  -38.473  12.691 0.0000000000
56391  -29.486  -38.576  12.982 0.0000000000
56392  -30.481  -38.711  13.040 0.0000000000
56393  -31.463  -38.861  12.853 0.0000000000
56394  -32.335  -38.952  12.341 0.0000000000
56395  -32.766  -38.531  12.095 0.0000000000
56411  -25.271  -38.361  11.278 0.0000000000
56412  -26.039  -38.308  11.704 0.0000000000
56414  -32.579  -39.328  11.941 0.0000000000
56415  -32.849  -38.876  11.774 0.0000000000
56423  -19.070  -39.339  9.623 0.0000000000
56424  -19.541  -39.005  9.854 0.0000000000
56425  -20.449  -38.883  10.249 0.0000000000
56426  -21.234  -39.011  10.400 0.0000000000
56427  -24.081  -38.563  10.033 0.0000000000
56428  -24.571  -38.285  10.675 0.0000000000
56429  -33.273  -38.594  11.284 0.0000000000
56436  -18.177  -39.289  8.816 0.0000000000
56437  -18.727  -38.865  9.181 0.0000000000
56438  -19.436  -38.299  9.587 0.0000000000
56439  -21.030  -38.360  10.311 0.0000000000
56440  -21.875  -38.520  10.263 0.0000000000
56441  -22.777  -38.492  9.852 0.0000000000
56442  -23.488  -38.436  9.814 0.0000000000
56443  -33.204  -39.012  9.847 0.0000000000
56444  -33.394  -38.572  10.428 0.0000000000
56459  -18.539  -37.950  8.542 0.0000000000
56460  -32.530  -39.352  8.732 0.0000000000
56461  -32.924  -38.968  9.104 0.0000000000
56476  -31.459  -38.828  7.677 0.0000000000
56477  -32.222  -38.797  8.353 0.0000000000
56478  -32.704  -38.340  8.755 0.0000000000
56491  -29.634  -38.632  6.319 0.0000000000
56493  -30.831  -38.753  7.326 0.0000000000
56505  -26.451  -38.528  4.570 0.0000000000
56506  -27.458  -38.508  4.872 0.0000000000
56507  -28.295  -38.558  5.356 0.0000000000
56508  -29.009  -38.620  5.823 0.0000000000
56518  -24.794  -38.675  3.969 0.0000000000
56534  -24.515  -38.867  3.454 0.0000000000
57530  -28.368  -37.604  12.500 0.0000000000
57531  -29.262  -37.659  12.785 0.0000000000
57532  -30.241  -37.741  13.017 0.0000000000
57533  -31.263  -37.912  12.844 0.0000000000
57534  -32.167  -38.125  12.682 0.0000000000
57535  -32.664  -38.263  12.318 0.0000000000
57551  -25.586  -37.484  11.546 0.0000000000
57553  -33.139  -38.076  11.933 0.0000000000
57560  -19.959  -38.359  9.936 0.0000000000
57561  -20.485  -38.108  10.084 0.0000000000
57565  -33.676  -37.738  11.108 0.0000000000
57566  -33.999  -37.221  10.575 0.0000000000
57570  -19.177  -37.796  9.052 0.0000000000
57571  -19.963  -37.627  9.628 0.0000000000
57572  -21.039  -37.486  9.971 0.0000000000
57573  -22.149  -37.502  9.865 0.0000000000
57576  -33.283  -38.476  9.659 0.0000000000
57577  -33.655  -37.740  9.910 0.0000000000
57578  -34.185  -37.087  10.035 0.0000000000
57595  -19.093  -37.194  8.160 0.0000000000
57596  -33.120  -38.094  9.122 0.0000000000
57597  -33.523  -37.521  8.996 0.0000000000
57616  -19.218  -36.388  7.987 0.0000000000
57617  -31.177  -38.293  7.486 0.0000000000
57619  -32.767  -37.661  8.361 0.0000000000
57620  -33.488  -37.252  8.467 0.0000000000
57634  -29.237  -37.883  6.199 0.0000000000
57651  -24.967  -37.728  4.187 0.0000000000
57652  -25.836  -37.607  4.458 0.0000000000
57653  -26.917  -37.583  4.786 0.0000000000
57654  -27.876  -37.632  5.328 0.0000000000
57655  -28.661  -37.784  5.775 0.0000000000
57666  -24.693  -37.807  3.858 0.0000000000
58669  -28.982  -36.809  12.504 0.0000000000
58670  -29.950  -36.872  12.623 0.0000000000
58671  -30.992  -36.954  12.767 0.0000000000
58672  -32.132  -37.123  12.590 0.0000000000
58673  -32.742  -37.665  12.381 0.0000000000
58691  -32.438  -36.364  12.332 0.0000000000
58692  -33.318  -36.774  12.039 0.0000000000
58693  -33.990  -36.277  11.324 0.0000000000
58704  -33.957  -36.927  11.184 0.0000000000
58705  -34.333  -36.532  10.609 0.0000000000
58709  -19.671  -37.161  8.862 0.0000000000
58710  -20.407  -36.791  9.099 0.0000000000
58711  -21.395  -36.324  9.455 0.0000000000
58712  -22.481  -36.947  9.780 0.0000000000
58714  -34.002  -37.188  9.463 0.0000000000
58715  -34.513  -36.533  9.603 0.0000000000
58728  -19.763  -36.520  8.372 0.0000000000
58729  -20.504  -35.896  8.431 0.0000000000
58730  -21.001  -35.813  8.819 0.0000000000
58731  -34.032  -36.999  8.782 0.0000000000
58732  -34.587  -36.284  8.576 0.0000000000
58748  -19.548  -35.725  7.987 0.0000000000
58751  -32.396  -37.168  7.368 0.0000000000
58752  -33.640  -36.759  7.794 0.0000000000
58753  -34.606  -35.937  7.668 0.0000000000
58766  -28.953  -37.379  6.069 0.0000000000
58770  -32.923  -36.288  6.553 0.0000000000
58771  -34.087  -35.993  6.913 0.0000000000
58772  -34.633  -35.585  7.124 0.0000000000
58786  -24.647  -37.251  4.103 0.0000000000
58787  -25.180  -36.751  4.230 0.0000000000
58793  -32.039  -36.065  5.885 0.0000000000
58794  -32.692  -35.832  5.853 0.0000000000
59857  -31.664  -36.171  12.492 0.0000000000
59879  -31.213  -35.222  12.340 0.0000000000
59880  -32.491  -35.435  12.047 0.0000000000
59881  -33.656  -35.425  11.505 0.0000000000
59882  -34.297  -35.723  11.023 0.0000000000
59891  -23.389  -36.251  11.120 0.0000000000
59892  -23.798  -36.322  11.322 0.0000000000
59893  -33.113  -34.809  11.649 0.0000000000
59894  -33.537  -34.709  11.448 0.0000000000
59895  -34.641  -35.712  10.331 0.0000000000
59902  -35.046  -35.514  9.404 0.0000000000
59903  -35.456  -34.961  8.881 0.0000000000
59912  -35.176  -35.513  8.350 0.0000000000
59913  -35.531  -34.812  8.201 0.0000000000
59929  -19.515  -35.022  7.918 0.0000000000
59930  -20.123  -35.137  8.259 0.0000000000
59931  -35.206  -35.133  7.426 0.0000000000
59932  -35.586  -34.613  7.730 0.0000000000
59947  -33.137  -35.668  5.846 0.0000000000
59948  -33.726  -35.579  6.240 0.0000000000
59949  -34.537  -35.157  6.541 0.0000000000
59963  -25.638  -35.864  4.049 0.0000000000
59971  -33.608  -35.170  5.592 0.0000000000
59972  -34.097  -35.173  5.961 0.0000000000
61083  -31.657  -34.508  11.832 0.0000000000
61084  -32.521  -34.432  11.648 0.0000000000
61085  -34.153  -35.199  11.163 0.0000000000
61086  -34.396  -35.165  10.813 0.0000000000
61098  -33.224  -34.115  11.414 0.0000000000
61099  -34.064  -34.539  11.131 0.0000000000
61100  -34.680  -34.689  10.318 0.0000000000
61105  -35.222  -34.437  9.512 0.0000000000
61106  -35.586  -34.245  8.774 0.0000000000
61113  -35.837  -34.185  8.054 0.0000000000
61126  -18.970  -34.341  7.826 0.0000000000
61127  -19.494  -34.514  8.235 0.0000000000
61129  -35.210  -34.652  6.770 0.0000000000
61130  -35.707  -34.246  7.251 0.0000000000
61143  -34.909  -34.480  6.266 0.0000000000
61144  -35.469  -34.059  6.432 0.0000000000
61159  -33.018  -34.670  4.652 0.0000000000
61160  -33.568  -34.533  4.931 0.0000000000
61162  -35.036  -34.032  5.852 0.0000000000
61182  -32.558  -34.515  4.188 0.0000000000
61183  -33.234  -34.283  4.394 0.0000000000
61200  -31.951  -34.274  3.552 0.0000000000
62376  -31.064  -33.810  11.430 0.0000000000
62377  -32.001  -33.788  11.538 0.0000000000
62378  -32.608  -33.893  11.480 0.0000000000
62386  -22.815  -33.280  11.170 0.0000000000
62390  -26.762  -33.407  10.746 0.0000000000
62395  -31.521  -33.276  10.936 0.0000000000
62396  -32.595  -33.376  11.062 0.0000000000
62397  -33.782  -33.379  10.776 0.0000000000
62398  -34.357  -33.984  10.670 0.0000000000
62403  -34.131  -33.000  10.377 0.0000000000
62404  -34.623  -33.476  10.141 0.0000000000
62405  -35.377  -33.561  9.328 0.0000000000
62417  -35.856  -33.394  8.602 0.0000000000
62418  -36.144  -32.821  8.119 0.0000000000
62433  -18.540  -33.441  7.850 0.0000000000
62434  -19.082  -34.014  7.973 0.0000000000
62435  -36.089  -33.487  7.705 0.0000000000
62436  -36.321  -32.756  7.417 0.0000000000
62445  -36.066  -33.270  6.717 0.0000000000
62446  -36.407  -32.647  6.898 0.0000000000
62459  -34.209  -34.133  4.904 0.0000000000
62460  -34.763  -33.537  5.128 0.0000000000
62461  -35.548  -33.421  5.858 0.0000000000
62474  -33.106  -33.998  4.036 0.0000000000
62475  -33.861  -33.611  4.239 0.0000000000
62476  -34.569  -33.161  4.534 0.0000000000
63726  -19.583  -32.595  10.349 0.0000000000
63727  -20.297  -32.749  10.629 0.0000000000
63730  -23.344  -32.685  10.536 0.0000000000
63732  -25.254  -32.781  10.440 0.0000000000
63733  -26.213  -32.756  10.363 0.0000000000
63738  -30.981  -32.735  10.328 0.0000000000
63739  -31.973  -32.718  10.478 0.0000000000
63740  -32.928  -32.787  10.461 0.0000000000
63756  -25.671  -32.208  9.803 0.0000000000
63757  -26.586  -32.322  9.571 0.0000000000
63762  -31.413  -32.206  9.861 0.0000000000
63763  -32.442  -32.188  9.984 0.0000000000
63764  -33.817  -32.319  9.968 0.0000000000
63765  -35.040  -32.726  9.540 0.0000000000
63766  -35.603  -32.996  9.152 0.0000000000
63777  -18.093  -31.984  8.368 0.0000000000
63782  -34.086  -31.579  9.431 0.0000000000
63783  -34.765  -31.828  9.373 0.0000000000
63784  -35.700  -32.291  8.786 0.0000000000
63785  -36.298  -32.086  7.883 0.0000000000
63797  -17.985  -32.424  7.802 0.0000000000
63798  -18.407  -32.640  8.107 0.0000000000
63799  -36.554  -32.097  7.086 0.0000000000
63805  -36.006  -32.838  5.954 0.0000000000
63806  -36.367  -32.370  6.326 0.0000000000
63813  -34.959  -32.865  4.707 0.0000000000
63814  -35.643  -32.591  5.164 0.0000000000
63815  -36.159  -32.428  5.705 0.0000000000
63820  -34.619  -32.582  4.101 0.0000000000
64891  -19.990  -32.006  10.537 0.0000000000
64905  -18.212  -31.110  9.236 0.0000000000
64906  -18.476  -31.333  9.396 0.0000000000
64907  -19.304  -31.663  10.021 0.0000000000
64910  -22.703  -31.310  9.613 0.0000000000
64914  -26.020  -31.824  9.077 0.0000000000
64915  -26.822  -31.903  8.959 0.0000000000
64919  -31.808  -31.670  9.390 0.0000000000
64920  -32.726  -31.633  9.548 0.0000000000
64925  -18.001  -31.251  8.939 0.0000000000
64927  -23.999  -31.310  8.915 0.0000000000
64928  -24.611  -31.274  8.735 0.0000000000
64929  -25.482  -31.335  8.463 0.0000000000
64937  -33.379  -31.149  9.198 0.0000000000
64938  -34.372  -31.049  9.096 0.0000000000
64939  -35.306  -31.174  8.890 0.0000000000
64940  -36.059  -31.296  8.287 0.0000000000
64957  -36.517  -31.162  7.414 0.0000000000
66008  -22.197  -30.511  9.100 0.0000000000
66009  -23.235  -30.835  9.073 0.0000000000
66010  -23.711  -31.079  8.963 0.0000000000
66018  -17.785  -30.306  8.785 0.0000000000
66021  -23.056  -30.299  8.531 0.0000000000
66022  -23.906  -30.757  8.361 0.0000000000
66023  -24.849  -30.888  8.079 0.0000000000
66024  -25.402  -30.957  7.958 0.0000000000
66027  -31.598  -30.640  8.151 0.0000000000
66028  -32.684  -30.304  8.406 0.0000000000
66029  -33.820  -30.380  8.608 0.0000000000
66030  -34.803  -30.382  8.636 0.0000000000
66031  -35.639  -30.470  8.298 0.0000000000
66032  -36.167  -30.650  7.892 0.0000000000
66042  -23.843  -30.304  7.576 0.0000000000
66049  -30.883  -30.136  7.605 0.0000000000
67194  -17.646  -29.353  8.243 0.0000000000
67197  -20.522  -28.995  8.977 0.0000000000
67200  -23.485  -30.129  7.997 0.0000000000
67203  -35.205  -29.830  8.113 0.0000000000
67212  -22.249  -28.622  7.578 0.0000000000
67213  -22.952  -28.915  7.122 0.0000000000
67214  -23.529  -29.746  7.309 0.0000000000
67235  -23.387  -28.698  6.278 0.0000000000
68395  -18.254  -28.690  8.245 0.0000000000
68396  -19.082  -28.369  8.286 0.0000000000
68397  -20.022  -28.288  8.564 0.0000000000
68398  -21.017  -28.177  8.408 0.0000000000
68405  -18.591  -28.235  8.006 0.0000000000
68406  -21.758  -28.178  7.695 0.0000000000
68407  -22.428  -28.088  6.992 0.0000000000
68425  -23.035  -28.162  5.912 0.0000000000
69638  -19.233  -27.967  7.950 0.0000000000
69639  -19.630  -27.832  8.068 0.0000000000
69640  -20.397  -27.724  8.104 0.0000000000
69646  -18.953  -27.569  7.736 0.0000000000
69647  -20.080  -27.116  7.721 0.0000000000
69648  -21.158  -27.286  7.597 0.0000000000
69649  -21.970  -27.490  7.199 0.0000000000
69664  -21.793  -26.905  6.998 0.0000000000
69665  -22.333  -27.155  6.326 0.0000000000
69685  -22.624  -27.378  5.157 0.0000000000
70768  -16.892  -26.680  7.729 0.0000000000
70771  -19.574  -26.237  7.316 0.0000000000
70772  -20.731  -26.235  7.169 0.0000000000
70773  -21.393  -26.618  7.102 0.0000000000
70782  -18.797  -25.870  6.945 0.0000000000
70783  -19.025  -26.019  7.040 0.0000000000
70784  -21.015  -25.838  6.641 0.0000000000
70785  -21.677  -26.229  6.349 0.0000000000
70786  -22.164  -26.628  6.131 0.0000000000
70808  -21.829  -26.082  5.063 0.0000000000
70809  -22.261  -26.601  5.625 0.0000000000
70824  -21.918  -26.095  4.557 0.0000000000
71746  -17.662  -25.640  7.305 0.0000000000
71747  -18.011  -26.025  7.199 0.0000000000
71748  -19.854  -25.690  6.999 0.0000000000
71749  -20.151  -25.820  7.098 0.0000000000
71756  -18.069  -25.050  6.822 0.0000000000
71757  -18.452  -25.493  6.826 0.0000000000
71758  -19.322  -25.596  6.748 0.0000000000
71759  -20.351  -25.450  6.498 0.0000000000
71760  -21.082  -25.684  6.290 0.0000000000
71786  -21.097  -25.408  5.521 0.0000000000
72793  -19.648  -25.153  6.328 0.0000000000
