#!ascii label  , from subject sub-CSI4 vox2ras=TkReg
404
18411  -18.666  -72.259  39.230 0.0000000000
18423  -18.722  -72.608  38.555 0.0000000000
18433  -18.761  -72.730  37.522 0.0000000000
19404  -18.283  -70.683  42.028 0.0000000000
19418  -18.290  -71.237  41.524 0.0000000000
19433  -18.560  -71.363  40.412 0.0000000000
19461  -19.328  -71.240  38.104 0.0000000000
19472  -18.882  -72.190  38.094 0.0000000000
19473  -19.190  -71.795  37.702 0.0000000000
19485  -19.488  -71.673  36.841 0.0000000000
19486  -19.902  -71.365  36.258 0.0000000000
19498  -19.479  -72.034  35.792 0.0000000000
19499  -20.192  -71.364  35.498 0.0000000000
20461  -18.531  -70.233  41.705 0.0000000000
20471  -18.729  -70.419  40.826 0.0000000000
20489  -19.502  -69.959  39.120 0.0000000000
20504  -18.997  -71.058  39.077 0.0000000000
20505  -19.419  -70.622  38.575 0.0000000000
20517  -19.709  -70.872  37.530 0.0000000000
20518  -20.132  -70.619  36.992 0.0000000000
20528  -19.947  -71.057  36.802 0.0000000000
20529  -20.384  -70.667  36.317 0.0000000000
21485  -13.105  -69.569  39.705 0.0000000000
21496  -13.255  -69.618  39.241 0.0000000000
21498  -19.539  -69.194  39.681 0.0000000000
21515  -19.958  -69.488  38.504 0.0000000000
21516  -20.456  -69.039  37.901 0.0000000000
21533  -19.886  -70.212  37.978 0.0000000000
21534  -20.410  -69.826  37.267 0.0000000000
21553  -21.057  -69.701  35.982 0.0000000000
21554  -21.455  -69.072  35.608 0.0000000000
21612  -15.903  -69.137  33.550 0.0000000000
21613  -16.643  -68.804  33.625 0.0000000000
21626  -16.373  -69.388  33.328 0.0000000000
22592  -13.431  -68.742  39.389 0.0000000000
22593  -13.718  -68.284  39.085 0.0000000000
22594  -20.077  -67.969  39.538 0.0000000000
22609  -20.022  -68.743  39.052 0.0000000000
22610  -20.477  -68.272  38.445 0.0000000000
22622  -20.945  -68.533  37.344 0.0000000000
22623  -21.421  -68.034  36.851 0.0000000000
22631  -21.003  -69.186  36.734 0.0000000000
22632  -21.476  -68.602  36.265 0.0000000000
22643  -21.825  -68.473  35.202 0.0000000000
22659  -17.213  -67.599  34.227 0.0000000000
22673  -17.378  -68.104  33.918 0.0000000000
22674  -18.344  -67.745  33.681 0.0000000000
22675  -18.919  -67.416  33.482 0.0000000000
22687  -17.495  -68.544  33.542 0.0000000000
22688  -17.972  -68.456  33.367 0.0000000000
23747  -20.997  -67.128  38.345 0.0000000000
23748  -21.431  -66.799  37.840 0.0000000000
23768  -20.906  -67.826  37.858 0.0000000000
23769  -21.410  -67.420  37.377 0.0000000000
23787  -21.897  -67.570  36.414 0.0000000000
23788  -22.333  -67.099  36.030 0.0000000000
23806  -21.941  -68.081  35.841 0.0000000000
23807  -22.302  -67.544  35.392 0.0000000000
23821  -17.512  -67.068  34.419 0.0000000000
23822  -18.141  -66.781  34.454 0.0000000000
23837  -18.031  -67.389  34.217 0.0000000000
23838  -18.642  -66.896  33.958 0.0000000000
23839  -19.534  -66.942  33.447 0.0000000000
23840  -20.515  -66.954  33.140 0.0000000000
23841  -21.593  -67.612  33.470 0.0000000000
23842  -22.299  -67.103  33.975 0.0000000000
23857  -20.446  -67.829  32.871 0.0000000000
24937  -21.006  -66.217  38.848 0.0000000000
24938  -21.439  -66.223  38.216 0.0000000000
24952  -21.792  -66.361  37.333 0.0000000000
24953  -22.226  -66.021  36.832 0.0000000000
24965  -21.825  -67.002  36.917 0.0000000000
24966  -22.228  -66.625  36.525 0.0000000000
24975  -22.581  -66.522  35.686 0.0000000000
24985  -17.954  -66.067  34.694 0.0000000000
24986  -18.534  -65.614  34.559 0.0000000000
24987  -22.595  -66.621  34.616 0.0000000000
25000  -18.504  -66.256  34.426 0.0000000000
25001  -19.256  -65.798  34.171 0.0000000000
25002  -20.236  -65.939  33.537 0.0000000000
25003  -21.302  -66.150  33.366 0.0000000000
25004  -22.242  -66.378  33.749 0.0000000000
25018  -15.272  -65.403  32.272 0.0000000000
25019  -15.763  -65.634  32.349 0.0000000000
25036  -15.105  -65.814  31.978 0.0000000000
25040  -20.086  -65.674  31.314 0.0000000000
25054  -19.993  -66.059  30.401 0.0000000000
25055  -20.336  -65.497  30.892 0.0000000000
26093  -20.811  -65.195  39.482 0.0000000000
26094  -21.164  -64.803  39.196 0.0000000000
26115  -20.960  -65.720  39.168 0.0000000000
26116  -21.327  -65.312  38.794 0.0000000000
26127  -21.767  -65.386  37.889 0.0000000000
26128  -22.199  -65.411  37.104 0.0000000000
26140  -22.591  -65.641  36.285 0.0000000000
26147  -23.020  -65.440  35.179 0.0000000000
26148  -23.232  -64.894  34.994 0.0000000000
26154  -18.873  -64.845  34.582 0.0000000000
26155  -22.724  -65.484  34.214 0.0000000000
26156  -23.131  -64.781  34.618 0.0000000000
26164  -19.486  -64.741  34.364 0.0000000000
26167  -22.089  -65.040  33.536 0.0000000000
26181  -16.149  -64.955  32.569 0.0000000000
26182  -16.984  -64.866  32.562 0.0000000000
26183  -17.945  -64.852  32.761 0.0000000000
26184  -19.058  -64.857  32.482 0.0000000000
26185  -19.866  -64.579  32.253 0.0000000000
26199  -14.265  -65.098  32.062 0.0000000000
26200  -14.988  -65.312  32.253 0.0000000000
26201  -19.817  -65.289  31.888 0.0000000000
26202  -20.392  -64.930  31.497 0.0000000000
26220  -20.102  -65.533  29.742 0.0000000000
26221  -20.495  -65.010  30.318 0.0000000000
26235  -20.072  -64.963  29.297 0.0000000000
26245  -18.765  -64.356  28.144 0.0000000000
27196  -20.966  -64.311  39.392 0.0000000000
27219  -21.343  -64.363  38.916 0.0000000000
27234  -21.690  -64.475  38.288 0.0000000000
27235  -22.136  -64.502  37.542 0.0000000000
27248  -22.602  -64.511  36.650 0.0000000000
27249  -23.086  -64.141  36.036 0.0000000000
27252  -22.962  -64.841  35.892 0.0000000000
27259  -19.357  -63.809  34.460 0.0000000000
27260  -19.808  -63.162  34.419 0.0000000000
27261  -22.866  -64.489  33.951 0.0000000000
27262  -23.235  -63.834  34.387 0.0000000000
27269  -19.828  -64.295  34.315 0.0000000000
27270  -20.320  -63.735  34.130 0.0000000000
27271  -21.441  -63.834  33.549 0.0000000000
27272  -22.458  -63.822  33.603 0.0000000000
27273  -22.972  -63.780  33.870 0.0000000000
27285  -18.166  -63.552  33.025 0.0000000000
27286  -19.365  -63.675  32.659 0.0000000000
27287  -20.299  -63.870  32.170 0.0000000000
27302  -20.956  -63.998  31.165 0.0000000000
27303  -21.218  -63.555  30.875 0.0000000000
27320  -20.854  -63.987  30.086 0.0000000000
27321  -21.111  -63.719  30.618 0.0000000000
27338  -19.665  -64.235  28.884 0.0000000000
27357  -18.680  -64.033  28.133 0.0000000000
27358  -19.020  -64.094  28.420 0.0000000000
27375  -18.531  -64.025  27.696 0.0000000000
28333  -20.791  -63.523  39.681 0.0000000000
28334  -21.247  -63.609  39.145 0.0000000000
28354  -21.587  -63.653  38.587 0.0000000000
28368  -22.013  -63.625  37.981 0.0000000000
28369  -22.472  -63.568  37.255 0.0000000000
28380  -22.909  -63.459  36.490 0.0000000000
28385  -23.399  -63.424  35.028 0.0000000000
28392  -19.368  -62.794  34.357 0.0000000000
28393  -23.343  -62.941  34.562 0.0000000000
28398  -18.425  -62.362  33.617 0.0000000000
28399  -20.035  -62.625  34.224 0.0000000000
28400  -20.834  -62.737  33.679 0.0000000000
28401  -21.934  -62.787  33.452 0.0000000000
28402  -22.942  -62.843  33.866 0.0000000000
28411  -18.163  -62.738  33.385 0.0000000000
28412  -18.895  -62.615  33.145 0.0000000000
28413  -19.865  -62.769  32.614 0.0000000000
28428  -20.672  -63.027  31.997 0.0000000000
28429  -21.187  -63.128  31.306 0.0000000000
28444  -20.985  -63.531  29.929 0.0000000000
28445  -21.233  -63.185  30.406 0.0000000000
28458  -20.614  -63.297  29.445 0.0000000000
28459  -21.202  -62.563  29.828 0.0000000000
28469  -18.603  -63.574  28.140 0.0000000000
28470  -19.475  -63.336  28.670 0.0000000000
28471  -20.006  -62.616  28.946 0.0000000000
28480  -17.761  -62.823  27.052 0.0000000000
28481  -18.005  -63.144  27.325 0.0000000000
29421  -20.753  -62.566  39.993 0.0000000000
29422  -21.200  -62.774  39.347 0.0000000000
29440  -21.485  -63.009  38.857 0.0000000000
29460  -21.820  -62.830  38.375 0.0000000000
29461  -22.290  -62.687  37.750 0.0000000000
29471  -22.764  -62.582  37.014 0.0000000000
29472  -23.215  -62.503  36.232 0.0000000000
29476  -23.454  -62.456  35.282 0.0000000000
29480  -19.467  -62.267  34.076 0.0000000000
29481  -23.371  -62.040  34.422 0.0000000000
29483  -18.438  -62.295  33.949 0.0000000000
29484  -19.067  -62.081  33.721 0.0000000000
29485  -20.179  -62.116  33.506 0.0000000000
29486  -21.297  -61.791  33.476 0.0000000000
29487  -22.302  -61.757  33.564 0.0000000000
29488  -23.078  -61.562  33.826 0.0000000000
29497  -19.643  -62.124  33.135 0.0000000000
29498  -20.581  -62.051  32.650 0.0000000000
29499  -21.098  -61.915  32.039 0.0000000000
29512  -20.999  -62.454  31.875 0.0000000000
29513  -21.449  -62.317  31.330 0.0000000000
29526  -21.564  -62.164  30.469 0.0000000000
29538  -20.625  -62.141  29.341 0.0000000000
29539  -21.362  -61.803  29.817 0.0000000000
29551  -19.307  -62.270  28.506 0.0000000000
29552  -19.940  -61.952  28.848 0.0000000000
29559  -17.643  -62.424  27.034 0.0000000000
29560  -17.934  -62.380  27.620 0.0000000000
30481  -21.145  -61.719  39.473 0.0000000000
30495  -21.485  -62.171  38.800 0.0000000000
30510  -21.913  -61.822  38.162 0.0000000000
30511  -22.474  -61.663  37.478 0.0000000000
30523  -23.021  -61.561  36.745 0.0000000000
30524  -23.462  -61.464  35.946 0.0000000000
30528  -23.599  -61.287  35.063 0.0000000000
30531  -23.421  -61.015  34.295 0.0000000000
30536  -21.091  -61.312  33.023 0.0000000000
30537  -21.813  -60.983  33.313 0.0000000000
30538  -22.641  -60.859  33.506 0.0000000000
30539  -23.162  -60.740  33.806 0.0000000000
30549  -21.141  -61.456  32.420 0.0000000000
30550  -21.382  -61.518  31.839 0.0000000000
30561  -21.741  -61.542  31.161 0.0000000000
30574  -21.732  -61.333  30.411 0.0000000000
30587  -20.898  -61.382  29.496 0.0000000000
30588  -21.441  -61.037  29.794 0.0000000000
30601  -18.393  -61.571  28.195 0.0000000000
30602  -19.395  -61.409  28.623 0.0000000000
30603  -20.233  -61.278  29.060 0.0000000000
30632  -17.692  -61.549  25.479 0.0000000000
30647  -17.752  -61.228  24.898 0.0000000000
30648  -18.082  -61.661  24.643 0.0000000000
31470  -20.901  -60.440  39.632 0.0000000000
31480  -21.494  -60.864  38.765 0.0000000000
31492  -22.096  -60.706  37.920 0.0000000000
31493  -22.655  -60.605  37.172 0.0000000000
31506  -23.218  -60.511  36.448 0.0000000000
31507  -23.539  -60.395  35.647 0.0000000000
31510  -23.609  -60.250  34.814 0.0000000000
31513  -23.374  -60.104  34.087 0.0000000000
31518  -21.354  -61.033  32.509 0.0000000000
31519  -21.716  -60.710  32.712 0.0000000000
31520  -22.361  -60.172  32.998 0.0000000000
31521  -22.966  -60.079  33.536 0.0000000000
31532  -21.374  -61.189  32.198 0.0000000000
31533  -21.683  -60.855  31.896 0.0000000000
31534  -22.073  -60.081  32.199 0.0000000000
31542  -22.028  -60.853  31.007 0.0000000000
31543  -22.146  -60.271  31.398 0.0000000000
31555  -21.861  -60.455  30.311 0.0000000000
31556  -22.170  -60.387  30.875 0.0000000000
31570  -18.074  -60.092  28.834 0.0000000000
31571  -18.576  -60.103  28.740 0.0000000000
31572  -20.805  -60.609  29.399 0.0000000000
31573  -21.442  -60.530  29.753 0.0000000000
31589  -18.731  -60.614  28.606 0.0000000000
31590  -19.693  -60.722  28.770 0.0000000000
31591  -20.222  -60.706  29.024 0.0000000000
31636  -17.653  -60.680  25.028 0.0000000000
31637  -17.816  -60.976  24.542 0.0000000000
31650  -17.774  -60.473  24.375 0.0000000000
32504  -20.800  -59.621  39.529 0.0000000000
32514  -20.669  -59.072  39.459 0.0000000000
32515  -21.174  -59.509  39.108 0.0000000000
32528  -21.734  -59.647  38.331 0.0000000000
32529  -22.266  -59.613  37.577 0.0000000000
32545  -22.762  -59.552  36.809 0.0000000000
32546  -23.338  -59.467  36.137 0.0000000000
32557  -23.570  -59.280  34.487 0.0000000000
32561  -22.782  -59.412  33.177 0.0000000000
32562  -23.279  -59.194  33.684 0.0000000000
32573  -22.526  -59.237  32.434 0.0000000000
32580  -22.332  -59.532  31.562 0.0000000000
32590  -16.514  -59.081  30.161 0.0000000000
32591  -21.880  -59.523  30.261 0.0000000000
32592  -22.247  -59.883  30.843 0.0000000000
32606  -16.699  -59.306  29.676 0.0000000000
32607  -17.701  -59.437  29.267 0.0000000000
32608  -18.750  -59.607  28.952 0.0000000000
32609  -19.803  -59.521  28.993 0.0000000000
32610  -20.658  -59.716  29.318 0.0000000000
32611  -21.406  -59.990  29.704 0.0000000000
32628  -18.843  -60.102  28.718 0.0000000000
32629  -19.336  -60.118  28.760 0.0000000000
32630  -20.127  -60.218  28.942 0.0000000000
33645  -20.796  -58.413  39.133 0.0000000000
33646  -21.361  -58.563  38.587 0.0000000000
33662  -21.880  -58.608  37.943 0.0000000000
33663  -22.389  -58.548  37.219 0.0000000000
33681  -22.952  -58.517  36.509 0.0000000000
33682  -23.465  -58.459  35.836 0.0000000000
33694  -16.055  -57.826  36.179 0.0000000000
33696  -23.676  -58.293  34.965 0.0000000000
33702  -23.501  -58.450  34.080 0.0000000000
33709  -22.871  -58.480  33.107 0.0000000000
33710  -23.248  -58.489  33.599 0.0000000000
33728  -22.639  -58.348  32.322 0.0000000000
33740  -22.475  -58.681  31.644 0.0000000000
33758  -21.759  -58.621  30.328 0.0000000000
33759  -22.329  -59.060  30.867 0.0000000000
33778  -16.788  -59.007  30.077 0.0000000000
33779  -17.321  -58.736  29.786 0.0000000000
33780  -18.336  -58.764  29.354 0.0000000000
33781  -19.392  -58.785  29.253 0.0000000000
33782  -20.388  -58.886  29.398 0.0000000000
33783  -21.253  -59.137  29.724 0.0000000000
34786  -19.525  -57.496  39.339 0.0000000000
34787  -20.300  -57.659  39.178 0.0000000000
34809  -18.718  -56.895  38.642 0.0000000000
34812  -21.447  -57.840  38.162 0.0000000000
34829  -17.744  -56.822  37.749 0.0000000000
34830  -18.519  -56.515  37.884 0.0000000000
34831  -21.133  -57.232  37.912 0.0000000000
34832  -21.813  -57.517  37.546 0.0000000000
34833  -22.538  -57.482  36.821 0.0000000000
34851  -17.633  -56.632  37.134 0.0000000000
34852  -23.187  -57.581  36.256 0.0000000000
34853  -23.497  -57.556  35.614 0.0000000000
34870  -23.626  -57.360  35.005 0.0000000000
34881  -23.564  -57.606  34.311 0.0000000000
34893  -22.963  -57.865  33.115 0.0000000000
34894  -23.248  -57.824  33.523 0.0000000000
34911  -22.810  -57.586  32.651 0.0000000000
34912  -23.041  -57.601  33.111 0.0000000000
34918  -22.054  -57.224  31.170 0.0000000000
34919  -22.506  -57.785  31.764 0.0000000000
34936  -19.673  -57.264  29.863 0.0000000000
34937  -20.691  -57.377  30.082 0.0000000000
34938  -21.559  -57.685  30.475 0.0000000000
34939  -22.208  -58.157  30.997 0.0000000000
34956  -18.996  -57.996  29.490 0.0000000000
34957  -20.051  -58.054  29.582 0.0000000000
34958  -21.023  -58.247  29.825 0.0000000000
36010  -19.303  -56.507  38.107 0.0000000000
36011  -20.225  -56.707  38.074 0.0000000000
36012  -20.741  -56.963  37.951 0.0000000000
36027  -18.120  -56.440  37.326 0.0000000000
36028  -18.805  -56.189  37.465 0.0000000000
36029  -19.699  -56.187  37.568 0.0000000000
36030  -20.880  -56.407  37.341 0.0000000000
36031  -22.053  -56.801  36.959 0.0000000000
36032  -22.461  -56.927  36.728 0.0000000000
36051  -17.734  -56.344  36.728 0.0000000000
36052  -18.352  -56.180  37.018 0.0000000000
36053  -21.058  -55.860  36.705 0.0000000000
36054  -21.709  -56.117  36.680 0.0000000000
36055  -22.745  -56.540  36.330 0.0000000000
36056  -23.320  -57.044  36.000 0.0000000000
36072  -23.062  -56.149  35.729 0.0000000000
36073  -23.367  -56.651  35.489 0.0000000000
36083  -23.523  -56.765  34.580 0.0000000000
36093  -23.476  -56.960  33.751 0.0000000000
36110  -22.930  -56.746  32.659 0.0000000000
36111  -23.164  -57.173  33.130 0.0000000000
36122  -21.991  -56.410  31.312 0.0000000000
36123  -22.546  -56.771  31.924 0.0000000000
36138  -19.316  -56.531  30.197 0.0000000000
36139  -20.324  -56.547  30.285 0.0000000000
36140  -21.370  -56.614  30.616 0.0000000000
36214  -15.464  -57.334  25.489 0.0000000000
37148  -18.660  -55.985  37.063 0.0000000000
37149  -19.117  -55.819  37.124 0.0000000000
37150  -19.894  -55.706  37.151 0.0000000000
37167  -17.780  -55.974  36.386 0.0000000000
37168  -18.413  -55.806  36.618 0.0000000000
37169  -19.357  -55.355  36.638 0.0000000000
37170  -20.414  -55.263  36.597 0.0000000000
37171  -21.331  -55.538  36.329 0.0000000000
37172  -22.103  -55.709  36.211 0.0000000000
37191  -18.745  -55.201  36.097 0.0000000000
37192  -19.291  -55.008  36.250 0.0000000000
37193  -21.030  -55.039  35.996 0.0000000000
37194  -21.737  -55.206  35.795 0.0000000000
37195  -22.693  -55.531  35.486 0.0000000000
37196  -23.148  -56.058  35.425 0.0000000000
37209  -22.924  -55.378  34.370 0.0000000000
37210  -23.278  -56.025  34.913 0.0000000000
37227  -22.925  -55.520  33.415 0.0000000000
37228  -23.328  -56.129  34.018 0.0000000000
37243  -22.077  -55.070  32.064 0.0000000000
37244  -22.691  -55.872  32.515 0.0000000000
37245  -23.200  -56.372  33.202 0.0000000000
37255  -20.525  -55.223  31.109 0.0000000000
37256  -21.474  -55.660  31.314 0.0000000000
37257  -22.262  -55.901  31.739 0.0000000000
37270  -19.958  -55.793  30.531 0.0000000000
37271  -20.781  -55.915  30.690 0.0000000000
38299  -19.694  -54.910  36.394 0.0000000000
38300  -19.997  -54.712  36.272 0.0000000000
38316  -19.436  -54.619  35.811 0.0000000000
38317  -20.441  -54.556  35.828 0.0000000000
38318  -21.315  -54.530  35.505 0.0000000000
38319  -21.992  -54.821  35.310 0.0000000000
38332  -21.711  -54.325  34.922 0.0000000000
38333  -22.338  -54.742  34.673 0.0000000000
38353  -21.828  -54.143  34.114 0.0000000000
38354  -22.440  -54.718  33.697 0.0000000000
38370  -20.713  -53.969  32.152 0.0000000000
38371  -21.577  -54.101  32.889 0.0000000000
38372  -22.465  -54.954  32.857 0.0000000000
38387  -20.126  -54.335  31.483 0.0000000000
38388  -21.152  -54.641  31.761 0.0000000000
38406  -19.634  -55.003  30.778 0.0000000000
39387  -20.003  -53.973  35.153 0.0000000000
39388  -20.852  -54.000  35.214 0.0000000000
39389  -21.306  -54.137  35.109 0.0000000000
39403  -19.668  -53.377  34.357 0.0000000000
39404  -20.592  -53.622  34.514 0.0000000000
39405  -21.281  -53.898  34.650 0.0000000000
39426  -20.402  -53.358  33.680 0.0000000000
39427  -21.178  -53.646  33.854 0.0000000000
39444  -20.403  -53.472  32.792 0.0000000000
39445  -20.929  -53.579  33.284 0.0000000000
39460  -20.031  -53.725  32.080 0.0000000000
