#!ascii label  , from subject sub-CSI4 vox2ras=TkReg
2309
430  13.089  -95.444  -3.088 0.0000000000
662  15.105  -95.846  -0.364 0.0000000000
673  14.575  -95.739  -0.849 0.0000000000
697  14.219  -95.540  -2.658 0.0000000000
708  14.631  -95.262  -2.827 0.0000000000
709  13.530  -95.190  -3.301 0.0000000000
714  13.074  -94.875  -3.718 0.0000000000
875  20.619  -95.227  11.167 0.0000000000
885  20.599  -95.804  10.714 0.0000000000
886  20.543  -95.122  10.592 0.0000000000
894  20.460  -96.042  10.137 0.0000000000
896  19.543  -95.374  9.390 0.0000000000
897  19.104  -95.440  9.074 0.0000000000
908  18.573  -95.639  8.776 0.0000000000
909  17.617  -95.607  8.495 0.0000000000
910  16.873  -95.281  8.428 0.0000000000
918  15.485  -94.705  7.381 0.0000000000
922  15.268  -95.355  6.513 0.0000000000
923  14.767  -94.999  6.000 0.0000000000
929  15.050  -95.745  5.835 0.0000000000
930  14.781  -95.351  5.554 0.0000000000
949  13.486  -95.467  2.173 0.0000000000
958  16.629  -94.801  1.405 0.0000000000
959  12.841  -94.967  1.728 0.0000000000
969  16.125  -94.903  0.659 0.0000000000
970  15.241  -95.025  -0.106 0.0000000000
971  14.732  -95.349  -0.539 0.0000000000
983  14.705  -94.801  -0.625 0.0000000000
984  14.229  -95.078  -1.023 0.0000000000
995  13.899  -94.973  -1.350 0.0000000000
1019  14.356  -94.775  -3.288 0.0000000000
1020  13.880  -94.702  -3.534 0.0000000000
1031  14.202  -94.341  -3.685 0.0000000000
1032  13.479  -94.392  -3.918 0.0000000000
1037  12.899  -94.215  -4.327 0.0000000000
1092  19.246  -94.087  20.739 0.0000000000
1093  18.532  -94.547  20.884 0.0000000000
1121  19.336  -94.805  16.646 0.0000000000
1133  19.717  -94.858  16.531 0.0000000000
1139  20.586  -94.553  15.914 0.0000000000
1140  20.539  -94.552  15.405 0.0000000000
1152  20.538  -94.883  13.285 0.0000000000
1153  20.396  -94.370  14.177 0.0000000000
1166  20.516  -94.845  12.746 0.0000000000
1167  20.363  -94.436  13.071 0.0000000000
1180  20.467  -94.684  12.228 0.0000000000
1194  20.599  -95.048  11.683 0.0000000000
1195  20.310  -94.521  11.342 0.0000000000
1196  19.731  -93.949  11.266 0.0000000000
1207  20.241  -94.694  10.547 0.0000000000
1208  19.843  -94.210  10.747 0.0000000000
1218  20.338  -94.982  10.181 0.0000000000
1219  19.688  -94.677  10.013 0.0000000000
1220  18.811  -94.942  9.340 0.0000000000
1221  17.942  -94.420  9.359 0.0000000000
1222  17.223  -94.119  9.196 0.0000000000
1229  23.047  -93.936  8.256 0.0000000000
1231  22.264  -93.738  7.725 0.0000000000
1232  18.042  -95.134  9.018 0.0000000000
1233  17.326  -94.863  8.911 0.0000000000
1234  16.474  -94.356  8.621 0.0000000000
1235  15.805  -93.791  8.301 0.0000000000
1236  8.107  -94.917  8.337 0.0000000000
1237  7.561  -94.909  8.451 0.0000000000
1242  22.170  -93.658  7.491 0.0000000000
1243  15.785  -94.473  7.994 0.0000000000
1244  15.360  -93.828  7.652 0.0000000000
1245  8.122  -95.061  7.661 0.0000000000
1246  7.284  -94.928  7.324 0.0000000000
1252  15.046  -94.257  6.895 0.0000000000
1253  14.778  -94.456  6.165 0.0000000000
1262  18.097  -93.882  5.047 0.0000000000
1263  14.614  -94.683  5.594 0.0000000000
1272  18.002  -94.434  4.504 0.0000000000
1277  6.090  -94.640  4.913 0.0000000000
1292  16.816  -94.386  1.834 0.0000000000
1294  13.536  -94.581  1.913 0.0000000000
1295  6.637  -94.209  3.271 0.0000000000
1302  16.638  -94.153  1.122 0.0000000000
1303  13.113  -94.294  1.537 0.0000000000
1304  12.523  -94.372  1.163 0.0000000000
1308  16.288  -94.059  0.500 0.0000000000
1309  15.803  -94.198  -0.021 0.0000000000
1315  15.118  -94.150  -0.631 0.0000000000
1316  14.444  -94.257  -1.171 0.0000000000
1322  13.875  -94.544  -1.540 0.0000000000
1323  13.189  -94.178  -2.173 0.0000000000
1324  12.330  -94.159  -2.495 0.0000000000
1331  12.523  -93.822  -2.361 0.0000000000
1332  12.011  -93.755  -2.424 0.0000000000
1347  8.046  -93.304  -2.622 0.0000000000
1348  7.261  -93.681  -2.544 0.0000000000
1359  10.372  -93.917  -3.903 0.0000000000
1360  9.423  -93.649  -3.484 0.0000000000
1361  8.748  -93.359  -3.165 0.0000000000
1371  11.190  -93.975  -4.366 0.0000000000
1372  10.817  -93.620  -4.307 0.0000000000
1377  11.201  -93.428  -4.502 0.0000000000
1378  10.890  -93.341  -4.378 0.0000000000
1458  20.346  -93.314  20.982 0.0000000000
1516  20.523  -93.235  15.332 0.0000000000
1528  24.400  -92.651  14.829 0.0000000000
1529  20.168  -93.186  14.414 0.0000000000
1545  19.974  -93.614  13.567 0.0000000000
1546  19.585  -93.085  13.176 0.0000000000
1561  19.844  -93.883  12.428 0.0000000000
1562  19.275  -92.915  12.610 0.0000000000
1572  19.779  -93.954  11.665 0.0000000000
1573  19.137  -93.324  11.684 0.0000000000
1574  18.542  -92.976  11.357 0.0000000000
1583  19.371  -93.726  10.977 0.0000000000
1584  18.594  -93.341  10.831 0.0000000000
1585  18.043  -93.380  10.358 0.0000000000
1594  24.143  -93.109  9.374 0.0000000000
1595  23.913  -93.262  9.194 0.0000000000
1596  23.341  -93.291  9.067 0.0000000000
1597  19.278  -93.935  10.472 0.0000000000
1598  18.607  -93.987  9.976 0.0000000000
1599  17.597  -93.534  9.807 0.0000000000
1600  16.812  -93.414  9.303 0.0000000000
1601  9.582  -93.383  9.330 0.0000000000
1602  9.162  -93.527  9.503 0.0000000000
1603  8.267  -93.684  9.955 0.0000000000
1608  24.165  -93.214  9.157 0.0000000000
1610  22.838  -93.517  8.547 0.0000000000
1611  22.284  -93.485  8.106 0.0000000000
1612  16.136  -93.224  8.811 0.0000000000
1613  15.525  -92.938  8.217 0.0000000000
1616  8.563  -94.464  8.761 0.0000000000
1617  8.140  -94.465  9.209 0.0000000000
1623  21.605  -93.007  7.425 0.0000000000
1624  20.264  -92.934  6.987 0.0000000000
1625  19.460  -92.921  6.842 0.0000000000
1626  19.017  -92.772  6.820 0.0000000000
1627  15.140  -93.007  7.510 0.0000000000
1630  9.158  -94.733  7.683 0.0000000000
1638  18.858  -93.363  6.380 0.0000000000
1639  18.379  -93.050  6.168 0.0000000000
1640  14.998  -93.471  7.072 0.0000000000
1641  14.715  -93.577  6.406 0.0000000000
1644  9.725  -94.932  6.587 0.0000000000
1650  18.072  -93.355  5.531 0.0000000000
1651  14.454  -93.808  5.468 0.0000000000
1653  10.320  -94.654  5.602 0.0000000000
1659  17.651  -93.361  4.617 0.0000000000
1662  9.763  -94.283  4.296 0.0000000000
1675  16.966  -93.572  2.094 0.0000000000
1676  16.820  -93.890  1.601 0.0000000000
1677  14.053  -93.735  2.392 0.0000000000
1683  6.194  -93.872  2.108 0.0000000000
1689  16.883  -93.243  1.650 0.0000000000
1690  16.816  -93.423  1.364 0.0000000000
1692  13.653  -93.675  1.709 0.0000000000
1693  12.974  -93.799  1.192 0.0000000000
1694  9.393  -93.334  2.238 0.0000000000
1701  16.579  -93.382  0.635 0.0000000000
1702  16.184  -93.568  0.086 0.0000000000
1703  13.163  -93.148  1.090 0.0000000000
1704  12.372  -93.420  0.521 0.0000000000
1714  15.650  -93.217  -0.519 0.0000000000
1715  14.758  -93.284  -1.200 0.0000000000
1716  12.100  -92.934  -0.463 0.0000000000
1722  13.830  -93.507  -1.763 0.0000000000
1723  12.707  -93.321  -2.088 0.0000000000
1730  12.316  -93.610  -2.292 0.0000000000
1731  12.021  -93.444  -2.219 0.0000000000
1742  7.827  -93.162  -2.965 0.0000000000
1753  8.171  -93.064  -3.221 0.0000000000
1754  7.682  -93.080  -3.210 0.0000000000
1763  10.572  -93.199  -4.197 0.0000000000
1771  12.822  -92.889  -5.266 0.0000000000
1772  12.378  -92.751  -5.056 0.0000000000
1773  11.592  -93.025  -4.720 0.0000000000
1774  10.909  -92.975  -4.425 0.0000000000
1778  13.212  -92.500  -5.361 0.0000000000
1779  12.820  -92.641  -5.279 0.0000000000
1882  20.580  -92.611  21.493 0.0000000000
1890  20.182  -92.790  20.687 0.0000000000
1944  22.674  -92.250  16.586 0.0000000000
1945  21.378  -92.493  16.643 0.0000000000
1963  23.225  -92.276  15.818 0.0000000000
1964  21.659  -92.328  15.940 0.0000000000
1965  20.898  -92.405  15.430 0.0000000000
1975  24.424  -92.587  14.361 0.0000000000
1976  24.043  -92.578  14.794 0.0000000000
1977  23.298  -92.262  15.075 0.0000000000
1978  21.317  -91.989  15.177 0.0000000000
1979  20.524  -92.262  14.775 0.0000000000
1994  24.480  -92.429  13.718 0.0000000000
1995  23.962  -92.320  14.172 0.0000000000
1996  19.796  -92.443  13.902 0.0000000000
1997  19.397  -92.397  13.206 0.0000000000
2012  24.905  -92.468  12.631 0.0000000000
2013  18.994  -92.098  12.851 0.0000000000
2014  18.579  -91.908  12.400 0.0000000000
2024  24.747  -92.331  11.576 0.0000000000
2025  24.246  -92.086  11.092 0.0000000000
2026  18.819  -92.552  12.265 0.0000000000
2027  18.308  -92.302  11.650 0.0000000000
2028  17.788  -91.762  11.375 0.0000000000
2035  26.037  -92.538  11.081 0.0000000000
2037  24.357  -92.511  10.439 0.0000000000
2038  23.548  -92.163  10.408 0.0000000000
2039  22.884  -91.962  10.158 0.0000000000
2040  18.236  -92.781  11.117 0.0000000000
2041  17.580  -92.404  10.565 0.0000000000
2042  16.904  -91.738  10.098 0.0000000000
2043  8.283  -92.246  10.173 0.0000000000
2049  25.807  -92.423  10.409 0.0000000000
2051  24.452  -92.884  9.617 0.0000000000
2052  23.745  -92.808  9.597 0.0000000000
2053  22.551  -92.566  9.395 0.0000000000
2054  21.777  -92.340  8.969 0.0000000000
2055  17.108  -92.907  9.790 0.0000000000
2056  16.496  -92.271  9.489 0.0000000000
2057  15.855  -91.990  9.035 0.0000000000
2060  8.764  -92.759  9.931 0.0000000000
2061  8.257  -92.830  10.181 0.0000000000
2068  24.073  -92.602  8.418 0.0000000000
2069  22.415  -93.113  8.567 0.0000000000
2070  21.822  -92.729  8.381 0.0000000000
2071  21.133  -92.386  8.144 0.0000000000
2072  15.875  -92.495  8.834 0.0000000000
2073  15.556  -91.997  8.511 0.0000000000
2082  23.409  -92.616  7.548 0.0000000000
2084  21.340  -92.654  7.887 0.0000000000
2085  20.729  -92.513  7.645 0.0000000000
2086  19.924  -92.547  7.372 0.0000000000
2087  19.229  -92.346  7.196 0.0000000000
2088  15.140  -92.107  7.697 0.0000000000
2101  18.570  -92.302  6.746 0.0000000000
2102  18.068  -92.366  5.908 0.0000000000
2103  14.825  -92.631  6.826 0.0000000000
2104  14.493  -92.775  5.876 0.0000000000
2117  17.664  -92.591  5.093 0.0000000000
2131  17.511  -92.671  4.528 0.0000000000
2132  14.359  -92.465  4.441 0.0000000000
2136  5.071  -92.344  4.934 0.0000000000
2146  17.379  -92.652  3.880 0.0000000000
2147  14.279  -92.453  3.589 0.0000000000
2163  17.274  -92.447  2.606 0.0000000000
2164  14.117  -92.656  2.611 0.0000000000
2165  10.639  -92.647  2.264 0.0000000000
2173  17.001  -92.756  1.490 0.0000000000
2174  16.826  -92.951  0.983 0.0000000000
2176  13.710  -92.657  1.309 0.0000000000
2177  10.323  -92.417  1.452 0.0000000000
2178  9.651  -93.025  1.633 0.0000000000
2183  16.906  -92.617  0.961 0.0000000000
2184  16.730  -92.557  0.510 0.0000000000
2185  13.335  -92.420  0.458 0.0000000000
2186  12.805  -92.535  -0.245 0.0000000000
2187  9.923  -92.524  0.842 0.0000000000
2197  15.093  -92.169  -1.030 0.0000000000
2198  13.764  -91.952  -0.639 0.0000000000
2199  12.689  -92.523  -0.944 0.0000000000
2200  12.030  -92.788  -1.071 0.0000000000
2207  14.148  -92.559  -1.423 0.0000000000
2208  13.219  -92.609  -1.509 0.0000000000
2209  12.393  -92.806  -1.514 0.0000000000
2210  11.883  -92.963  -1.398 0.0000000000
2230  9.183  -92.584  -3.051 0.0000000000
2231  8.311  -92.724  -2.949 0.0000000000
2232  7.576  -92.875  -2.968 0.0000000000
2239  9.029  -92.827  -3.304 0.0000000000
2240  7.996  -92.910  -3.185 0.0000000000
2241  7.755  -92.889  -3.147 0.0000000000
2248  10.633  -92.773  -4.121 0.0000000000
2256  13.293  -91.952  -5.265 0.0000000000
2257  12.779  -92.137  -5.097 0.0000000000
2258  11.912  -92.386  -4.876 0.0000000000
2259  11.162  -92.641  -4.399 0.0000000000
2267  13.708  -91.788  -5.500 0.0000000000
2268  12.999  -92.323  -5.259 0.0000000000
2392  21.123  -91.925  21.941 0.0000000000
2397  20.425  -91.913  21.068 0.0000000000
2436  22.065  -91.741  17.317 0.0000000000
2470  22.695  -92.060  15.451 0.0000000000
2471  22.093  -91.935  15.244 0.0000000000
2481  23.587  -92.217  14.491 0.0000000000
2482  22.898  -91.797  14.723 0.0000000000
2483  21.918  -91.566  14.669 0.0000000000
2484  21.101  -91.558  14.629 0.0000000000
2497  24.306  -92.010  13.393 0.0000000000
2498  23.794  -91.712  13.736 0.0000000000
2499  22.643  -91.140  14.044 0.0000000000
2500  21.571  -90.978  14.171 0.0000000000
2501  20.459  -91.199  14.071 0.0000000000
2502  19.498  -91.428  13.429 0.0000000000
2511  27.922  -90.934  13.042 0.0000000000
2514  24.451  -91.873  12.651 0.0000000000
2515  23.952  -91.084  12.749 0.0000000000
2516  18.823  -91.212  12.828 0.0000000000
2517  18.158  -91.237  12.222 0.0000000000
2526  24.412  -91.913  11.695 0.0000000000
2527  23.894  -91.295  11.550 0.0000000000
2528  17.947  -91.660  11.786 0.0000000000
2529  17.706  -91.188  11.741 0.0000000000
2533  26.992  -91.356  11.455 0.0000000000
2534  26.661  -91.636  11.210 0.0000000000
2535  26.197  -91.486  10.605 0.0000000000
2537  23.110  -91.384  10.670 0.0000000000
2538  22.349  -91.502  10.159 0.0000000000
2539  21.776  -91.313  9.869 0.0000000000
2540  17.376  -91.260  11.185 0.0000000000
2541  16.992  -91.209  10.542 0.0000000000
2542  8.321  -91.910  10.111 0.0000000000
2543  7.963  -91.898  10.198 0.0000000000
2547  26.186  -92.141  10.594 0.0000000000
2548  25.730  -92.099  10.048 0.0000000000
2551  22.055  -91.799  9.687 0.0000000000
2552  21.541  -91.701  9.316 0.0000000000
2553  20.821  -91.537  8.861 0.0000000000
2554  16.519  -91.101  9.862 0.0000000000
2555  15.949  -91.121  8.955 0.0000000000
2559  8.718  -91.657  9.890 0.0000000000
2560  7.607  -91.322  9.703 0.0000000000
2565  25.162  -92.470  9.472 0.0000000000
2566  24.634  -92.128  8.905 0.0000000000
2568  21.281  -92.086  8.628 0.0000000000
2569  20.458  -91.887  8.197 0.0000000000
2570  19.602  -91.292  8.187 0.0000000000
2571  19.213  -90.852  8.121 0.0000000000
2572  15.409  -91.260  8.082 0.0000000000
2577  8.223  -90.733  8.899 0.0000000000
2578  7.038  -91.184  8.664 0.0000000000
2587  20.215  -92.230  7.704 0.0000000000
2588  19.715  -91.937  7.680 0.0000000000
2589  18.820  -91.295  7.487 0.0000000000
2590  18.349  -90.662  7.187 0.0000000000
2591  15.201  -91.377  7.528 0.0000000000
2596  7.504  -90.840  7.641 0.0000000000
2602  27.064  -90.893  6.491 0.0000000000
2603  26.777  -91.208  6.264 0.0000000000
2604  26.246  -91.555  5.978 0.0000000000
2607  18.431  -91.625  6.971 0.0000000000
2608  18.100  -91.149  6.488 0.0000000000
2609  14.987  -91.486  6.890 0.0000000000
2610  14.690  -91.958  6.158 0.0000000000
2611  12.582  -90.763  6.888 0.0000000000
2620  27.211  -91.154  6.075 0.0000000000
2626  17.682  -91.605  5.290 0.0000000000
2627  14.872  -91.106  5.956 0.0000000000
2628  14.591  -91.807  5.138 0.0000000000
2634  5.542  -92.247  5.020 0.0000000000
2638  27.112  -91.419  5.374 0.0000000000
2644  17.516  -92.024  4.446 0.0000000000
2645  14.477  -91.734  4.077 0.0000000000
2650  5.614  -92.127  4.502 0.0000000000
2658  17.449  -91.606  3.487 0.0000000000
2659  14.450  -91.764  3.502 0.0000000000
2676  17.368  -91.227  2.480 0.0000000000
2677  14.426  -91.752  2.891 0.0000000000
2680  11.176  -92.161  2.277 0.0000000000
2691  17.207  -91.582  1.464 0.0000000000
2692  16.907  -91.074  0.961 0.0000000000
2693  15.199  -90.832  1.011 0.0000000000
2694  14.285  -91.677  1.598 0.0000000000
2695  13.764  -92.059  0.957 0.0000000000
2698  10.975  -92.061  1.719 0.0000000000
2700  17.001  -92.213  0.901 0.0000000000
2701  16.621  -91.614  0.371 0.0000000000
2702  15.709  -91.037  0.241 0.0000000000
2704  13.978  -91.729  0.433 0.0000000000
2706  10.545  -91.954  0.732 0.0000000000
2710  14.925  -91.544  -0.317 0.0000000000
2711  14.336  -91.574  -0.065 0.0000000000
2723  12.040  -90.740  -2.047 0.0000000000
2733  14.572  -90.480  -3.724 0.0000000000
2734  14.374  -90.791  -3.516 0.0000000000
2736  12.420  -91.107  -2.963 0.0000000000
2744  14.545  -90.672  -3.920 0.0000000000
2745  14.248  -91.151  -3.975 0.0000000000
2746  13.313  -91.462  -3.824 0.0000000000
2747  12.187  -91.761  -3.838 0.0000000000
2750  9.455  -92.618  -3.326 0.0000000000
2755  13.874  -91.353  -4.314 0.0000000000
2756  13.371  -91.621  -4.585 0.0000000000
2757  11.900  -92.035  -4.474 0.0000000000
2758  11.341  -92.256  -4.273 0.0000000000
2759  10.785  -92.559  -4.065 0.0000000000
2766  13.886  -91.443  -5.192 0.0000000000
2767  12.508  -92.017  -4.847 0.0000000000
2768  11.590  -92.273  -4.562 0.0000000000
2769  11.205  -92.416  -4.296 0.0000000000
2779  14.626  -89.953  -6.191 0.0000000000
2780  14.432  -90.291  -5.764 0.0000000000
2972  23.313  -91.301  17.243 0.0000000000
2973  22.657  -90.940  17.426 0.0000000000
2987  21.374  -90.150  17.018 0.0000000000
3026  23.276  -90.616  13.289 0.0000000000
3027  22.220  -90.252  13.572 0.0000000000
3028  21.181  -90.389  13.761 0.0000000000
3029  20.551  -90.385  13.708 0.0000000000
3030  20.015  -90.444  13.601 0.0000000000
3040  28.180  -90.505  12.908 0.0000000000
3041  27.832  -90.894  12.700 0.0000000000
3042  23.429  -90.490  12.303 0.0000000000
3043  22.737  -89.856  12.775 0.0000000000
3044  19.284  -90.312  13.212 0.0000000000
3045  18.472  -90.277  12.716 0.0000000000
3046  17.915  -90.381  12.250 0.0000000000
3053  28.007  -90.409  12.560 0.0000000000
3055  27.096  -90.378  11.629 0.0000000000
3056  26.456  -90.273  11.386 0.0000000000
3057  23.362  -90.601  11.695 0.0000000000
3058  22.744  -90.023  11.725 0.0000000000
3059  22.076  -89.918  11.075 0.0000000000
3060  17.472  -90.319  11.677 0.0000000000
3061  17.099  -89.876  11.086 0.0000000000
3064  26.648  -90.912  11.107 0.0000000000
3067  23.178  -90.757  11.263 0.0000000000
3068  22.551  -90.650  10.837 0.0000000000
3069  21.643  -90.509  10.378 0.0000000000
3070  20.938  -90.395  9.931 0.0000000000
3071  17.102  -90.558  10.998 0.0000000000
3072  16.694  -90.161  10.452 0.0000000000
3076  21.324  -90.959  9.763 0.0000000000
3077  20.701  -90.886  9.377 0.0000000000
3078  20.008  -90.363  9.126 0.0000000000
3079  16.251  -90.101  9.557 0.0000000000
3080  15.970  -89.923  8.827 0.0000000000
3088  20.152  -91.098  8.757 0.0000000000
3089  19.457  -90.487  8.636 0.0000000000
3090  18.931  -90.345  8.195 0.0000000000
3091  15.604  -90.317  8.247 0.0000000000
3099  27.294  -90.121  7.048 0.0000000000
3100  27.117  -90.056  7.242 0.0000000000
3104  18.457  -90.153  7.688 0.0000000000
3105  18.133  -90.000  6.974 0.0000000000
3106  15.297  -90.620  7.400 0.0000000000
3107  12.675  -89.925  7.297 0.0000000000
3113  27.271  -90.520  6.607 0.0000000000
3114  26.865  -90.451  6.896 0.0000000000
3115  26.284  -90.826  6.356 0.0000000000
3120  12.672  -90.046  6.354 0.0000000000
3121  12.499  -90.703  6.130 0.0000000000
3134  14.821  -90.713  5.187 0.0000000000
3135  12.556  -90.309  5.618 0.0000000000
3136  12.375  -90.999  5.441 0.0000000000
3149  17.517  -90.969  4.331 0.0000000000
3150  15.299  -89.981  4.736 0.0000000000
3151  14.711  -90.854  4.335 0.0000000000
3152  12.361  -90.341  4.649 0.0000000000
3164  17.287  -90.421  3.243 0.0000000000
3165  16.998  -89.907  3.210 0.0000000000
3166  15.224  -90.301  3.500 0.0000000000
3167  14.620  -91.158  3.475 0.0000000000
3168  12.467  -90.202  3.404 0.0000000000
3183  17.154  -90.565  2.331 0.0000000000
3184  16.572  -89.930  2.613 0.0000000000
3185  15.521  -90.218  2.490 0.0000000000
3186  14.773  -90.882  2.613 0.0000000000
3201  17.232  -90.966  1.929 0.0000000000
3202  16.855  -90.659  1.596 0.0000000000
3203  15.927  -90.298  1.492 0.0000000000
3204  15.030  -90.651  1.810 0.0000000000
3213  16.398  -90.779  0.813 0.0000000000
3214  15.837  -90.634  0.814 0.0000000000
3223  14.177  -90.186  -0.965 0.0000000000
3224  13.634  -90.284  -0.551 0.0000000000
3234  14.509  -90.062  -1.490 0.0000000000
3235  13.789  -90.408  -1.359 0.0000000000
3236  12.993  -90.535  -1.183 0.0000000000
3237  12.197  -90.641  -1.253 0.0000000000
3248  14.750  -89.925  -2.457 0.0000000000
3249  14.053  -90.499  -2.091 0.0000000000
3250  13.249  -90.619  -1.879 0.0000000000
3251  12.616  -90.655  -1.741 0.0000000000
3253  7.728  -89.965  -2.365 0.0000000000
3263  14.657  -90.180  -3.397 0.0000000000
3266  12.715  -90.770  -2.262 0.0000000000
3267  7.734  -89.561  -2.859 0.0000000000
3276  14.671  -90.150  -4.010 0.0000000000
3277  14.572  -90.462  -4.308 0.0000000000
3283  14.406  -90.743  -4.683 0.0000000000
3284  14.245  -90.719  -5.045 0.0000000000
3310  12.868  -89.367  -7.549 0.0000000000
3535  25.047  -89.273  21.156 0.0000000000
3543  26.034  -89.347  19.745 0.0000000000
3565  22.335  -90.452  17.236 0.0000000000
3573  21.898  -89.783  16.953 0.0000000000
3615  22.149  -89.601  13.114 0.0000000000
3616  21.531  -89.687  13.388 0.0000000000
3617  20.778  -89.837  13.519 0.0000000000
3618  20.346  -90.017  13.568 0.0000000000
3628  28.159  -89.421  12.745 0.0000000000
3629  22.231  -89.510  12.762 0.0000000000
3630  21.697  -89.202  12.771 0.0000000000
3631  20.991  -89.189  13.237 0.0000000000
3632  20.062  -89.440  13.325 0.0000000000
3633  18.966  -89.262  12.877 0.0000000000
3634  17.989  -89.377  12.284 0.0000000000
3638  28.144  -90.086  12.569 0.0000000000
3639  27.553  -89.702  12.216 0.0000000000
3640  26.735  -89.688  11.850 0.0000000000
3641  25.852  -89.686  11.513 0.0000000000
3642  25.020  -89.385  11.314 0.0000000000
3643  22.264  -89.492  12.352 0.0000000000
3644  21.692  -89.206  11.766 0.0000000000
3645  20.950  -89.072  11.177 0.0000000000
3646  17.371  -89.232  11.487 0.0000000000
3647  16.884  -89.221  10.804 0.0000000000
3649  25.234  -90.027  10.937 0.0000000000
3650  24.390  -89.688  10.571 0.0000000000
3652  21.455  -89.610  10.937 0.0000000000
3653  20.765  -89.625  10.437 0.0000000000
3654  19.928  -89.189  10.093 0.0000000000
3655  16.475  -89.177  10.053 0.0000000000
3661  20.271  -89.995  9.720 0.0000000000
3662  19.331  -89.475  9.292 0.0000000000
3663  18.807  -88.896  9.062 0.0000000000
3664  16.145  -89.231  9.063 0.0000000000
3665  15.992  -89.479  8.757 0.0000000000
3673  19.041  -89.938  8.698 0.0000000000
3674  18.635  -89.340  8.473 0.0000000000
3675  16.007  -88.956  8.602 0.0000000000
3676  15.829  -89.354  8.392 0.0000000000
3677  12.469  -89.414  7.935 0.0000000000
3678  11.931  -89.527  8.419 0.0000000000
3679  11.080  -89.348  8.466 0.0000000000
3685  28.022  -89.143  7.287 0.0000000000
3686  27.404  -89.535  7.241 0.0000000000
3691  18.087  -89.214  7.620 0.0000000000
3692  17.649  -89.205  6.884 0.0000000000
3693  15.524  -89.715  7.687 0.0000000000
3694  12.876  -89.073  7.373 0.0000000000
3706  27.696  -89.617  6.763 0.0000000000
3714  13.217  -88.792  6.386 0.0000000000
3715  13.051  -89.169  6.579 0.0000000000
3716  10.055  -88.772  7.357 0.0000000000
3736  13.226  -88.879  6.081 0.0000000000
3737  12.885  -89.461  5.506 0.0000000000
3754  17.213  -89.964  4.251 0.0000000000
3755  16.504  -89.477  4.540 0.0000000000
3757  13.608  -88.920  3.972 0.0000000000
3758  12.938  -89.441  4.360 0.0000000000
3774  17.115  -89.945  3.542 0.0000000000
3775  16.693  -89.712  3.585 0.0000000000
3776  15.869  -89.554  3.880 0.0000000000
3777  13.921  -89.032  3.228 0.0000000000
3778  13.235  -89.494  3.330 0.0000000000
3793  16.239  -89.635  3.256 0.0000000000
3794  15.841  -89.780  3.093 0.0000000000
3795  13.720  -89.383  2.492 0.0000000000
3796  13.045  -90.071  2.522 0.0000000000
3804  13.407  -89.824  1.658 0.0000000000
3811  14.326  -89.537  0.260 0.0000000000
3825  14.526  -89.640  -0.575 0.0000000000
3826  13.950  -89.963  0.060 0.0000000000
3840  14.991  -89.147  -1.600 0.0000000000
3841  10.243  -88.982  -1.176 0.0000000000
3854  14.926  -89.023  -2.523 0.0000000000
3857  8.269  -89.605  -2.785 0.0000000000
3867  14.784  -89.254  -3.319 0.0000000000
3868  14.544  -89.148  -3.940 0.0000000000
3871  7.771  -89.057  -3.414 0.0000000000
3883  14.657  -89.632  -3.881 0.0000000000
3884  14.338  -89.398  -4.573 0.0000000000
3885  13.181  -88.681  -5.034 0.0000000000
3886  12.476  -88.413  -5.073 0.0000000000
3896  14.444  -89.891  -5.122 0.0000000000
3898  12.296  -88.588  -5.550 0.0000000000
3899  11.620  -88.368  -5.655 0.0000000000
3908  11.541  -88.420  -6.070 0.0000000000
3909  11.201  -88.010  -6.162 0.0000000000
3916  11.809  -88.589  -6.861 0.0000000000
4169  25.292  -89.060  20.328 0.0000000000
4170  24.897  -88.744  20.451 0.0000000000
4196  29.114  -88.792  17.190 0.0000000000
4197  28.734  -88.265  17.531 0.0000000000
4199  27.068  -88.452  17.469 0.0000000000
4208  27.149  -88.334  16.669 0.0000000000
4210  22.363  -88.860  16.243 0.0000000000
4211  21.541  -88.766  16.446 0.0000000000
4212  20.711  -88.551  16.478 0.0000000000
4213  19.702  -88.430  16.348 0.0000000000
4256  28.433  -88.848  13.288 0.0000000000
4257  27.671  -88.729  12.698 0.0000000000
4258  26.804  -88.407  12.583 0.0000000000
4259  26.065  -88.261  12.421 0.0000000000
4260  21.141  -88.904  12.859 0.0000000000
4261  20.622  -88.773  12.792 0.0000000000
4262  19.712  -88.549  12.552 0.0000000000
4263  18.659  -88.387  12.177 0.0000000000
4264  17.862  -88.502  11.729 0.0000000000
4266  27.074  -89.057  12.201 0.0000000000
4267  26.315  -88.992  12.134 0.0000000000
4268  25.391  -88.674  11.921 0.0000000000
4269  24.408  -88.695  11.364 0.0000000000
4271  21.189  -88.802  12.434 0.0000000000
4272  20.598  -88.509  11.891 0.0000000000
4273  19.412  -88.267  11.532 0.0000000000
4274  18.356  -88.135  11.175 0.0000000000
4275  17.404  -88.459  10.907 0.0000000000
4276  16.844  -88.703  10.434 0.0000000000
4281  20.144  -88.701  10.887 0.0000000000
4282  19.018  -88.458  10.238 0.0000000000
4283  17.884  -88.147  10.165 0.0000000000
4284  17.074  -88.306  10.107 0.0000000000
4285  16.704  -88.648  10.070 0.0000000000
4296  18.871  -88.722  9.433 0.0000000000
4297  18.235  -88.475  9.154 0.0000000000
4298  17.262  -88.294  9.332 0.0000000000
4299  16.629  -88.638  9.563 0.0000000000
4308  29.917  -88.090  8.131 0.0000000000
4309  29.405  -88.055  8.133 0.0000000000
4312  17.992  -88.713  8.141 0.0000000000
4313  17.362  -88.464  8.390 0.0000000000
4314  16.413  -88.602  8.570 0.0000000000
4315  15.959  -88.870  8.294 0.0000000000
4316  12.528  -88.810  7.781 0.0000000000
4317  12.161  -88.984  8.127 0.0000000000
4318  11.654  -88.895  8.249 0.0000000000
4329  28.888  -88.395  7.532 0.0000000000
4330  27.830  -88.796  7.495 0.0000000000
4335  17.900  -88.813  7.763 0.0000000000
4336  17.556  -88.706  7.580 0.0000000000
4337  16.717  -88.526  7.595 0.0000000000
4338  15.821  -88.867  7.577 0.0000000000
4339  13.333  -87.883  6.954 0.0000000000
4340  13.010  -88.280  7.382 0.0000000000
4341  12.098  -88.292  7.952 0.0000000000
4342  10.915  -88.435  7.753 0.0000000000
4349  29.801  -88.369  6.419 0.0000000000
4356  17.084  -88.673  6.794 0.0000000000
4359  13.358  -88.329  6.446 0.0000000000
4360  13.153  -88.732  6.988 0.0000000000
4361  10.284  -88.084  6.496 0.0000000000
4362  9.680  -88.574  5.964 0.0000000000
4383  13.385  -88.572  5.380 0.0000000000
4384  13.026  -88.997  4.969 0.0000000000
4385  10.460  -87.826  5.601 0.0000000000
4386  9.944  -88.141  5.293 0.0000000000
4402  13.870  -88.295  4.583 0.0000000000
4403  13.320  -88.820  4.651 0.0000000000
4418  14.303  -88.276  3.637 0.0000000000
4419  10.581  -88.164  3.216 0.0000000000
4433  14.408  -88.596  2.590 0.0000000000
4434  10.608  -88.189  2.579 0.0000000000
4445  14.983  -88.585  0.916 0.0000000000
4446  14.344  -89.135  1.598 0.0000000000
4461  15.193  -88.398  -0.159 0.0000000000
4462  14.908  -88.908  0.131 0.0000000000
4463  14.453  -89.225  0.766 0.0000000000
4478  15.150  -88.398  -0.391 0.0000000000
4479  15.114  -88.594  -0.614 0.0000000000
4492  15.006  -88.203  -1.316 0.0000000000
4506  14.664  -88.107  -2.220 0.0000000000
4507  14.005  -87.865  -3.058 0.0000000000
4508  13.293  -87.898  -3.443 0.0000000000
4519  14.535  -88.529  -2.993 0.0000000000
4521  12.864  -88.078  -3.973 0.0000000000
4522  12.108  -88.132  -4.253 0.0000000000
4524  8.409  -88.339  -3.348 0.0000000000
4535  13.433  -88.520  -4.447 0.0000000000
4536  12.635  -88.285  -4.637 0.0000000000
4537  11.916  -88.167  -4.957 0.0000000000
4553  11.179  -88.025  -5.928 0.0000000000
4554  10.902  -87.771  -5.933 0.0000000000
4568  11.516  -88.113  -7.804 0.0000000000
4569  11.256  -87.693  -6.901 0.0000000000
4583  11.615  -87.847  -8.024 0.0000000000
4825  23.839  -87.672  20.621 0.0000000000
4826  23.169  -86.879  21.057 0.0000000000
4831  26.981  -87.287  19.637 0.0000000000
4833  23.863  -87.139  19.476 0.0000000000
4834  18.048  -87.509  19.533 0.0000000000
4835  17.544  -87.798  18.806 0.0000000000
4842  28.367  -87.758  18.133 0.0000000000
4847  24.085  -86.934  18.839 0.0000000000
4848  17.698  -87.098  18.727 0.0000000000
4849  17.353  -87.395  18.045 0.0000000000
4857  28.898  -88.200  17.010 0.0000000000
4858  28.539  -87.669  17.304 0.0000000000
4859  26.344  -87.854  17.420 0.0000000000
4862  17.445  -87.173  17.354 0.0000000000
4868  29.199  -88.374  16.422 0.0000000000
4869  28.771  -87.769  16.571 0.0000000000
4870  26.340  -87.863  16.124 0.0000000000
4873  21.890  -88.112  16.076 0.0000000000
4874  21.316  -87.728  16.220 0.0000000000
4875  20.377  -87.528  16.295 0.0000000000
4876  19.301  -87.432  16.305 0.0000000000
4885  29.389  -88.586  15.673 0.0000000000
4886  29.011  -87.919  15.758 0.0000000000
4891  22.478  -87.693  15.804 0.0000000000
4892  21.866  -87.503  15.982 0.0000000000
4906  28.570  -88.034  13.950 0.0000000000
4907  27.898  -87.540  13.559 0.0000000000
4913  28.034  -88.134  13.248 0.0000000000
4915  26.397  -87.611  12.807 0.0000000000
4916  25.459  -87.604  12.465 0.0000000000
4917  24.501  -87.342  12.315 0.0000000000
4920  24.774  -88.013  11.929 0.0000000000
4942  30.894  -87.334  8.706 0.0000000000
4954  30.343  -87.499  8.533 0.0000000000
4955  29.693  -87.573  8.371 0.0000000000
4956  29.082  -87.785  8.167 0.0000000000
4965  28.561  -87.863  7.856 0.0000000000
4966  28.124  -88.169  7.648 0.0000000000
4967  27.375  -88.070  7.573 0.0000000000
4968  26.381  -87.917  7.375 0.0000000000
4972  13.136  -87.569  7.142 0.0000000000
4973  12.475  -87.523  7.429 0.0000000000
4974  11.520  -87.634  7.420 0.0000000000
4975  10.827  -87.774  7.193 0.0000000000
4991  13.468  -87.366  6.572 0.0000000000
4992  12.950  -86.843  6.988 0.0000000000
4993  11.891  -86.757  6.978 0.0000000000
4994  11.068  -87.313  6.704 0.0000000000
5011  14.311  -86.956  4.908 0.0000000000
5012  13.994  -87.312  5.338 0.0000000000
5013  11.261  -86.632  6.284 0.0000000000
5014  10.828  -87.230  5.623 0.0000000000
5015  10.594  -87.750  5.039 0.0000000000
5029  14.477  -86.920  4.381 0.0000000000
5030  14.326  -87.676  4.374 0.0000000000
5031  10.896  -87.259  4.508 0.0000000000
5032  10.386  -88.019  4.196 0.0000000000
5046  14.883  -86.951  3.503 0.0000000000
5047  14.680  -87.509  3.779 0.0000000000
5048  10.868  -87.678  3.384 0.0000000000
5049  10.538  -88.142  3.527 0.0000000000
5058  15.036  -86.879  3.045 0.0000000000
5059  14.934  -87.482  2.830 0.0000000000
5060  10.921  -87.535  2.486 0.0000000000
5069  15.477  -87.970  0.900 0.0000000000
5070  15.236  -87.991  1.685 0.0000000000
5071  10.904  -87.823  1.861 0.0000000000
5083  15.291  -88.213  -0.053 0.0000000000
5084  15.356  -88.142  0.189 0.0000000000
5085  15.106  -87.272  0.514 0.0000000000
5098  15.241  -88.190  -0.295 0.0000000000
5099  15.118  -87.745  -0.553 0.0000000000
5119  14.600  -87.505  -1.460 0.0000000000
5120  14.017  -86.906  -1.915 0.0000000000
5121  13.488  -86.408  -2.044 0.0000000000
5122  9.898  -87.579  -1.004 0.0000000000
5139  14.348  -87.446  -2.045 0.0000000000
5140  14.052  -87.434  -2.504 0.0000000000
5141  13.216  -87.096  -3.129 0.0000000000
5142  12.358  -87.111  -3.531 0.0000000000
5160  12.775  -87.686  -3.569 0.0000000000
5161  12.066  -87.647  -3.792 0.0000000000
5165  8.074  -87.559  -3.364 0.0000000000
5180  15.190  -87.118  -4.784 0.0000000000
5183  7.365  -87.398  -3.733 0.0000000000
5197  16.296  -87.520  -5.135 0.0000000000
5198  15.424  -87.429  -5.297 0.0000000000
5199  14.695  -87.187  -5.481 0.0000000000
5208  15.870  -87.518  -5.907 0.0000000000
5209  14.999  -87.621  -6.339 0.0000000000
5223  10.853  -87.301  -6.809 0.0000000000
5229  12.712  -87.500  -7.753 0.0000000000
5231  11.407  -87.494  -7.429 0.0000000000
5232  11.049  -87.397  -7.037 0.0000000000
5494  23.248  -86.814  20.116 0.0000000000
5495  22.624  -86.372  20.481 0.0000000000
5500  27.046  -86.688  19.121 0.0000000000
5501  23.272  -86.588  19.431 0.0000000000
5502  22.679  -86.237  19.615 0.0000000000
5503  22.333  -86.060  20.071 0.0000000000
5504  18.120  -86.466  19.044 0.0000000000
5510  28.187  -87.279  17.607 0.0000000000
5511  27.759  -86.849  17.975 0.0000000000
5514  23.522  -86.487  18.754 0.0000000000
5515  23.019  -86.307  19.137 0.0000000000
5516  17.766  -86.591  18.121 0.0000000000
5517  17.544  -86.923  17.733 0.0000000000
5526  28.252  -87.264  17.269 0.0000000000
5527  27.960  -86.903  17.247 0.0000000000
5530  23.802  -86.311  17.749 0.0000000000
5531  18.064  -86.282  17.609 0.0000000000
5532  17.729  -86.669  17.441 0.0000000000
5537  28.325  -87.235  16.841 0.0000000000
5538  27.918  -86.652  16.524 0.0000000000
5541  23.316  -86.174  16.730 0.0000000000
5542  22.307  -86.229  16.381 0.0000000000
5543  21.231  -86.611  16.239 0.0000000000
5545  18.949  -86.550  16.529 0.0000000000
5546  18.134  -86.496  16.927 0.0000000000
5547  17.653  -86.846  17.066 0.0000000000
5552  28.454  -87.225  16.041 0.0000000000
5553  27.884  -86.616  15.568 0.0000000000
5555  22.928  -86.768  15.938 0.0000000000
5556  22.070  -86.939  15.978 0.0000000000
5557  21.616  -87.159  16.052 0.0000000000
5571  26.762  -86.983  13.118 0.0000000000
5572  25.994  -86.757  13.039 0.0000000000
5573  25.046  -86.652  12.782 0.0000000000
5603  32.175  -86.452  8.444 0.0000000000
5605  30.847  -86.507  9.013 0.0000000000
5606  30.294  -86.151  8.975 0.0000000000
5616  32.598  -86.450  8.030 0.0000000000
5617  32.277  -86.099  8.304 0.0000000000
5618  30.566  -87.023  8.736 0.0000000000
5619  30.062  -86.731  8.696 0.0000000000
5620  29.315  -86.965  8.335 0.0000000000
5629  28.689  -87.150  7.982 0.0000000000
5630  27.953  -87.321  7.617 0.0000000000
5631  26.994  -87.103  7.498 0.0000000000
5632  26.179  -86.880  7.370 0.0000000000
5647  13.489  -86.319  6.160 0.0000000000
5648  12.537  -86.147  6.525 0.0000000000
5649  11.746  -86.085  6.321 0.0000000000
5660  14.233  -86.652  4.862 0.0000000000
5661  13.976  -86.071  5.130 0.0000000000
5662  11.231  -86.100  5.485 0.0000000000
5663  10.945  -86.743  5.049 0.0000000000
5678  14.212  -86.031  4.400 0.0000000000
5679  13.974  -85.773  4.673 0.0000000000
5680  11.154  -85.797  4.923 0.0000000000
5681  10.937  -86.263  4.636 0.0000000000
5693  14.560  -86.261  3.579 0.0000000000
5694  14.528  -85.917  2.973 0.0000000000
5695  10.900  -86.607  3.704 0.0000000000
5707  14.884  -86.624  3.215 0.0000000000
5708  14.818  -86.474  2.743 0.0000000000
5709  10.859  -86.945  2.842 0.0000000000
5721  14.792  -86.666  1.623 0.0000000000
5722  10.723  -86.956  1.905 0.0000000000
5735  18.275  -86.232  0.198 0.0000000000
5736  17.884  -86.375  0.242 0.0000000000
5737  17.089  -86.347  0.210 0.0000000000
5739  10.050  -86.760  0.802 0.0000000000
5740  9.610  -86.144  0.264 0.0000000000
5754  18.409  -86.349  -0.396 0.0000000000
5755  17.381  -86.629  -0.444 0.0000000000
5756  16.617  -86.266  -0.376 0.0000000000
5759  9.746  -86.886  -0.377 0.0000000000
5760  9.192  -86.017  -0.366 0.0000000000
5777  13.327  -85.979  -2.019 0.0000000000
5778  9.792  -87.063  -0.883 0.0000000000
5779  9.313  -86.830  -1.146 0.0000000000
5793  13.121  -86.276  -2.676 0.0000000000
5794  12.544  -86.581  -3.368 0.0000000000
5795  8.974  -87.006  -2.031 0.0000000000
5810  11.900  -86.973  -3.864 0.0000000000
5813  7.629  -86.709  -3.244 0.0000000000
5828  14.854  -86.585  -4.858 0.0000000000
5829  11.563  -86.647  -4.161 0.0000000000
5831  7.025  -86.539  -3.606 0.0000000000
5848  17.110  -87.129  -5.664 0.0000000000
5849  16.426  -87.359  -5.792 0.0000000000
5850  14.334  -86.371  -5.658 0.0000000000
5864  18.355  -86.106  -6.489 0.0000000000
5865  17.537  -86.459  -6.733 0.0000000000
5866  16.452  -87.146  -6.464 0.0000000000
5867  15.748  -87.441  -6.508 0.0000000000
5871  10.627  -86.755  -6.135 0.0000000000
5879  17.303  -86.241  -7.404 0.0000000000
5880  16.715  -86.607  -7.241 0.0000000000
5881  15.743  -87.209  -7.351 0.0000000000
5884  12.436  -86.683  -7.097 0.0000000000
5895  12.283  -87.261  -7.456 0.0000000000
5896  12.013  -87.105  -7.290 0.0000000000
5901  12.203  -87.476  -7.826 0.0000000000
5902  12.000  -87.563  -8.008 0.0000000000
6181  33.121  -85.330  19.594 0.0000000000
6184  22.466  -85.918  19.343 0.0000000000
6185  22.013  -85.679  19.635 0.0000000000
6196  33.554  -85.285  18.581 0.0000000000
6197  27.250  -86.001  17.958 0.0000000000
6199  23.269  -86.063  18.223 0.0000000000
6200  22.655  -85.865  18.753 0.0000000000
6204  18.381  -85.839  18.234 0.0000000000
6217  27.445  -86.141  17.185 0.0000000000
6218  27.150  -85.633  16.822 0.0000000000
6219  22.995  -85.823  17.671 0.0000000000
6220  22.114  -85.501  17.734 0.0000000000
6224  18.434  -86.031  17.377 0.0000000000
6235  27.348  -85.957  16.195 0.0000000000
6236  26.909  -85.363  16.413 0.0000000000
6237  22.515  -85.771  17.022 0.0000000000
6238  21.655  -85.680  16.842 0.0000000000
6241  18.700  -86.027  16.970 0.0000000000
6242  18.428  -86.174  17.069 0.0000000000
6253  26.792  -86.180  13.738 0.0000000000
6254  26.259  -85.562  13.793 0.0000000000
6262  26.120  -86.138  13.334 0.0000000000
6292  31.184  -85.520  9.000 0.0000000000
6293  30.358  -85.544  9.119 0.0000000000
6294  29.833  -85.830  8.846 0.0000000000
6304  33.231  -86.039  7.637 0.0000000000
6305  32.853  -85.681  7.802 0.0000000000
6306  32.021  -85.421  8.322 0.0000000000
6307  29.496  -86.247  8.479 0.0000000000
6308  28.879  -86.183  8.081 0.0000000000
6309  28.177  -85.765  7.815 0.0000000000
6322  33.892  -85.490  7.537 0.0000000000
6323  33.440  -85.167  7.629 0.0000000000
6324  28.268  -86.512  7.739 0.0000000000
6325  27.512  -86.193  7.588 0.0000000000
6326  26.666  -86.196  7.509 0.0000000000
6327  25.887  -86.007  7.391 0.0000000000
6344  12.823  -85.697  6.037 0.0000000000
6345  12.145  -85.644  6.080 0.0000000000
6346  11.666  -85.747  5.924 0.0000000000
6356  13.268  -85.517  5.430 0.0000000000
6357  12.382  -85.365  5.487 0.0000000000
6358  11.800  -85.585  5.550 0.0000000000
6367  14.115  -85.608  4.046 0.0000000000
6368  13.691  -85.253  4.434 0.0000000000
6369  12.706  -84.986  4.840 0.0000000000
6370  11.582  -85.284  4.728 0.0000000000
6371  11.057  -85.649  4.653 0.0000000000
6381  14.273  -85.830  3.863 0.0000000000
6382  14.073  -85.491  3.389 0.0000000000
6383  11.114  -84.995  4.218 0.0000000000
6384  10.805  -85.466  4.057 0.0000000000
6397  14.231  -85.776  2.204 0.0000000000
6398  10.657  -85.917  2.855 0.0000000000
6409  17.617  -85.663  1.614 0.0000000000
6410  16.807  -85.686  1.490 0.0000000000
6411  14.270  -85.803  1.115 0.0000000000
6412  10.085  -85.640  1.704 0.0000000000
6413  9.672  -85.081  1.095 0.0000000000
6425  18.846  -85.715  0.171 0.0000000000
6426  18.439  -85.818  0.695 0.0000000000
6427  17.378  -86.075  0.860 0.0000000000
6428  16.383  -85.665  0.461 0.0000000000
6429  15.852  -85.164  0.250 0.0000000000
6430  13.764  -85.527  0.289 0.0000000000
6431  13.349  -85.274  0.279 0.0000000000
6432  9.735  -85.773  0.846 0.0000000000
6433  9.298  -85.141  0.439 0.0000000000
6442  18.991  -85.684  -0.381 0.0000000000
6443  18.700  -85.949  0.046 0.0000000000
6444  16.177  -85.833  -0.443 0.0000000000
6445  15.831  -85.276  -0.301 0.0000000000
6447  13.280  -85.461  -0.311 0.0000000000
6448  8.815  -85.100  -0.344 0.0000000000
6461  15.861  -85.667  -1.229 0.0000000000
6462  13.258  -85.346  -1.735 0.0000000000
6463  13.226  -85.366  -2.533 0.0000000000
6464  8.611  -85.688  -1.163 0.0000000000
6465  8.120  -85.406  -1.652 0.0000000000
6475  13.185  -85.842  -2.368 0.0000000000
6476  12.948  -85.792  -2.990 0.0000000000
6477  8.836  -86.444  -1.623 0.0000000000
6478  8.324  -86.236  -2.069 0.0000000000
6487  12.108  -86.230  -4.024 0.0000000000
6490  7.147  -85.685  -3.228 0.0000000000
6496  18.831  -85.807  -5.080 0.0000000000
6498  14.746  -85.914  -5.064 0.0000000000
6501  6.735  -85.502  -3.594 0.0000000000
6512  19.136  -85.468  -6.144 0.0000000000
6513  18.957  -85.703  -6.061 0.0000000000
6514  14.991  -85.265  -5.071 0.0000000000
6515  14.630  -85.413  -5.561 0.0000000000
6517  10.879  -86.480  -5.791 0.0000000000
6529  19.066  -85.474  -6.381 0.0000000000
6530  18.779  -85.581  -6.841 0.0000000000
6531  18.179  -86.016  -7.003 0.0000000000
6532  14.165  -85.351  -6.227 0.0000000000
6535  11.204  -85.664  -6.023 0.0000000000
6536  10.984  -86.279  -5.947 0.0000000000
6550  18.858  -85.145  -7.445 0.0000000000
6551  18.026  -85.710  -7.765 0.0000000000
6552  16.990  -86.191  -7.847 0.0000000000
6553  16.416  -86.573  -7.701 0.0000000000
6555  12.527  -85.489  -7.240 0.0000000000
6566  17.799  -85.228  -8.515 0.0000000000
6567  17.214  -85.606  -8.479 0.0000000000
6568  16.248  -86.276  -8.332 0.0000000000
6852  33.597  -85.173  17.690 0.0000000000
6853  33.024  -84.765  18.236 0.0000000000
6854  27.104  -85.633  17.487 0.0000000000
6855  26.817  -85.282  17.949 0.0000000000
6856  26.274  -84.639  18.208 0.0000000000
6867  33.276  -84.860  16.859 0.0000000000
6868  27.142  -85.633  17.162 0.0000000000
6869  26.837  -85.236  17.087 0.0000000000
6870  26.462  -84.777  17.471 0.0000000000
6887  26.334  -84.719  16.700 0.0000000000
6897  26.564  -84.983  16.090 0.0000000000
6898  26.049  -84.610  15.881 0.0000000000
6910  25.554  -84.531  14.180 0.0000000000
6947  31.400  -84.807  8.649 0.0000000000
6948  30.542  -84.435  9.045 0.0000000000
6950  28.168  -84.333  8.665 0.0000000000
6951  27.501  -84.219  8.465 0.0000000000
6963  35.002  -84.094  7.926 0.0000000000
6964  32.851  -84.843  7.720 0.0000000000
6965  32.053  -84.423  8.188 0.0000000000
6966  31.331  -84.110  8.609 0.0000000000
6967  29.264  -85.621  8.536 0.0000000000
6968  28.572  -85.240  8.327 0.0000000000
6969  27.465  -84.978  7.910 0.0000000000
6970  26.392  -84.590  7.943 0.0000000000
6971  25.438  -84.289  8.005 0.0000000000
6985  34.046  -84.825  7.640 0.0000000000
6986  33.514  -84.757  7.630 0.0000000000
6987  27.035  -85.657  7.607 0.0000000000
6988  26.513  -85.388  7.591 0.0000000000
6989  25.648  -85.138  7.590 0.0000000000
7020  17.574  -84.311  4.112 0.0000000000
7021  17.040  -84.447  4.206 0.0000000000
7022  16.209  -84.318  4.292 0.0000000000
7023  13.374  -84.761  4.095 0.0000000000
7024  13.017  -84.556  4.194 0.0000000000
7025  12.193  -84.566  4.246 0.0000000000
7032  18.353  -84.458  3.011 0.0000000000
7033  17.683  -84.616  3.465 0.0000000000
7034  16.556  -84.847  3.249 0.0000000000
7035  15.575  -84.089  3.602 0.0000000000
7036  13.366  -84.649  3.547 0.0000000000
7037  12.402  -84.093  3.455 0.0000000000
7038  11.309  -84.491  3.618 0.0000000000
7039  10.685  -85.036  3.334 0.0000000000
7051  13.639  -84.894  2.430 0.0000000000
7052  12.953  -84.227  2.592 0.0000000000
7053  11.092  -84.193  2.871 0.0000000000
7054  10.608  -84.592  2.556 0.0000000000
7063  16.245  -85.262  1.198 0.0000000000
7065  13.734  -85.153  1.236 0.0000000000
7066  13.160  -84.454  1.597 0.0000000000
7067  10.078  -84.331  1.325 0.0000000000
7068  9.655  -84.625  0.869 0.0000000000
7083  16.171  -85.312  0.804 0.0000000000
7084  15.876  -84.981  0.745 0.0000000000
7085  13.492  -85.190  0.570 0.0000000000
7086  13.207  -84.854  0.550 0.0000000000
7087  10.050  -83.900  0.877 0.0000000000
7103  19.197  -84.705  -0.543 0.0000000000
7104  19.191  -84.297  0.190 0.0000000000
7105  15.671  -84.564  0.031 0.0000000000
7106  12.989  -84.511  -0.408 0.0000000000
7107  9.106  -84.181  -0.050 0.0000000000
7119  19.156  -84.152  -1.423 0.0000000000
7120  18.998  -84.707  -1.893 0.0000000000
7121  15.613  -84.541  -0.937 0.0000000000
7122  12.989  -84.123  -1.629 0.0000000000
7123  13.207  -84.888  -2.356 0.0000000000
7124  8.563  -84.299  -0.854 0.0000000000
7125  8.183  -84.805  -1.428 0.0000000000
7136  19.029  -84.091  -2.118 0.0000000000
7137  18.882  -84.575  -2.661 0.0000000000
7138  15.484  -84.685  -2.251 0.0000000000
7139  13.113  -84.303  -2.924 0.0000000000
7140  13.218  -85.161  -3.035 0.0000000000
7141  8.270  -83.889  -1.603 0.0000000000
7154  12.566  -85.197  -3.888 0.0000000000
7157  6.931  -84.923  -3.455 0.0000000000
7172  6.684  -84.090  -3.936 0.0000000000
7173  5.876  -84.448  -4.384 0.0000000000
7184  19.223  -85.257  -6.246 0.0000000000
7185  19.263  -84.939  -5.607 0.0000000000
7187  14.642  -84.941  -5.931 0.0000000000
7192  5.592  -84.063  -5.129 0.0000000000
7200  19.146  -85.300  -6.567 0.0000000000
7201  19.291  -84.813  -6.704 0.0000000000
7205  11.289  -84.852  -6.301 0.0000000000
7218  19.007  -84.392  -7.567 0.0000000000
7219  18.634  -84.880  -7.932 0.0000000000
7222  11.925  -84.514  -7.778 0.0000000000
7231  18.690  -84.318  -8.039 0.0000000000
7232  18.270  -84.650  -8.447 0.0000000000
7233  17.514  -84.713  -9.011 0.0000000000
7234  16.654  -85.309  -9.051 0.0000000000
7235  15.975  -85.800  -9.031 0.0000000000
7236  13.071  -83.969  -8.278 0.0000000000
7245  16.864  -84.444  -9.373 0.0000000000
7256  15.983  -84.875  -10.046 0.0000000000
7257  15.300  -85.540  -9.793 0.0000000000
7574  25.006  -83.613  19.765 0.0000000000
7581  32.221  -83.887  19.375 0.0000000000
7583  25.326  -83.783  19.245 0.0000000000
7589  32.394  -83.892  18.423 0.0000000000
7590  32.050  -83.415  19.202 0.0000000000
7591  25.580  -84.021  18.358 0.0000000000
7592  24.778  -83.373  18.484 0.0000000000
7600  32.487  -84.211  16.889 0.0000000000
7601  32.180  -83.744  16.452 0.0000000000
7602  25.776  -84.303  17.323 0.0000000000
7603  24.911  -83.675  17.482 0.0000000000
7615  32.165  -83.763  15.688 0.0000000000
7616  25.729  -84.366  16.431 0.0000000000
7627  32.650  -83.949  14.925 0.0000000000
7629  25.461  -84.137  15.717 0.0000000000
7641  32.098  -83.256  14.408 0.0000000000
7642  31.812  -82.996  14.160 0.0000000000
7709  29.654  -83.647  9.170 0.0000000000
7710  28.626  -83.541  9.208 0.0000000000
7728  35.168  -83.589  8.193 0.0000000000
7729  34.276  -83.494  7.851 0.0000000000
7730  33.045  -83.756  7.748 0.0000000000
7733  27.002  -84.182  8.326 0.0000000000
7734  26.271  -83.781  8.449 0.0000000000
7744  34.578  -84.197  7.769 0.0000000000
7745  33.822  -84.274  7.645 0.0000000000
7746  33.319  -84.442  7.649 0.0000000000
7769  18.231  -83.482  5.051 0.0000000000
7770  17.553  -83.350  5.491 0.0000000000
7771  16.590  -83.084  5.689 0.0000000000
7772  15.965  -82.598  5.517 0.0000000000
7780  19.058  -83.575  4.044 0.0000000000
7781  18.386  -83.786  4.385 0.0000000000
7782  17.648  -83.982  4.674 0.0000000000
7783  16.737  -83.896  5.006 0.0000000000
7784  15.640  -83.392  4.847 0.0000000000
7791  19.105  -83.727  3.343 0.0000000000
7792  18.553  -84.110  3.602 0.0000000000
7793  17.978  -84.186  4.069 0.0000000000
7794  14.957  -83.106  3.732 0.0000000000
7795  14.674  -82.579  3.365 0.0000000000
7796  12.003  -83.782  3.023 0.0000000000
7797  11.781  -83.937  3.259 0.0000000000
7808  19.289  -83.637  2.962 0.0000000000
7809  18.942  -84.018  2.730 0.0000000000
7810  15.208  -83.515  2.636 0.0000000000
7811  14.752  -82.877  2.959 0.0000000000
7812  12.250  -83.910  2.578 0.0000000000
7813  11.537  -83.878  2.689 0.0000000000
7814  11.039  -84.061  2.489 0.0000000000
7832  18.891  -84.100  1.922 0.0000000000
7834  12.572  -84.078  1.888 0.0000000000
7835  11.973  -83.735  1.787 0.0000000000
7836  10.997  -83.775  1.806 0.0000000000
7856  19.158  -84.053  1.030 0.0000000000
7857  15.529  -83.934  0.809 0.0000000000
7858  12.640  -83.957  0.853 0.0000000000
7859  11.688  -83.293  0.844 0.0000000000
7860  10.436  -83.436  0.664 0.0000000000
7875  19.305  -83.644  -0.626 0.0000000000
7876  19.283  -83.589  0.234 0.0000000000
7878  12.527  -83.256  -0.410 0.0000000000
7879  11.345  -82.875  -0.117 0.0000000000
7880  10.371  -82.828  -0.582 0.0000000000
7881  9.359  -83.407  -0.724 0.0000000000
7899  21.763  -83.369  -1.224 0.0000000000
7900  19.212  -83.296  -1.522 0.0000000000
7901  15.478  -83.588  -1.495 0.0000000000
7902  12.757  -83.144  -1.517 0.0000000000
7903  9.751  -82.764  -1.581 0.0000000000
7904  8.891  -83.379  -1.328 0.0000000000
7923  19.063  -83.494  -1.983 0.0000000000
7924  18.872  -83.566  -2.595 0.0000000000
7925  15.412  -83.441  -2.447 0.0000000000
7926  12.921  -83.442  -2.287 0.0000000000
7961  27.129  -83.508  -3.813 0.0000000000
7962  26.499  -83.578  -4.123 0.0000000000
7963  25.571  -83.693  -4.316 0.0000000000
7964  24.572  -83.776  -4.255 0.0000000000
7965  23.583  -83.561  -4.335 0.0000000000
7966  22.910  -83.432  -4.047 0.0000000000
7967  18.793  -83.903  -4.713 0.0000000000
7982  24.973  -83.477  -4.839 0.0000000000
7983  24.246  -83.462  -4.870 0.0000000000
7984  23.779  -83.400  -4.891 0.0000000000
7985  19.044  -83.951  -6.036 0.0000000000
7988  11.589  -83.768  -6.052 0.0000000000
7989  11.194  -84.314  -6.131 0.0000000000
8002  19.285  -83.861  -7.011 0.0000000000
8004  14.614  -83.549  -7.258 0.0000000000
8006  11.346  -83.595  -6.827 0.0000000000
8007  11.053  -84.140  -6.552 0.0000000000
8019  18.946  -83.738  -7.636 0.0000000000
8020  18.779  -83.383  -7.721 0.0000000000
8021  14.446  -82.929  -7.762 0.0000000000
8022  13.829  -83.380  -8.099 0.0000000000
8032  18.845  -84.017  -7.889 0.0000000000
8033  18.587  -83.690  -8.157 0.0000000000
8034  18.013  -83.750  -8.881 0.0000000000
8046  17.326  -83.720  -9.304 0.0000000000
8047  16.707  -83.738  -9.653 0.0000000000
8053  16.354  -83.834  -10.018 0.0000000000
8424  31.437  -82.794  19.882 0.0000000000
8425  30.887  -82.124  20.363 0.0000000000
8427  23.852  -81.764  19.075 0.0000000000
8444  32.244  -83.567  17.355 0.0000000000
8445  32.017  -82.902  18.203 0.0000000000
8446  24.059  -82.528  18.663 0.0000000000
8447  23.565  -81.686  18.395 0.0000000000
8459  32.197  -83.691  16.794 0.0000000000
8460  31.826  -83.189  16.647 0.0000000000
8461  24.115  -82.999  17.618 0.0000000000
8462  23.562  -82.214  17.687 0.0000000000
8468  31.322  -82.855  15.391 0.0000000000
8469  30.875  -82.297  15.323 0.0000000000
8471  23.734  -82.499  16.787 0.0000000000
8487  31.953  -82.759  14.137 0.0000000000
8488  31.354  -82.411  14.069 0.0000000000
8526  36.920  -81.978  11.274 0.0000000000
8527  36.447  -82.129  11.212 0.0000000000
8537  36.016  -82.326  10.599 0.0000000000
8554  35.710  -82.605  9.461 0.0000000000
8555  35.226  -82.206  9.161 0.0000000000
8558  28.011  -82.494  9.389 0.0000000000
8573  35.535  -83.055  8.698 0.0000000000
8574  34.948  -82.642  8.580 0.0000000000
8575  33.764  -82.612  8.123 0.0000000000
8576  32.565  -82.565  8.097 0.0000000000
8577  31.435  -82.471  8.320 0.0000000000
8578  30.456  -82.384  8.567 0.0000000000
8610  20.048  -82.101  5.289 0.0000000000
8611  19.677  -82.259  5.356 0.0000000000
8612  18.622  -82.683  5.532 0.0000000000
8613  17.448  -82.436  5.830 0.0000000000
8614  16.594  -82.194  5.659 0.0000000000
8615  15.959  -81.955  5.452 0.0000000000
8624  20.240  -82.206  4.923 0.0000000000
8625  19.591  -82.893  4.594 0.0000000000
8626  18.808  -83.318  4.767 0.0000000000
8627  15.367  -82.233  5.125 0.0000000000
8628  14.865  -81.995  4.668 0.0000000000
8636  26.380  -82.204  3.213 0.0000000000
8643  19.659  -83.333  3.386 0.0000000000
8644  15.005  -82.622  4.513 0.0000000000
8645  14.570  -82.164  3.935 0.0000000000
8654  27.274  -82.323  2.018 0.0000000000
8655  26.606  -82.383  2.673 0.0000000000
8662  19.417  -83.502  2.430 0.0000000000
8663  19.085  -83.732  2.183 0.0000000000
8664  14.835  -82.830  2.290 0.0000000000
8665  14.505  -82.107  2.775 0.0000000000
8677  28.127  -82.247  1.079 0.0000000000
8682  22.641  -83.162  1.058 0.0000000000
8686  19.249  -83.638  1.718 0.0000000000
8687  15.206  -83.111  1.523 0.0000000000
8688  14.799  -82.373  1.681 0.0000000000
8695  29.178  -82.236  0.082 0.0000000000
8696  28.410  -82.510  0.340 0.0000000000
8703  19.476  -83.531  1.182 0.0000000000
8705  15.032  -82.562  1.085 0.0000000000
8715  29.562  -82.393  -0.673 0.0000000000
8716  28.608  -82.813  -0.674 0.0000000000
8721  19.504  -83.502  0.646 0.0000000000
8723  11.916  -82.601  -0.713 0.0000000000
8724  11.145  -82.541  -0.828 0.0000000000
8725  10.769  -82.560  -0.919 0.0000000000
8737  29.335  -82.639  -1.540 0.0000000000
8741  19.638  -82.963  -1.314 0.0000000000
8743  12.405  -82.685  -1.208 0.0000000000
8744  11.776  -82.285  -1.348 0.0000000000
8745  10.776  -82.318  -1.363 0.0000000000
8756  29.188  -82.893  -2.566 0.0000000000
8759  20.146  -82.501  -2.240 0.0000000000
8760  19.187  -82.707  -2.435 0.0000000000
8761  18.661  -82.962  -3.061 0.0000000000
8763  12.625  -82.430  -2.187 0.0000000000
8776  29.822  -82.620  -3.457 0.0000000000
8779  27.498  -83.414  -3.821 0.0000000000
8780  22.337  -83.208  -3.764 0.0000000000
8782  20.219  -81.987  -3.379 0.0000000000
8783  18.717  -82.303  -3.282 0.0000000000
8797  30.041  -82.431  -4.277 0.0000000000
8800  27.364  -83.285  -4.473 0.0000000000
8801  26.531  -83.351  -4.792 0.0000000000
8802  26.097  -83.471  -4.630 0.0000000000
8803  23.429  -83.275  -4.962 0.0000000000
8804  22.747  -83.132  -4.656 0.0000000000
8806  20.940  -82.245  -4.271 0.0000000000
8811  8.811  -82.040  -4.222 0.0000000000
8824  26.870  -83.029  -5.377 0.0000000000
8825  25.789  -83.216  -5.215 0.0000000000
8826  24.704  -83.170  -5.431 0.0000000000
8827  23.895  -83.246  -5.342 0.0000000000
8828  23.186  -83.019  -5.529 0.0000000000
8829  22.149  -82.479  -5.449 0.0000000000
8830  21.474  -82.280  -4.866 0.0000000000
8834  12.026  -82.987  -6.032 0.0000000000
8835  8.591  -81.797  -4.845 0.0000000000
8850  25.248  -82.737  -6.065 0.0000000000
8851  24.081  -82.876  -6.142 0.0000000000
8852  23.051  -82.497  -6.236 0.0000000000
8853  22.341  -82.222  -6.341 0.0000000000
8854  19.103  -83.202  -6.609 0.0000000000
8857  15.202  -82.934  -6.844 0.0000000000
8858  12.232  -82.515  -6.286 0.0000000000
8859  11.769  -83.016  -6.578 0.0000000000
8867  30.430  -82.306  -7.011 0.0000000000
8869  18.953  -83.299  -7.314 0.0000000000
8871  15.413  -82.335  -6.823 0.0000000000
8872  15.002  -82.470  -7.488 0.0000000000
8874  12.185  -82.339  -6.904 0.0000000000
8881  29.935  -82.157  -7.618 0.0000000000
8882  29.364  -82.444  -7.965 0.0000000000
8884  18.172  -82.930  -8.460 0.0000000000
8885  17.625  -82.935  -8.981 0.0000000000
8897  17.156  -82.929  -9.498 0.0000000000
8898  16.740  -82.932  -9.912 0.0000000000
8902  22.342  -82.557  -10.065 0.0000000000
9238  29.397  -81.348  21.744 0.0000000000
9247  30.314  -81.651  20.892 0.0000000000
9248  29.901  -81.107  21.168 0.0000000000
9259  31.183  -81.696  19.638 0.0000000000
9260  30.780  -81.630  20.233 0.0000000000
9261  23.999  -81.173  19.488 0.0000000000
9262  23.655  -81.089  18.862 0.0000000000
9276  31.479  -82.034  18.646 0.0000000000
9277  23.460  -80.978  18.267 0.0000000000
9288  31.448  -82.046  17.293 0.0000000000
9289  31.064  -81.419  16.817 0.0000000000
9290  23.419  -81.336  17.631 0.0000000000
9300  31.391  -82.546  16.315 0.0000000000
9301  31.057  -81.967  16.049 0.0000000000
9302  23.447  -81.772  16.936 0.0000000000
9313  30.557  -81.760  15.290 0.0000000000
9314  23.877  -82.244  15.525 0.0000000000
9315  23.662  -81.888  15.874 0.0000000000
9324  31.621  -81.801  14.194 0.0000000000
9326  23.864  -82.174  15.239 0.0000000000
9367  35.929  -81.813  11.465 0.0000000000
9378  35.497  -81.622  10.704 0.0000000000
9380  26.905  -80.891  9.813 0.0000000000
9397  35.609  -82.049  10.127 0.0000000000
9398  35.039  -81.568  9.662 0.0000000000
9399  34.358  -81.151  9.220 0.0000000000
9402  27.437  -81.566  9.574 0.0000000000
9411  34.950  -82.016  9.011 0.0000000000
9412  34.332  -81.732  8.777 0.0000000000
9413  33.217  -81.585  8.306 0.0000000000
9414  32.062  -81.520  8.219 0.0000000000
9415  30.956  -81.500  8.357 0.0000000000
9417  29.135  -81.110  8.705 0.0000000000
9448  20.067  -81.740  5.411 0.0000000000
9450  18.186  -81.626  5.964 0.0000000000
9451  17.275  -81.585  5.600 0.0000000000
9452  16.433  -81.435  5.310 0.0000000000
9453  15.552  -81.323  5.235 0.0000000000
9454  14.926  -81.048  5.128 0.0000000000
9464  26.322  -81.196  4.146 0.0000000000
9465  25.805  -81.330  4.290 0.0000000000
9467  23.860  -81.369  4.494 0.0000000000
9468  22.829  -81.159  4.359 0.0000000000
9469  21.829  -81.098  4.359 0.0000000000
9470  20.849  -81.425  4.727 0.0000000000
9471  16.988  -81.258  5.100 0.0000000000
9472  16.709  -81.003  4.847 0.0000000000
9473  14.992  -81.597  5.034 0.0000000000
9474  14.533  -81.288  4.590 0.0000000000
9483  27.242  -81.491  3.135 0.0000000000
9484  26.487  -81.688  3.552 0.0000000000
9491  14.024  -81.179  3.616 0.0000000000
9492  13.766  -80.824  3.291 0.0000000000
9507  28.271  -81.491  2.180 0.0000000000
9508  27.430  -81.793  2.516 0.0000000000
9509  26.949  -81.844  2.983 0.0000000000
9510  13.931  -81.280  2.613 0.0000000000
9511  13.742  -81.014  3.081 0.0000000000
9523  29.159  -81.544  1.279 0.0000000000
9524  28.526  -81.757  1.486 0.0000000000
9526  14.385  -81.643  1.751 0.0000000000
9535  31.101  -81.128  0.237 0.0000000000
9536  30.388  -81.461  0.361 0.0000000000
9537  29.642  -81.639  0.708 0.0000000000
9538  28.819  -81.948  0.806 0.0000000000
9554  29.963  -81.988  -0.096 0.0000000000
9556  14.679  -81.696  -0.297 0.0000000000
9581  30.702  -82.372  -3.012 0.0000000000
9582  19.508  -81.952  -2.842 0.0000000000
9599  32.106  -81.545  -3.785 0.0000000000
9600  31.229  -82.130  -3.850 0.0000000000
9601  30.504  -82.396  -3.875 0.0000000000
9617  32.097  -81.418  -4.551 0.0000000000
9618  31.466  -81.666  -4.795 0.0000000000
9619  30.520  -82.157  -4.667 0.0000000000
9620  29.918  -82.338  -4.738 0.0000000000
9626  11.312  -81.016  -4.574 0.0000000000
9627  10.101  -81.158  -4.601 0.0000000000
9628  9.429  -81.630  -4.552 0.0000000000
9640  30.501  -81.774  -5.527 0.0000000000
9641  29.685  -82.206  -5.363 0.0000000000
9644  21.683  -82.122  -6.172 0.0000000000
9645  20.892  -82.032  -5.467 0.0000000000
9649  12.403  -81.466  -5.243 0.0000000000
9650  11.984  -81.118  -4.863 0.0000000000
9651  9.882  -80.850  -5.482 0.0000000000
9652  9.145  -81.422  -5.083 0.0000000000
9653  8.430  -81.659  -5.235 0.0000000000
9662  30.150  -81.763  -5.898 0.0000000000
9663  29.817  -81.847  -5.983 0.0000000000
9664  29.032  -81.968  -6.163 0.0000000000
9665  28.005  -82.257  -6.227 0.0000000000
9666  26.844  -82.124  -6.653 0.0000000000
9667  25.804  -82.235  -6.675 0.0000000000
9668  24.788  -82.318  -6.790 0.0000000000
9669  23.763  -82.256  -6.878 0.0000000000
9670  22.849  -82.064  -6.907 0.0000000000
9671  22.013  -81.907  -6.869 0.0000000000
9672  21.150  -81.730  -6.636 0.0000000000
9677  12.431  -81.697  -6.195 0.0000000000
9678  9.827  -80.735  -5.861 0.0000000000
9679  9.416  -80.863  -5.829 0.0000000000
9680  8.423  -81.324  -5.937 0.0000000000
9685  30.100  -81.822  -7.234 0.0000000000
9686  26.190  -81.816  -7.099 0.0000000000
9687  25.397  -81.831  -7.273 0.0000000000
9688  24.405  -81.809  -7.388 0.0000000000
9689  23.447  -81.721  -7.426 0.0000000000
9690  22.546  -81.626  -7.471 0.0000000000
9691  21.610  -81.520  -7.541 0.0000000000
9695  18.526  -82.350  -8.187 0.0000000000
9696  15.429  -81.630  -7.098 0.0000000000
9697  14.872  -81.458  -7.816 0.0000000000
9706  29.708  -81.726  -7.985 0.0000000000
9707  28.919  -81.828  -8.059 0.0000000000
9711  18.534  -81.828  -8.533 0.0000000000
9712  18.000  -82.139  -8.900 0.0000000000
9713  17.461  -82.359  -9.283 0.0000000000
9723  17.616  -81.938  -9.393 0.0000000000
9724  17.251  -82.261  -9.684 0.0000000000
9725  16.901  -82.504  -9.934 0.0000000000
10106  29.151  -80.254  21.508 0.0000000000
10107  28.722  -80.136  21.903 0.0000000000
10119  30.195  -80.677  20.647 0.0000000000
10120  29.685  -80.688  21.183 0.0000000000
10121  24.482  -80.043  20.395 0.0000000000
10131  31.130  -81.138  19.377 0.0000000000
10132  30.717  -81.074  19.960 0.0000000000
10134  23.839  -80.665  19.135 0.0000000000
10144  31.334  -81.272  18.767 0.0000000000
10145  31.071  -80.615  19.074 0.0000000000
10155  31.398  -81.531  18.101 0.0000000000
10156  31.115  -80.850  17.743 0.0000000000
10171  30.468  -80.900  16.296 0.0000000000
10172  29.779  -80.342  15.700 0.0000000000
10173  23.314  -80.735  16.741 0.0000000000
10188  30.170  -80.934  15.098 0.0000000000
10224  29.943  -80.324  13.840 0.0000000000
10225  29.690  -80.080  13.928 0.0000000000
10268  35.545  -81.372  11.317 0.0000000000
10270  27.063  -80.368  9.694 0.0000000000
10271  26.531  -80.152  9.934 0.0000000000
10272  25.656  -80.207  10.317 0.0000000000
10287  34.315  -80.603  9.587 0.0000000000
10289  27.685  -80.477  9.425 0.0000000000
10290  27.148  -79.906  9.618 0.0000000000
10300  33.699  -80.696  8.885 0.0000000000
10301  32.655  -80.558  8.416 0.0000000000
10302  31.550  -80.504  8.304 0.0000000000
10303  30.483  -80.558  8.352 0.0000000000
10304  29.583  -80.521  8.510 0.0000000000
10305  28.833  -80.420  8.752 0.0000000000
10333  18.730  -80.228  6.217 0.0000000000
10334  18.453  -80.372  6.111 0.0000000000
10343  25.799  -80.201  5.183 0.0000000000
10344  24.989  -80.095  5.418 0.0000000000
10345  23.970  -80.031  5.617 0.0000000000
10346  22.842  -79.763  5.605 0.0000000000
10347  21.765  -79.828  5.414 0.0000000000
10348  20.868  -80.029  5.504 0.0000000000
10349  20.006  -80.676  5.776 0.0000000000
10352  17.336  -81.129  5.281 0.0000000000
10353  16.134  -80.496  5.089 0.0000000000
10354  15.237  -80.481  5.239 0.0000000000
10355  14.645  -80.468  4.982 0.0000000000
10365  28.018  -80.241  4.212 0.0000000000
10366  27.127  -80.489  4.515 0.0000000000
10367  26.250  -80.713  4.609 0.0000000000
10368  25.372  -80.793  4.881 0.0000000000
10369  24.415  -80.741  5.005 0.0000000000
10370  23.372  -80.613  5.025 0.0000000000
10371  22.331  -80.494  4.938 0.0000000000
10372  21.395  -80.572  5.005 0.0000000000
10373  20.790  -80.659  5.249 0.0000000000
10375  17.227  -80.863  4.656 0.0000000000
10376  16.783  -80.513  4.453 0.0000000000
10377  14.117  -80.434  4.333 0.0000000000
10378  13.858  -80.005  4.057 0.0000000000
10391  29.152  -80.187  3.227 0.0000000000
10392  28.364  -80.564  3.403 0.0000000000
10393  27.408  -80.948  3.689 0.0000000000
10394  26.730  -81.028  4.121 0.0000000000
10395  17.699  -80.194  4.056 0.0000000000
10396  17.341  -80.300  4.119 0.0000000000
10397  17.043  -80.482  4.166 0.0000000000
10398  13.964  -80.701  3.894 0.0000000000
10399  13.824  -80.479  3.664 0.0000000000
10414  30.029  -80.020  2.554 0.0000000000
10415  28.940  -80.840  2.537 0.0000000000
10416  27.927  -81.172  2.902 0.0000000000
10417  13.724  -81.030  2.422 0.0000000000
10418  13.594  -80.653  2.743 0.0000000000
10429  31.326  -79.936  1.228 0.0000000000
10430  30.851  -80.032  1.672 0.0000000000
10431  29.808  -80.952  1.555 0.0000000000
10432  28.967  -81.363  1.835 0.0000000000
10433  13.828  -81.099  1.947 0.0000000000
10447  32.106  -80.032  0.200 0.0000000000
10448  31.624  -80.210  0.581 0.0000000000
10449  30.665  -80.851  0.903 0.0000000000
10450  30.140  -81.251  0.899 0.0000000000
10451  14.135  -81.186  0.763 0.0000000000
10466  31.898  -80.496  -0.056 0.0000000000
10467  14.084  -80.880  -0.651 0.0000000000
10479  33.473  -80.277  -2.114 0.0000000000
10495  33.053  -80.733  -2.511 0.0000000000
10525  32.036  -81.392  -4.877 0.0000000000
10528  11.203  -80.887  -5.101 0.0000000000
10529  10.855  -80.897  -4.908 0.0000000000
10540  31.796  -81.404  -5.416 0.0000000000
10541  30.909  -81.522  -5.762 0.0000000000
10544  12.292  -81.143  -5.799 0.0000000000
10545  11.763  -80.875  -5.437 0.0000000000
10546  10.771  -80.744  -5.425 0.0000000000
10556  30.970  -81.449  -6.276 0.0000000000
10557  30.085  -81.720  -6.164 0.0000000000
10558  29.276  -81.644  -6.575 0.0000000000
10559  28.348  -81.605  -6.886 0.0000000000
10560  27.459  -81.667  -7.005 0.0000000000
10561  26.738  -81.613  -7.189 0.0000000000
10563  12.178  -80.863  -6.354 0.0000000000
10564  11.326  -80.541  -6.315 0.0000000000
10565  10.144  -80.558  -6.200 0.0000000000
10571  30.439  -81.543  -6.944 0.0000000000
10572  29.711  -81.419  -7.511 0.0000000000
10573  27.673  -81.321  -7.360 0.0000000000
10574  27.005  -81.254  -7.486 0.0000000000
10575  26.095  -81.400  -7.574 0.0000000000
10576  25.021  -81.423  -7.880 0.0000000000
10577  24.019  -81.383  -7.891 0.0000000000
10578  23.114  -81.393  -7.993 0.0000000000
10579  22.261  -81.297  -8.056 0.0000000000
10582  19.520  -81.583  -8.188 0.0000000000
10583  18.972  -81.638  -8.456 0.0000000000
10584  15.266  -80.662  -7.314 0.0000000000
10597  29.195  -81.231  -8.009 0.0000000000
10600  24.468  -81.039  -8.281 0.0000000000
10601  23.679  -81.098  -8.284 0.0000000000
10606  19.264  -81.426  -8.757 0.0000000000
10607  18.647  -81.563  -8.893 0.0000000000
10608  18.292  -81.713  -8.935 0.0000000000
10620  18.894  -81.378  -8.907 0.0000000000
10621  18.183  -81.641  -9.388 0.0000000000
10622  17.566  -81.781  -9.465 0.0000000000
10626  22.917  -81.448  -9.955 0.0000000000
10631  18.230  -81.646  -9.829 0.0000000000
11017  28.164  -79.478  22.206 0.0000000000
11030  29.233  -79.353  21.139 0.0000000000
11031  28.565  -79.444  21.754 0.0000000000
11032  28.058  -79.111  21.994 0.0000000000
11050  30.217  -80.220  20.451 0.0000000000
11051  29.853  -79.952  20.705 0.0000000000
11052  25.364  -78.702  20.894 0.0000000000
11053  24.856  -79.287  20.910 0.0000000000
11073  30.503  -80.068  19.902 0.0000000000
11074  30.110  -79.343  20.058 0.0000000000
11075  25.330  -78.759  20.272 0.0000000000
11076  24.796  -79.388  19.902 0.0000000000
11096  25.202  -78.791  19.492 0.0000000000
11109  30.326  -79.878  17.326 0.0000000000
11110  29.299  -79.129  17.221 0.0000000000
11112  24.198  -78.775  18.090 0.0000000000
11113  23.492  -79.450  17.511 0.0000000000
11125  29.821  -79.940  16.443 0.0000000000
11126  29.108  -79.583  15.846 0.0000000000
11127  28.564  -78.946  15.853 0.0000000000
11140  28.587  -79.179  15.200 0.0000000000
11141  22.701  -79.985  15.416 0.0000000000
11173  29.553  -79.687  13.982 0.0000000000
11174  29.227  -79.435  14.293 0.0000000000
11206  24.871  -78.970  11.061 0.0000000000
11207  24.469  -79.038  11.168 0.0000000000
11224  26.098  -79.494  10.287 0.0000000000
11225  25.213  -79.261  10.797 0.0000000000
11235  32.954  -79.119  8.977 0.0000000000
11236  28.387  -79.801  8.947 0.0000000000
11237  27.671  -79.372  9.317 0.0000000000
11238  26.811  -79.132  9.785 0.0000000000
11251  33.084  -79.823  8.769 0.0000000000
11252  32.140  -79.382  8.575 0.0000000000
11253  31.004  -79.590  8.377 0.0000000000
11254  30.046  -79.674  8.407 0.0000000000
11255  29.276  -79.775  8.571 0.0000000000
11256  28.836  -79.839  8.709 0.0000000000
11276  18.568  -80.059  6.127 0.0000000000
11277  18.343  -80.222  5.945 0.0000000000
11282  26.890  -79.011  5.557 0.0000000000
11283  25.737  -79.336  5.700 0.0000000000
11284  24.571  -79.244  5.796 0.0000000000
11285  23.604  -79.163  5.923 0.0000000000
11286  22.842  -78.924  6.019 0.0000000000
11287  22.069  -78.979  5.717 0.0000000000
11288  21.118  -79.163  5.774 0.0000000000
11289  20.173  -79.425  5.997 0.0000000000
11290  19.056  -79.764  6.282 0.0000000000
11291  18.398  -79.837  5.744 0.0000000000
11292  16.075  -79.463  5.012 0.0000000000
11293  15.494  -79.750  5.245 0.0000000000
11294  14.880  -79.743  5.262 0.0000000000
11304  29.169  -78.893  4.323 0.0000000000
11305  28.557  -79.329  4.456 0.0000000000
11306  27.554  -79.670  4.923 0.0000000000
11307  26.594  -79.964  5.172 0.0000000000
11308  18.067  -80.036  5.040 0.0000000000
11309  16.494  -79.875  4.534 0.0000000000
11310  14.433  -79.768  4.923 0.0000000000
11311  14.018  -79.516  4.509 0.0000000000
11327  29.513  -79.330  3.621 0.0000000000
11328  28.740  -79.956  3.810 0.0000000000
11330  17.624  -79.953  3.595 0.0000000000
11331  16.957  -79.873  3.677 0.0000000000
11332  13.531  -79.630  3.639 0.0000000000
11333  13.082  -79.307  3.207 0.0000000000
11348  30.344  -79.101  2.886 0.0000000000
11350  17.491  -79.684  2.686 0.0000000000
11351  16.860  -79.349  2.507 0.0000000000
11352  13.214  -79.986  2.508 0.0000000000
11366  17.270  -79.324  1.760 0.0000000000
11367  16.770  -78.861  1.622 0.0000000000
11380  17.475  -79.164  1.071 0.0000000000
11381  16.982  -78.985  1.113 0.0000000000
11382  16.768  -78.780  1.174 0.0000000000
11393  33.436  -79.343  -0.828 0.0000000000
11394  32.831  -79.637  -0.420 0.0000000000
11408  33.818  -79.627  -1.707 0.0000000000
11409  33.103  -79.974  -1.171 0.0000000000
11410  26.510  -79.210  -2.404 0.0000000000
11448  35.749  -79.814  -3.551 0.0000000000
11453  25.808  -79.488  -3.517 0.0000000000
11454  25.013  -79.609  -3.490 0.0000000000
11472  25.545  -79.294  -4.136 0.0000000000
11473  24.929  -79.292  -4.227 0.0000000000
11496  30.140  -81.565  -6.698 0.0000000000
11497  29.511  -81.486  -6.916 0.0000000000
11498  28.767  -81.333  -7.203 0.0000000000
11499  28.055  -81.222  -7.430 0.0000000000
11506  29.755  -81.457  -7.152 0.0000000000
11507  29.089  -81.068  -7.613 0.0000000000
11508  28.241  -80.947  -7.733 0.0000000000
11509  27.427  -80.925  -7.789 0.0000000000
11510  26.504  -80.947  -7.914 0.0000000000
11511  25.631  -81.148  -8.030 0.0000000000
11512  25.039  -81.123  -8.231 0.0000000000
11513  15.160  -79.957  -7.537 0.0000000000
11514  14.773  -79.311  -7.670 0.0000000000
11524  28.850  -80.896  -8.046 0.0000000000
11525  28.369  -80.700  -8.054 0.0000000000
11526  27.627  -80.632  -8.188 0.0000000000
11527  26.712  -80.494  -8.433 0.0000000000
11528  25.893  -80.740  -8.286 0.0000000000
11529  24.992  -80.776  -8.458 0.0000000000
11530  24.092  -80.549  -8.673 0.0000000000
11545  27.896  -80.623  -8.452 0.0000000000
11547  26.068  -80.679  -9.067 0.0000000000
11555  19.221  -81.319  -9.497 0.0000000000
11556  18.735  -81.436  -9.484 0.0000000000
11557  25.677  -80.562  -9.173 0.0000000000
11558  25.350  -80.727  -9.404 0.0000000000
11559  24.623  -80.652  -10.005 0.0000000000
11951  27.296  -78.482  21.981 0.0000000000
11952  26.818  -78.480  22.289 0.0000000000
11953  26.289  -78.601  22.491 0.0000000000
11966  29.236  -78.817  20.869 0.0000000000
11967  28.796  -78.702  21.174 0.0000000000
11968  27.864  -78.419  21.518 0.0000000000
11969  26.868  -78.053  21.599 0.0000000000
11987  29.635  -79.024  20.523 0.0000000000
11988  29.113  -78.345  20.432 0.0000000000
11989  28.436  -78.196  20.830 0.0000000000
11990  26.862  -77.757  20.863 0.0000000000
11991  26.054  -78.206  20.845 0.0000000000
12010  29.779  -78.658  19.588 0.0000000000
12011  28.862  -78.015  19.441 0.0000000000
12012  28.018  -77.771  19.329 0.0000000000
12013  27.010  -77.701  19.884 0.0000000000
12014  25.928  -78.312  19.652 0.0000000000
12030  29.424  -78.553  18.444 0.0000000000
12031  28.493  -78.163  18.491 0.0000000000
12032  27.556  -77.867  18.574 0.0000000000
12035  24.837  -78.429  18.339 0.0000000000
12052  26.232  -77.766  17.984 0.0000000000
12053  25.397  -77.927  17.985 0.0000000000
12054  24.673  -78.078  17.769 0.0000000000
12055  23.963  -78.228  17.396 0.0000000000
12064  28.147  -78.489  16.285 0.0000000000
12065  27.360  -77.921  16.717 0.0000000000
12066  26.762  -77.680  17.348 0.0000000000
12067  23.259  -78.354  16.709 0.0000000000
12073  28.304  -78.573  15.497 0.0000000000
12103  29.628  -78.902  13.869 0.0000000000
12104  29.077  -79.051  14.175 0.0000000000
12140  24.894  -78.615  11.240 0.0000000000
12150  26.167  -78.630  10.370 0.0000000000
12151  25.577  -78.185  10.894 0.0000000000
12162  32.496  -78.495  8.988 0.0000000000
12163  29.232  -78.301  8.680 0.0000000000
12165  27.527  -78.296  9.463 0.0000000000
12166  26.761  -78.063  9.898 0.0000000000
12180  31.931  -78.438  8.709 0.0000000000
12181  31.324  -78.704  8.559 0.0000000000
12182  30.464  -78.818  8.496 0.0000000000
12183  29.504  -78.850  8.584 0.0000000000
12184  28.897  -79.367  8.682 0.0000000000
12199  23.668  -77.929  6.015 0.0000000000
12200  23.150  -77.876  6.001 0.0000000000
12201  22.826  -77.694  5.911 0.0000000000
12202  20.022  -77.937  6.206 0.0000000000
12203  19.674  -77.872  6.118 0.0000000000
12214  28.148  -77.762  5.463 0.0000000000
12215  27.189  -77.956  5.694 0.0000000000
12216  26.123  -78.168  5.889 0.0000000000
12217  25.011  -78.334  5.962 0.0000000000
12218  24.064  -78.435  6.014 0.0000000000
12219  23.303  -78.404  6.054 0.0000000000
12220  22.460  -78.082  6.009 0.0000000000
12221  21.352  -78.264  5.925 0.0000000000
12222  20.446  -78.468  6.066 0.0000000000
12223  19.509  -78.491  6.136 0.0000000000
12224  18.688  -78.920  5.738 0.0000000000
12225  16.043  -78.886  5.056 0.0000000000
12226  15.545  -79.044  5.276 0.0000000000
12227  15.118  -79.290  5.346 0.0000000000
12242  29.640  -78.462  4.205 0.0000000000
12243  28.851  -78.331  4.845 0.0000000000
12244  27.914  -78.720  5.255 0.0000000000
12245  18.265  -79.296  4.955 0.0000000000
12246  16.388  -78.838  4.390 0.0000000000
12247  15.739  -78.383  4.990 0.0000000000
12248  14.680  -78.739  5.139 0.0000000000
12249  13.817  -78.671  4.378 0.0000000000
12268  18.374  -79.011  3.868 0.0000000000
12269  16.572  -78.941  3.253 0.0000000000
12270  13.282  -78.669  3.816 0.0000000000
12271  12.754  -78.703  3.457 0.0000000000
12288  16.576  -78.488  2.475 0.0000000000
12305  25.442  -78.067  0.756 0.0000000000
12306  24.906  -78.265  0.895 0.0000000000
12310  16.445  -78.242  1.748 0.0000000000
12327  26.302  -78.403  -0.183 0.0000000000
12328  25.400  -78.500  0.085 0.0000000000
12329  24.444  -78.622  0.050 0.0000000000
12333  17.149  -78.830  0.398 0.0000000000
12346  37.775  -78.046  -0.832 0.0000000000
12347  35.226  -78.171  -0.821 0.0000000000
12348  34.399  -78.451  -0.697 0.0000000000
12349  33.679  -78.717  -0.469 0.0000000000
12350  33.056  -79.052  -0.059 0.0000000000
12351  27.430  -78.257  -1.236 0.0000000000
12352  26.744  -78.742  -0.985 0.0000000000
12355  23.930  -79.000  -1.031 0.0000000000
12359  16.718  -78.567  -0.369 0.0000000000
12365  37.745  -78.417  -1.431 0.0000000000
12369  34.092  -78.965  -1.256 0.0000000000
12372  26.979  -78.763  -1.828 0.0000000000
12373  26.283  -79.174  -1.624 0.0000000000
12374  23.880  -79.277  -2.106 0.0000000000
12375  23.148  -78.712  -1.891 0.0000000000
12390  24.314  -79.474  -2.888 0.0000000000
12391  23.586  -78.894  -3.100 0.0000000000
12392  18.239  -78.595  -2.237 0.0000000000
12402  26.215  -78.800  -4.045 0.0000000000
12404  23.837  -78.799  -4.110 0.0000000000
12419  26.312  -78.984  -4.057 0.0000000000
12420  25.869  -78.887  -4.404 0.0000000000
12421  25.241  -78.932  -4.631 0.0000000000
12422  24.500  -78.803  -4.618 0.0000000000
12423  23.772  -78.478  -4.819 0.0000000000
12436  24.890  -78.409  -4.991 0.0000000000
12437  24.296  -78.209  -5.264 0.0000000000
12438  23.769  -78.022  -5.338 0.0000000000
12450  18.483  -78.327  -6.118 0.0000000000
12461  14.218  -78.644  -7.617 0.0000000000
12467  26.396  -80.154  -8.780 0.0000000000
12468  25.964  -80.215  -8.714 0.0000000000
12469  25.111  -80.412  -8.699 0.0000000000
12471  14.311  -78.902  -8.059 0.0000000000
12481  26.639  -80.155  -8.840 0.0000000000
12482  26.147  -80.197  -9.019 0.0000000000
12487  25.877  -80.440  -9.101 0.0000000000
12488  25.456  -80.311  -9.192 0.0000000000
12489  24.868  -80.273  -9.468 0.0000000000
12493  23.263  -80.623  -9.765 0.0000000000
12903  27.623  -77.846  21.073 0.0000000000
12904  27.304  -77.835  21.201 0.0000000000
12922  28.447  -77.871  20.210 0.0000000000
12923  27.899  -77.805  20.702 0.0000000000
12924  27.350  -77.691  20.682 0.0000000000
12941  28.304  -77.779  19.741 0.0000000000
12942  27.866  -77.648  20.025 0.0000000000
12943  27.514  -77.654  20.321 0.0000000000
12962  26.400  -77.528  17.425 0.0000000000
12963  25.938  -77.430  17.513 0.0000000000
12964  25.192  -77.484  17.468 0.0000000000
12965  24.516  -77.597  17.302 0.0000000000
12978  27.074  -77.623  16.474 0.0000000000
12979  26.612  -77.397  16.757 0.0000000000
12980  25.761  -77.048  17.012 0.0000000000
12982  23.914  -77.258  16.753 0.0000000000
12995  26.730  -77.025  15.966 0.0000000000
13017  29.370  -77.420  14.244 0.0000000000
13018  28.630  -77.620  14.643 0.0000000000
13019  27.988  -77.727  15.211 0.0000000000
13037  29.103  -78.270  14.111 0.0000000000
13064  24.992  -77.723  11.502 0.0000000000
13065  24.442  -77.715  11.891 0.0000000000
13077  26.666  -76.931  10.261 0.0000000000
13078  26.374  -77.561  10.348 0.0000000000
13079  25.715  -77.244  10.989 0.0000000000
13095  32.070  -77.698  8.995 0.0000000000
13096  31.281  -77.339  8.860 0.0000000000
13097  30.392  -77.317  8.777 0.0000000000
13098  29.343  -77.589  8.807 0.0000000000
13100  27.154  -77.189  9.814 0.0000000000
13101  26.758  -77.602  9.996 0.0000000000
13113  31.514  -78.017  8.687 0.0000000000
13114  30.845  -78.034  8.615 0.0000000000
13115  30.022  -78.124  8.628 0.0000000000
13116  29.534  -78.206  8.651 0.0000000000
13132  23.781  -77.735  5.887 0.0000000000
13133  23.521  -77.672  5.851 0.0000000000
13134  23.075  -77.558  5.832 0.0000000000
13135  20.154  -77.714  6.119 0.0000000000
13136  19.908  -77.672  6.097 0.0000000000
13151  29.067  -76.999  5.276 0.0000000000
13152  28.418  -76.948  5.505 0.0000000000
13153  27.545  -76.993  5.772 0.0000000000
13154  26.502  -77.104  5.897 0.0000000000
13155  25.386  -77.337  5.798 0.0000000000
13156  24.138  -77.561  5.778 0.0000000000
13157  23.304  -77.270  5.604 0.0000000000
13158  22.566  -77.302  5.694 0.0000000000
13159  21.583  -77.365  5.773 0.0000000000
13160  20.409  -77.532  5.969 0.0000000000
13161  19.364  -77.530  5.656 0.0000000000
13162  18.899  -78.204  5.749 0.0000000000
13177  30.400  -77.296  4.310 0.0000000000
13178  29.587  -77.510  4.784 0.0000000000
13179  28.836  -77.529  5.233 0.0000000000
13180  18.851  -77.247  4.506 0.0000000000
13181  18.562  -78.222  4.930 0.0000000000
13182  16.117  -77.799  4.506 0.0000000000
13183  15.286  -77.418  4.634 0.0000000000
13184  14.183  -77.589  4.398 0.0000000000
13185  13.584  -78.117  4.161 0.0000000000
13201  32.203  -77.061  3.050 0.0000000000
13202  31.499  -77.422  3.276 0.0000000000
13203  30.801  -77.894  3.445 0.0000000000
13205  24.109  -76.974  2.764 0.0000000000
13206  23.748  -77.072  2.688 0.0000000000
13207  18.754  -77.120  3.828 0.0000000000
13208  18.562  -77.825  3.639 0.0000000000
13209  16.357  -77.597  3.506 0.0000000000
13210  15.971  -77.235  4.239 0.0000000000
13211  13.727  -76.988  4.041 0.0000000000
13212  13.180  -77.691  3.843 0.0000000000
13213  12.479  -78.052  3.455 0.0000000000
13221  32.534  -77.298  2.362 0.0000000000
13222  31.817  -77.893  2.357 0.0000000000
13223  31.304  -77.980  2.940 0.0000000000
13224  25.288  -77.062  2.073 0.0000000000
13225  24.794  -77.080  2.347 0.0000000000
13226  23.902  -77.456  2.282 0.0000000000
13227  23.164  -77.543  2.060 0.0000000000
13229  19.002  -76.880  2.224 0.0000000000
13230  18.723  -77.390  2.412 0.0000000000
13231  16.362  -77.706  2.358 0.0000000000
13242  34.533  -76.987  1.009 0.0000000000
13243  34.022  -77.161  1.130 0.0000000000
13244  32.754  -77.786  1.491 0.0000000000
13246  26.925  -76.881  0.954 0.0000000000
13247  26.662  -77.054  1.095 0.0000000000
13248  25.630  -77.406  1.468 0.0000000000
13249  24.467  -77.806  1.606 0.0000000000
13253  19.098  -76.932  1.739 0.0000000000
13254  18.730  -77.546  1.336 0.0000000000
13255  16.320  -77.530  1.580 0.0000000000
13266  35.330  -77.071  0.330 0.0000000000
13267  34.802  -77.151  0.593 0.0000000000
13268  33.771  -77.807  0.546 0.0000000000
13269  33.142  -78.172  0.753 0.0000000000
13270  27.096  -77.010  0.606 0.0000000000
13271  26.638  -77.664  0.381 0.0000000000
13272  25.883  -78.029  0.515 0.0000000000
13287  37.474  -77.425  -0.418 0.0000000000
13288  36.454  -77.404  -0.500 0.0000000000
13289  35.520  -77.408  -0.137 0.0000000000
13290  34.603  -77.881  -0.094 0.0000000000
13291  33.945  -78.251  -0.098 0.0000000000
13294  27.025  -78.160  -0.479 0.0000000000
13308  37.497  -78.001  -0.902 0.0000000000
13309  37.016  -77.931  -1.003 0.0000000000
13310  36.120  -77.953  -0.980 0.0000000000
13316  22.311  -77.948  -1.648 0.0000000000
13317  21.348  -77.236  -1.452 0.0000000000
13319  19.070  -77.443  -1.416 0.0000000000
13320  18.445  -78.359  -1.364 0.0000000000
13332  22.558  -78.304  -2.856 0.0000000000
13333  21.644  -77.553  -2.623 0.0000000000
13334  20.484  -77.149  -2.464 0.0000000000
13335  19.441  -77.433  -2.273 0.0000000000
13336  18.691  -77.983  -2.260 0.0000000000
13346  25.832  -78.449  -4.016 0.0000000000
13348  23.050  -78.372  -4.088 0.0000000000
13349  22.092  -77.681  -3.757 0.0000000000
13351  19.472  -77.683  -3.396 0.0000000000
13352  18.954  -77.820  -2.833 0.0000000000
13362  25.424  -78.495  -4.579 0.0000000000
13364  23.312  -78.047  -4.948 0.0000000000
13365  22.603  -77.733  -4.792 0.0000000000
13366  21.519  -77.487  -4.680 0.0000000000
13377  24.480  -77.668  -5.409 0.0000000000
13378  24.032  -77.647  -5.753 0.0000000000
13379  23.276  -77.620  -5.630 0.0000000000
13380  22.255  -77.440  -5.590 0.0000000000
13381  21.120  -77.457  -5.590 0.0000000000
13385  24.197  -77.266  -6.106 0.0000000000
13391  18.579  -77.616  -6.589 0.0000000000
13392  18.099  -76.833  -6.388 0.0000000000
13949  25.586  -76.566  16.487 0.0000000000
13970  26.466  -76.215  15.917 0.0000000000
13971  25.448  -75.889  16.009 0.0000000000
13972  24.474  -75.798  15.869 0.0000000000
13997  28.677  -76.508  14.787 0.0000000000
13998  28.267  -77.152  15.031 0.0000000000
14016  24.070  -76.349  13.164 0.0000000000
14031  25.030  -76.298  12.285 0.0000000000
14032  24.367  -76.757  12.619 0.0000000000
14043  25.983  -76.149  11.316 0.0000000000
14044  25.398  -76.723  11.576 0.0000000000
14045  24.701  -77.137  12.018 0.0000000000
14065  26.887  -76.343  10.266 0.0000000000
14066  26.267  -76.653  10.704 0.0000000000
14067  25.830  -76.680  11.127 0.0000000000
14087  28.018  -76.419  9.573 0.0000000000
14088  27.436  -76.203  9.900 0.0000000000
14127  29.509  -76.655  5.165 0.0000000000
14128  28.928  -76.304  5.437 0.0000000000
14129  28.034  -76.146  5.681 0.0000000000
14130  27.017  -76.176  5.695 0.0000000000
14131  25.895  -76.335  5.414 0.0000000000
14132  24.749  -76.784  5.204 0.0000000000
14133  23.721  -76.865  5.111 0.0000000000
14134  22.799  -76.778  5.121 0.0000000000
14135  21.851  -76.716  5.196 0.0000000000
14136  20.842  -76.657  5.374 0.0000000000
14137  19.953  -76.753  5.488 0.0000000000
14150  31.163  -76.279  4.323 0.0000000000
14151  30.617  -76.575  4.536 0.0000000000
14152  30.062  -76.682  4.861 0.0000000000
14153  25.249  -76.183  4.349 0.0000000000
14154  24.173  -76.617  4.278 0.0000000000
14155  23.151  -76.630  4.257 0.0000000000
14156  22.145  -76.545  4.316 0.0000000000
14157  21.142  -76.246  4.476 0.0000000000
14158  20.126  -76.383  4.655 0.0000000000
14159  19.428  -76.775  4.888 0.0000000000
14160  15.041  -76.718  4.421 0.0000000000
14161  14.740  -76.980  4.475 0.0000000000
14180  32.392  -76.299  3.412 0.0000000000
14181  31.720  -76.476  3.754 0.0000000000
14182  31.074  -77.036  4.005 0.0000000000
14183  25.869  -76.001  2.942 0.0000000000
14184  25.283  -76.292  3.272 0.0000000000
14185  24.581  -76.579  3.303 0.0000000000
14186  23.564  -76.789  3.223 0.0000000000
14187  22.487  -76.672  3.329 0.0000000000
14188  21.442  -76.386  3.375 0.0000000000
14189  20.330  -76.263  3.540 0.0000000000
14190  19.273  -76.677  3.796 0.0000000000
14191  18.751  -77.079  3.330 0.0000000000
14192  16.142  -76.713  3.325 0.0000000000
14193  15.667  -76.455  3.898 0.0000000000
14194  14.456  -76.447  4.122 0.0000000000
14195  13.254  -76.494  3.429 0.0000000000
14196  12.564  -77.366  3.365 0.0000000000
14208  33.478  -76.206  2.543 0.0000000000
14209  32.919  -76.520  2.747 0.0000000000
14210  26.039  -76.303  2.277 0.0000000000
14211  25.454  -76.673  2.390 0.0000000000
14212  25.014  -76.631  2.828 0.0000000000
14213  23.440  -77.179  2.558 0.0000000000
14214  22.818  -77.073  2.561 0.0000000000
14216  20.649  -76.369  2.378 0.0000000000
14217  19.424  -76.578  2.540 0.0000000000
14218  18.937  -76.805  3.001 0.0000000000
14219  16.264  -76.623  2.558 0.0000000000
14220  16.047  -76.325  3.219 0.0000000000
14221  12.833  -76.094  2.573 0.0000000000
14222  12.129  -76.873  2.691 0.0000000000
14232  35.361  -76.146  1.153 0.0000000000
14233  34.747  -76.576  1.243 0.0000000000
14234  33.599  -76.665  1.940 0.0000000000
14235  32.981  -77.119  2.165 0.0000000000
14236  26.971  -76.531  1.129 0.0000000000
14237  26.359  -76.517  1.694 0.0000000000
14238  25.849  -76.708  1.944 0.0000000000
14239  21.584  -76.857  1.163 0.0000000000
14243  12.971  -75.765  2.143 0.0000000000
14244  12.519  -76.060  1.850 0.0000000000
14252  37.530  -76.602  0.265 0.0000000000
14253  36.747  -76.403  0.286 0.0000000000
14254  35.649  -76.628  0.501 0.0000000000
14255  35.068  -76.791  0.780 0.0000000000
14256  27.441  -76.407  0.402 0.0000000000
14269  37.097  -76.769  -0.075 0.0000000000
14270  36.568  -76.895  -0.119 0.0000000000
14271  36.053  -77.100  -0.042 0.0000000000
14292  28.495  -76.448  -1.926 0.0000000000
14365  24.296  -77.025  -6.180 0.0000000000
14373  18.387  -76.738  -6.828 0.0000000000
14374  17.921  -76.229  -6.815 0.0000000000
14973  24.327  -75.188  15.148 0.0000000000
14974  23.741  -75.526  14.809 0.0000000000
14992  28.449  -75.238  14.762 0.0000000000
14993  27.835  -74.718  14.809 0.0000000000
15044  26.882  -75.096  11.021 0.0000000000
15045  26.248  -75.218  11.769 0.0000000000
15064  27.369  -75.415  10.316 0.0000000000
15065  26.568  -75.781  10.856 0.0000000000
15077  27.848  -75.733  9.795 0.0000000000
15117  31.230  -74.916  5.025 0.0000000000
15118  30.827  -75.236  5.143 0.0000000000
15119  29.871  -75.749  5.250 0.0000000000
15120  28.718  -75.377  5.522 0.0000000000
15121  27.617  -75.215  5.466 0.0000000000
15122  26.628  -75.504  5.227 0.0000000000
15123  25.943  -75.650  4.839 0.0000000000
15136  32.395  -74.922  4.276 0.0000000000
15137  31.697  -75.397  4.497 0.0000000000
15138  30.767  -75.944  4.830 0.0000000000
15139  30.327  -76.246  4.896 0.0000000000
15140  27.003  -74.805  4.985 0.0000000000
15141  26.419  -75.075  4.456 0.0000000000
15142  25.835  -75.555  4.234 0.0000000000
15156  34.436  -74.582  3.041 0.0000000000
15157  33.945  -74.887  3.262 0.0000000000
15158  32.869  -75.433  3.576 0.0000000000
15159  32.188  -75.921  3.846 0.0000000000
15160  26.165  -75.313  3.546 0.0000000000
15161  25.628  -75.813  3.703 0.0000000000
15162  15.518  -75.922  3.524 0.0000000000
15163  15.093  -75.686  3.634 0.0000000000
15164  14.163  -75.730  3.414 0.0000000000
15176  35.092  -75.012  2.227 0.0000000000
15177  34.630  -75.046  2.554 0.0000000000
15178  33.752  -75.658  2.745 0.0000000000
15179  33.281  -75.983  2.931 0.0000000000
15181  26.607  -75.539  2.316 0.0000000000
15182  16.215  -75.973  2.557 0.0000000000
15183  15.774  -75.777  2.954 0.0000000000
15184  14.702  -75.258  2.735 0.0000000000
15185  13.573  -75.593  2.517 0.0000000000
15193  38.118  -75.460  1.177 0.0000000000
15194  36.948  -75.236  1.152 0.0000000000
15195  36.081  -75.287  1.336 0.0000000000
15196  35.234  -75.464  1.752 0.0000000000
15197  34.290  -75.927  2.087 0.0000000000
15198  33.783  -76.121  2.324 0.0000000000
15199  27.245  -75.592  1.344 0.0000000000
15201  16.249  -75.731  1.967 0.0000000000
15204  13.144  -75.554  1.571 0.0000000000
15211  37.781  -76.144  0.719 0.0000000000
15213  36.381  -75.821  0.744 0.0000000000
15214  35.726  -75.838  1.049 0.0000000000
15243  28.552  -75.534  -2.008 0.0000000000
15258  28.059  -76.113  -2.651 0.0000000000
15310  22.744  -75.230  -5.685 0.0000000000
15325  23.256  -75.901  -6.335 0.0000000000
15326  22.494  -75.291  -6.303 0.0000000000
15327  18.739  -75.173  -6.820 0.0000000000
15328  18.296  -75.287  -6.787 0.0000000000
15329  17.402  -75.502  -6.408 0.0000000000
15330  16.079  -75.143  -6.067 0.0000000000
15331  15.197  -75.054  -6.111 0.0000000000
15340  22.797  -75.813  -6.639 0.0000000000
15344  19.051  -75.443  -7.024 0.0000000000
15345  18.081  -75.820  -7.055 0.0000000000
15346  17.777  -75.964  -6.999 0.0000000000
15974  28.328  -74.281  14.479 0.0000000000
15995  27.040  -73.817  13.601 0.0000000000
16018  26.907  -74.177  11.982 0.0000000000
16038  26.910  -74.582  11.450 0.0000000000
16039  26.546  -74.604  11.886 0.0000000000
16053  31.411  -74.439  9.840 0.0000000000
16056  27.395  -74.592  10.805 0.0000000000
16112  30.937  -74.639  5.267 0.0000000000
16113  30.313  -74.670  5.391 0.0000000000
16114  29.416  -74.631  5.429 0.0000000000
16115  28.471  -74.344  5.236 0.0000000000
16116  27.582  -74.444  5.002 0.0000000000
16134  32.824  -73.943  4.380 0.0000000000
16135  32.193  -74.293  4.658 0.0000000000
16136  31.429  -74.440  5.042 0.0000000000
16137  27.914  -73.959  4.697 0.0000000000
16138  27.127  -74.277  4.098 0.0000000000
16139  26.522  -74.786  3.853 0.0000000000
16153  34.265  -74.117  3.389 0.0000000000
16154  33.435  -74.247  3.894 0.0000000000
16155  32.754  -74.564  4.192 0.0000000000
16156  27.161  -74.351  2.946 0.0000000000
16157  26.635  -74.747  3.212 0.0000000000
16168  35.324  -74.465  2.325 0.0000000000
16169  34.804  -74.229  2.895 0.0000000000
16170  27.820  -74.270  1.733 0.0000000000
16171  27.290  -74.887  2.124 0.0000000000
16172  26.889  -74.846  2.633 0.0000000000
16184  38.387  -74.271  1.778 0.0000000000
16185  37.369  -74.413  1.508 0.0000000000
16186  36.456  -74.595  1.594 0.0000000000
16187  35.803  -74.788  1.787 0.0000000000
16188  27.830  -74.523  1.073 0.0000000000
16189  27.542  -74.852  1.424 0.0000000000
16207  27.655  -75.054  0.880 0.0000000000
16237  28.382  -74.728  -1.554 0.0000000000
16253  33.123  -73.792  -3.408 0.0000000000
16254  32.874  -73.824  -3.403 0.0000000000
16274  34.022  -74.084  -4.315 0.0000000000
16275  33.301  -73.926  -3.858 0.0000000000
16276  32.403  -73.970  -3.872 0.0000000000
16279  27.922  -74.100  -3.158 0.0000000000
16317  34.886  -74.601  -5.858 0.0000000000
16323  22.380  -74.328  -5.889 0.0000000000
16336  31.379  -75.107  -6.768 0.0000000000
16337  30.626  -74.825  -6.868 0.0000000000
16338  29.314  -74.190  -6.662 0.0000000000
16343  18.884  -74.654  -6.607 0.0000000000
16344  17.782  -74.750  -6.507 0.0000000000
16356  28.840  -74.066  -7.224 0.0000000000
17011  29.872  -73.700  14.130 0.0000000000
17013  28.192  -73.681  14.066 0.0000000000
17024  29.676  -73.067  13.549 0.0000000000
17026  27.737  -73.546  13.374 0.0000000000
17043  29.232  -72.833  12.924 0.0000000000
17044  28.551  -73.050  12.493 0.0000000000
17045  27.539  -73.574  12.302 0.0000000000
17060  28.926  -73.144  11.072 0.0000000000
17061  28.510  -73.243  11.419 0.0000000000
17062  27.536  -73.927  11.278 0.0000000000
17071  31.261  -73.669  10.202 0.0000000000
17072  30.180  -73.411  10.280 0.0000000000
17073  29.121  -73.435  10.586 0.0000000000
17075  27.768  -74.168  10.703 0.0000000000
17082  31.055  -74.217  9.804 0.0000000000
17083  30.547  -74.074  9.786 0.0000000000
17084  29.757  -73.952  9.872 0.0000000000
17131  30.834  -74.030  5.364 0.0000000000
17132  30.019  -73.924  5.401 0.0000000000
17133  29.181  -73.925  5.205 0.0000000000
17134  28.774  -73.923  5.104 0.0000000000
17155  33.205  -73.325  4.270 0.0000000000
17156  32.448  -73.340  4.590 0.0000000000
17157  31.564  -73.474  4.957 0.0000000000
17158  30.618  -73.333  4.991 0.0000000000
17159  29.741  -73.392  4.740 0.0000000000
17160  28.724  -73.610  4.650 0.0000000000
17161  27.945  -73.632  4.090 0.0000000000
17177  35.331  -72.971  3.174 0.0000000000
17178  34.876  -73.331  3.274 0.0000000000
17179  33.947  -73.363  3.799 0.0000000000
17180  29.433  -73.129  3.956 0.0000000000
17181  28.643  -73.367  3.519 0.0000000000
17182  27.762  -73.781  3.239 0.0000000000
17197  36.911  -72.988  2.130 0.0000000000
17198  35.806  -73.222  2.668 0.0000000000
17199  35.202  -73.810  2.783 0.0000000000
17200  30.345  -72.588  2.428 0.0000000000
17201  29.730  -72.863  2.787 0.0000000000
17202  28.461  -73.617  2.316 0.0000000000
17203  27.652  -74.115  2.459 0.0000000000
17218  38.461  -73.400  2.012 0.0000000000
17220  36.656  -73.744  1.884 0.0000000000
17221  35.984  -74.145  2.013 0.0000000000
17222  31.291  -72.306  1.359 0.0000000000
17223  30.620  -72.574  1.778 0.0000000000
17224  29.374  -73.168  1.438 0.0000000000
17225  28.301  -73.822  1.017 0.0000000000
17248  31.958  -72.530  -0.156 0.0000000000
17249  31.281  -72.548  0.584 0.0000000000
17252  28.260  -73.919  0.007 0.0000000000
17264  31.974  -72.828  -1.030 0.0000000000
17265  31.314  -72.655  -0.586 0.0000000000
17267  28.769  -72.967  -0.600 0.0000000000
17268  28.423  -73.613  -0.894 0.0000000000
17279  39.338  -72.933  -2.115 0.0000000000
17280  32.843  -73.164  -2.142 0.0000000000
17281  32.088  -73.131  -1.986 0.0000000000
17282  31.219  -72.686  -1.697 0.0000000000
17283  30.804  -72.550  -0.992 0.0000000000
17298  39.128  -73.294  -2.720 0.0000000000
17299  38.085  -73.240  -3.008 0.0000000000
17300  37.190  -73.154  -3.130 0.0000000000
17301  36.676  -73.100  -3.193 0.0000000000
17302  34.772  -73.049  -3.100 0.0000000000
17303  34.029  -73.265  -2.960 0.0000000000
17304  33.240  -73.604  -2.999 0.0000000000
17305  32.357  -73.639  -3.013 0.0000000000
17306  31.627  -73.133  -2.809 0.0000000000
17323  38.458  -73.647  -3.706 0.0000000000
17324  37.550  -73.604  -3.712 0.0000000000
17325  36.625  -73.452  -3.648 0.0000000000
17326  35.575  -73.274  -3.557 0.0000000000
17327  34.355  -73.620  -3.739 0.0000000000
17328  33.716  -73.600  -3.390 0.0000000000
17329  32.123  -73.841  -3.598 0.0000000000
17330  31.773  -73.629  -3.718 0.0000000000
17332  27.895  -73.453  -3.636 0.0000000000
17346  36.036  -73.814  -4.391 0.0000000000
17347  35.063  -73.916  -4.318 0.0000000000
17348  34.476  -74.011  -4.304 0.0000000000
17385  28.454  -73.543  -6.432 0.0000000000
17403  28.249  -73.431  -7.062 0.0000000000
17404  27.644  -73.146  -6.936 0.0000000000
18142  29.882  -72.601  12.889 0.0000000000
18159  29.431  -72.608  12.163 0.0000000000
18160  28.867  -72.849  11.752 0.0000000000
18169  30.070  -72.512  11.461 0.0000000000
18170  29.184  -72.887  11.269 0.0000000000
18171  28.854  -72.967  11.474 0.0000000000
18177  30.649  -72.772  10.754 0.0000000000
18178  29.731  -72.895  10.803 0.0000000000
18179  29.335  -73.028  10.870 0.0000000000
18258  32.802  -72.505  4.300 0.0000000000
18259  32.022  -72.658  4.563 0.0000000000
18260  31.169  -72.555  4.354 0.0000000000
18261  30.324  -72.920  4.305 0.0000000000
18262  29.884  -73.071  4.187 0.0000000000
18276  35.122  -72.323  3.284 0.0000000000
18277  34.218  -72.485  3.685 0.0000000000
18279  31.030  -72.135  3.515 0.0000000000
18280  30.539  -72.487  3.659 0.0000000000
18281  30.010  -72.816  3.696 0.0000000000
18298  36.576  -72.252  2.495 0.0000000000
18299  35.809  -72.104  2.861 0.0000000000
18300  31.298  -71.785  2.983 0.0000000000
18301  30.688  -72.315  2.714 0.0000000000
18302  30.231  -72.600  3.217 0.0000000000
18318  32.248  -71.603  1.454 0.0000000000
18319  31.595  -71.827  1.928 0.0000000000
18320  30.984  -72.274  2.144 0.0000000000
18343  33.209  -71.480  0.383 0.0000000000
18344  32.466  -71.774  0.713 0.0000000000
18345  31.645  -72.112  1.140 0.0000000000
18363  39.885  -72.037  -0.758 0.0000000000
18364  34.241  -71.637  -0.759 0.0000000000
18365  33.542  -71.676  -0.288 0.0000000000
18366  32.630  -72.437  -0.566 0.0000000000
18368  29.258  -72.668  -0.712 0.0000000000
18369  28.742  -72.909  -1.056 0.0000000000
18383  39.172  -72.375  -1.514 0.0000000000
18384  38.027  -72.268  -1.780 0.0000000000
18385  37.024  -72.276  -1.856 0.0000000000
18386  36.020  -72.148  -1.928 0.0000000000
18387  35.047  -72.140  -1.791 0.0000000000
18388  34.130  -72.216  -1.397 0.0000000000
18389  33.220  -72.571  -1.332 0.0000000000
18390  32.539  -72.820  -1.422 0.0000000000
18391  30.628  -72.470  -2.120 0.0000000000
18392  30.087  -72.405  -1.427 0.0000000000
18393  29.042  -72.658  -1.597 0.0000000000
18415  39.061  -72.870  -2.181 0.0000000000
18416  38.529  -72.786  -2.314 0.0000000000
18418  36.541  -72.721  -2.725 0.0000000000
18419  35.485  -72.634  -2.697 0.0000000000
18420  34.495  -72.654  -2.396 0.0000000000
18421  33.628  -72.867  -2.240 0.0000000000
18422  30.939  -72.626  -2.780 0.0000000000
18423  30.179  -72.338  -2.647 0.0000000000
18424  29.289  -72.396  -2.481 0.0000000000
18439  36.292  -73.066  -3.262 0.0000000000
18440  35.981  -72.861  -3.107 0.0000000000
18460  31.079  -73.138  -4.453 0.0000000000
18465  27.357  -72.510  -5.314 0.0000000000
18495  27.394  -72.831  -6.639 0.0000000000
19424  32.704  -71.947  4.064 0.0000000000
19425  32.238  -72.109  4.178 0.0000000000
19426  31.775  -72.277  4.253 0.0000000000
19438  34.795  -71.605  3.150 0.0000000000
19439  34.277  -71.647  3.379 0.0000000000
19440  33.304  -71.775  3.757 0.0000000000
19441  32.405  -71.672  3.651 0.0000000000
19442  31.660  -71.909  3.746 0.0000000000
19460  37.102  -71.317  2.220 0.0000000000
19461  36.092  -71.394  2.551 0.0000000000
19462  35.226  -71.423  2.822 0.0000000000
19463  34.449  -71.142  2.875 0.0000000000
19464  33.560  -71.053  2.816 0.0000000000
19465  32.668  -71.322  2.933 0.0000000000
19466  31.928  -71.528  2.957 0.0000000000
19481  40.274  -71.778  1.226 0.0000000000
19482  39.487  -71.360  1.205 0.0000000000
19485  33.594  -70.807  1.905 0.0000000000
19486  32.749  -71.303  1.770 0.0000000000
19487  32.226  -71.461  2.399 0.0000000000
19506  40.128  -71.669  0.533 0.0000000000
19507  39.500  -71.393  0.287 0.0000000000
19508  38.976  -71.211  0.038 0.0000000000
19509  34.338  -70.823  0.441 0.0000000000
19510  33.662  -70.987  0.758 0.0000000000
19511  32.939  -71.337  1.066 0.0000000000
19527  39.909  -71.705  -0.158 0.0000000000
19528  39.292  -71.634  -0.535 0.0000000000
19529  38.553  -71.342  -0.462 0.0000000000
19531  37.047  -71.209  -0.651 0.0000000000
19532  36.047  -71.126  -0.522 0.0000000000
19533  34.659  -71.016  -0.184 0.0000000000
19534  33.924  -71.180  0.063 0.0000000000
19548  38.861  -71.730  -0.958 0.0000000000
19549  38.342  -71.735  -1.158 0.0000000000
19550  37.477  -71.701  -1.265 0.0000000000
19551  36.520  -71.655  -1.248 0.0000000000
19552  35.494  -71.609  -1.143 0.0000000000
19553  34.701  -71.695  -1.081 0.0000000000
19639  27.527  -72.148  -6.809 0.0000000000
19651  27.603  -72.450  -7.156 0.0000000000
20618  36.767  -70.714  1.977 0.0000000000
20619  36.252  -70.768  2.153 0.0000000000
20620  35.465  -70.794  2.303 0.0000000000
20621  34.705  -70.771  2.362 0.0000000000
20622  34.074  -70.754  2.380 0.0000000000
20636  37.216  -70.617  1.549 0.0000000000
20639  34.830  -70.553  1.708 0.0000000000
20640  34.167  -70.633  1.729 0.0000000000
20655  39.063  -71.064  0.601 0.0000000000
20661  34.336  -70.640  1.243 0.0000000000
20678  36.762  -70.705  -0.001 0.0000000000
