#!ascii label  , from subject sub-CSI4 vox2ras=TkReg
1986
940  21.010  -95.002  3.258 0.0000000000
1231  22.264  -93.738  7.725 0.0000000000
1242  22.170  -93.658  7.491 0.0000000000
1259  20.021  -94.658  5.038 0.0000000000
1269  20.633  -94.916  3.629 0.0000000000
1270  20.269  -94.629  4.055 0.0000000000
1280  20.729  -94.738  3.008 0.0000000000
1281  20.097  -93.844  2.937 0.0000000000
1288  21.142  -94.323  2.028 0.0000000000
1289  20.822  -93.938  2.189 0.0000000000
1290  20.455  -93.602  2.344 0.0000000000
1301  21.334  -93.843  1.751 0.0000000000
1611  22.284  -93.485  8.106 0.0000000000
1622  22.247  -93.467  7.211 0.0000000000
1634  22.396  -93.152  6.750 0.0000000000
1635  21.563  -92.911  6.686 0.0000000000
1647  19.860  -93.482  5.184 0.0000000000
1657  19.771  -93.203  4.114 0.0000000000
1658  19.720  -92.477  3.756 0.0000000000
1665  19.712  -92.695  3.064 0.0000000000
1666  19.634  -92.281  3.425 0.0000000000
1673  20.686  -93.387  1.965 0.0000000000
1674  20.174  -93.055  2.257 0.0000000000
1687  21.334  -93.171  1.520 0.0000000000
1688  20.701  -92.872  1.738 0.0000000000
2099  21.714  -92.525  6.041 0.0000000000
2100  20.759  -92.868  5.925 0.0000000000
2115  21.190  -92.051  5.482 0.0000000000
2116  20.536  -92.545  5.203 0.0000000000
2129  19.980  -92.151  4.382 0.0000000000
2130  19.704  -91.916  3.737 0.0000000000
2143  23.842  -92.053  2.758 0.0000000000
2144  19.609  -92.208  2.778 0.0000000000
2145  19.528  -91.932  3.108 0.0000000000
2158  22.972  -91.740  2.046 0.0000000000
2159  21.940  -91.621  1.726 0.0000000000
2160  21.413  -91.581  1.617 0.0000000000
2161  19.760  -92.143  2.297 0.0000000000
2162  19.574  -91.967  2.688 0.0000000000
2170  22.105  -92.300  1.493 0.0000000000
2171  21.144  -92.131  1.563 0.0000000000
2172  20.345  -92.400  1.803 0.0000000000
2223  23.840  -92.016  -2.378 0.0000000000
2536  25.642  -91.322  10.258 0.0000000000
2548  25.730  -92.099  10.048 0.0000000000
2549  25.070  -91.556  9.642 0.0000000000
2550  24.311  -91.326  9.161 0.0000000000
2565  25.162  -92.470  9.472 0.0000000000
2566  24.634  -92.128  8.905 0.0000000000
2585  23.174  -91.639  7.581 0.0000000000
2586  22.848  -91.590  7.304 0.0000000000
2602  27.064  -90.893  6.491 0.0000000000
2603  26.777  -91.208  6.264 0.0000000000
2604  26.246  -91.555  5.978 0.0000000000
2624  21.539  -91.572  5.845 0.0000000000
2625  20.697  -91.374  5.029 0.0000000000
2642  19.933  -91.264  4.163 0.0000000000
2643  19.629  -91.299  3.458 0.0000000000
2654  24.217  -91.826  3.472 0.0000000000
2655  23.264  -91.340  2.900 0.0000000000
2656  22.897  -90.701  2.827 0.0000000000
2657  19.520  -91.397  3.038 0.0000000000
2671  22.848  -91.377  2.436 0.0000000000
2672  22.343  -90.909  2.274 0.0000000000
2673  21.506  -91.122  1.715 0.0000000000
2674  19.792  -91.377  2.111 0.0000000000
2675  19.595  -91.517  2.635 0.0000000000
2689  21.022  -91.397  1.584 0.0000000000
2690  20.329  -91.596  1.725 0.0000000000
2707  24.624  -91.361  -0.767 0.0000000000
2714  24.479  -91.216  -1.552 0.0000000000
2715  24.291  -90.972  -1.963 0.0000000000
2719  24.160  -91.613  -1.760 0.0000000000
2726  23.938  -91.687  -2.131 0.0000000000
3065  25.877  -90.646  10.880 0.0000000000
3066  25.098  -90.670  10.349 0.0000000000
3074  24.402  -90.619  9.767 0.0000000000
3099  27.294  -90.121  7.048 0.0000000000
3102  22.477  -90.841  7.521 0.0000000000
3103  21.837  -90.328  7.119 0.0000000000
3113  27.271  -90.520  6.607 0.0000000000
3114  26.865  -90.451  6.896 0.0000000000
3115  26.284  -90.826  6.356 0.0000000000
3116  22.295  -91.348  6.889 0.0000000000
3117  21.840  -90.907  6.604 0.0000000000
3130  21.171  -90.602  5.815 0.0000000000
3131  20.586  -90.271  5.253 0.0000000000
3146  24.057  -90.485  3.954 0.0000000000
3147  20.133  -90.349  4.528 0.0000000000
3148  19.751  -90.442  3.668 0.0000000000
3159  26.009  -90.582  3.114 0.0000000000
3160  23.882  -91.124  3.607 0.0000000000
3161  23.325  -90.372  3.357 0.0000000000
3162  22.629  -90.023  2.729 0.0000000000
3163  19.570  -90.825  2.961 0.0000000000
3178  25.873  -91.056  2.465 0.0000000000
3179  21.811  -89.792  2.330 0.0000000000
3180  21.096  -90.327  1.816 0.0000000000
3181  20.134  -90.689  1.973 0.0000000000
3182  19.698  -90.937  2.393 0.0000000000
3197  25.497  -90.911  1.451 0.0000000000
3198  25.096  -90.368  1.140 0.0000000000
3199  21.077  -90.945  1.635 0.0000000000
3200  20.699  -90.973  1.669 0.0000000000
3211  25.157  -90.904  0.646 0.0000000000
3212  24.685  -90.096  0.389 0.0000000000
3221  24.728  -90.723  -0.429 0.0000000000
3222  24.231  -89.951  -0.526 0.0000000000
3231  24.663  -90.924  -1.129 0.0000000000
3232  24.219  -90.400  -1.557 0.0000000000
3628  28.159  -89.421  12.745 0.0000000000
3638  28.144  -90.086  12.569 0.0000000000
3687  26.758  -89.689  7.212 0.0000000000
3688  26.348  -89.296  7.028 0.0000000000
3689  22.351  -90.044  7.899 0.0000000000
3690  21.895  -89.739  7.592 0.0000000000
3707  26.625  -90.038  7.032 0.0000000000
3708  26.171  -89.808  6.716 0.0000000000
3710  21.276  -89.731  6.615 0.0000000000
3711  20.680  -89.139  6.004 0.0000000000
3727  27.480  -89.800  5.744 0.0000000000
3728  27.082  -89.057  5.191 0.0000000000
3730  25.255  -90.256  5.540 0.0000000000
3731  20.795  -89.785  5.753 0.0000000000
3732  20.318  -89.250  5.084 0.0000000000
3747  30.399  -88.855  4.300 0.0000000000
3748  27.280  -90.461  5.266 0.0000000000
3749  26.855  -89.945  4.711 0.0000000000
3750  24.555  -90.132  4.694 0.0000000000
3751  23.709  -89.460  4.063 0.0000000000
3752  19.941  -89.534  3.839 0.0000000000
3753  19.795  -89.961  3.535 0.0000000000
3768  26.363  -89.914  3.911 0.0000000000
3769  26.088  -90.129  3.418 0.0000000000
3770  22.866  -89.292  3.304 0.0000000000
3771  22.153  -89.187  2.756 0.0000000000
3772  20.096  -89.435  3.203 0.0000000000
3773  19.778  -89.980  3.149 0.0000000000
3786  30.311  -88.751  3.293 0.0000000000
3787  25.665  -89.918  2.770 0.0000000000
3788  25.184  -89.380  2.146 0.0000000000
3789  21.529  -89.131  2.544 0.0000000000
3790  21.030  -89.362  2.299 0.0000000000
3791  20.341  -89.693  2.582 0.0000000000
3792  19.829  -90.387  2.564 0.0000000000
3802  25.366  -90.206  1.879 0.0000000000
3803  24.676  -89.430  1.321 0.0000000000
4256  28.433  -88.848  13.288 0.0000000000
4295  21.559  -87.917  8.894 0.0000000000
4308  29.917  -88.090  8.131 0.0000000000
4329  28.888  -88.395  7.532 0.0000000000
4331  27.036  -88.851  7.387 0.0000000000
4332  26.417  -88.833  7.200 0.0000000000
4333  21.199  -88.609  7.420 0.0000000000
4334  20.693  -88.108  6.678 0.0000000000
4350  28.604  -88.549  6.667 0.0000000000
4351  27.832  -88.940  6.304 0.0000000000
4354  20.828  -88.753  6.544 0.0000000000
4355  20.561  -88.217  5.899 0.0000000000
4372  30.536  -88.687  5.266 0.0000000000
4374  28.105  -88.203  6.117 0.0000000000
4375  27.507  -88.510  5.660 0.0000000000
4376  26.972  -88.300  5.102 0.0000000000
4377  24.700  -89.040  5.400 0.0000000000
4378  24.274  -88.134  5.269 0.0000000000
4379  20.433  -88.262  4.966 0.0000000000
4393  32.054  -87.859  4.960 0.0000000000
4395  30.462  -88.788  4.586 0.0000000000
4397  26.609  -88.724  4.569 0.0000000000
4398  26.319  -88.802  4.037 0.0000000000
4399  24.217  -89.237  4.693 0.0000000000
4400  23.855  -88.380  4.654 0.0000000000
4401  20.286  -88.661  4.292 0.0000000000
4408  31.347  -88.363  4.014 0.0000000000
4410  29.702  -88.483  3.822 0.0000000000
4411  29.184  -88.366  3.186 0.0000000000
4412  26.449  -89.289  4.138 0.0000000000
4413  25.993  -89.091  3.506 0.0000000000
4414  23.074  -88.353  3.796 0.0000000000
4415  22.197  -88.422  3.233 0.0000000000
4416  21.311  -88.318  3.176 0.0000000000
4417  20.555  -88.687  3.374 0.0000000000
4426  28.679  -88.326  2.224 0.0000000000
4427  28.155  -88.321  1.547 0.0000000000
4428  25.362  -88.799  2.701 0.0000000000
4429  24.812  -88.550  2.056 0.0000000000
4430  21.645  -88.719  2.837 0.0000000000
4431  21.058  -88.770  2.708 0.0000000000
4432  20.705  -89.076  2.689 0.0000000000
4439  29.930  -88.477  2.095 0.0000000000
4441  28.329  -88.387  1.205 0.0000000000
4442  27.951  -88.357  1.117 0.0000000000
4457  27.900  -88.297  0.552 0.0000000000
4473  27.717  -88.037  -0.308 0.0000000000
4474  27.308  -87.834  -0.431 0.0000000000
4489  27.627  -87.719  -1.100 0.0000000000
4490  27.117  -87.757  -1.196 0.0000000000
4502  27.349  -87.757  -2.088 0.0000000000
4503  26.527  -87.712  -2.480 0.0000000000
4514  27.325  -87.623  -3.268 0.0000000000
4530  27.056  -87.540  -4.296 0.0000000000
4906  28.570  -88.034  13.950 0.0000000000
4907  27.898  -87.540  13.559 0.0000000000
4913  28.034  -88.134  13.248 0.0000000000
4914  27.260  -87.750  13.135 0.0000000000
4915  26.397  -87.611  12.807 0.0000000000
4942  30.894  -87.334  8.706 0.0000000000
4954  30.343  -87.499  8.533 0.0000000000
4955  29.693  -87.573  8.371 0.0000000000
4957  21.051  -87.507  8.241 0.0000000000
4970  20.689  -87.323  6.980 0.0000000000
4971  20.624  -87.692  6.431 0.0000000000
4984  32.964  -87.238  6.668 0.0000000000
4985  29.198  -88.165  6.318 0.0000000000
4986  28.923  -88.163  6.375 0.0000000000
4989  20.658  -86.930  6.550 0.0000000000
4990  20.618  -87.223  6.172 0.0000000000
5003  32.943  -87.094  5.965 0.0000000000
5005  28.839  -87.787  5.888 0.0000000000
5006  27.922  -87.625  5.483 0.0000000000
5007  27.277  -87.796  5.172 0.0000000000
5009  23.941  -87.391  5.106 0.0000000000
5010  20.638  -87.521  5.291 0.0000000000
5018  32.317  -87.293  5.194 0.0000000000
5020  29.550  -87.863  4.849 0.0000000000
5021  28.511  -87.313  4.504 0.0000000000
5022  27.511  -87.219  4.731 0.0000000000
5023  26.680  -87.609  4.541 0.0000000000
5024  26.106  -88.193  4.010 0.0000000000
5025  22.996  -87.202  4.367 0.0000000000
5026  21.977  -87.140  4.028 0.0000000000
5027  21.277  -87.443  4.070 0.0000000000
5028  20.724  -87.850  4.289 0.0000000000
5035  30.952  -87.626  3.677 0.0000000000
5036  30.569  -87.874  2.872 0.0000000000
5037  29.255  -87.804  3.891 0.0000000000
5039  26.025  -87.311  3.847 0.0000000000
5040  25.424  -87.786  3.169 0.0000000000
5041  25.014  -87.272  2.935 0.0000000000
5042  22.412  -87.708  3.716 0.0000000000
5043  21.675  -87.771  3.591 0.0000000000
5044  20.982  -87.972  3.667 0.0000000000
5045  20.737  -88.154  3.769 0.0000000000
5053  29.856  -87.512  1.687 0.0000000000
5055  28.040  -87.916  1.958 0.0000000000
5056  25.098  -88.125  2.550 0.0000000000
5057  24.678  -87.483  2.362 0.0000000000
5066  27.872  -88.105  1.397 0.0000000000
5067  23.974  -87.104  1.714 0.0000000000
5077  29.231  -88.014  0.735 0.0000000000
5079  27.627  -87.933  0.849 0.0000000000
5080  27.224  -87.414  0.363 0.0000000000
5091  28.934  -87.679  0.306 0.0000000000
5092  28.481  -87.605  -0.327 0.0000000000
5093  27.441  -87.940  0.075 0.0000000000
5094  26.797  -87.376  -0.417 0.0000000000
5095  26.020  -86.869  -0.877 0.0000000000
5110  28.172  -87.059  -1.473 0.0000000000
5111  26.293  -87.434  -1.455 0.0000000000
5130  28.048  -87.135  -2.474 0.0000000000
5131  25.908  -87.421  -2.073 0.0000000000
5149  27.627  -87.423  -3.559 0.0000000000
5171  27.653  -87.345  -4.004 0.0000000000
5568  27.336  -86.758  13.629 0.0000000000
5569  26.557  -86.377  13.421 0.0000000000
5571  26.762  -86.983  13.118 0.0000000000
5585  21.135  -86.008  11.088 0.0000000000
5603  32.175  -86.452  8.444 0.0000000000
5605  30.847  -86.507  9.013 0.0000000000
5606  30.294  -86.151  8.975 0.0000000000
5616  32.598  -86.450  8.030 0.0000000000
5617  32.277  -86.099  8.304 0.0000000000
5618  30.566  -87.023  8.736 0.0000000000
5619  30.062  -86.731  8.696 0.0000000000
5621  20.856  -86.526  8.650 0.0000000000
5634  20.787  -86.349  7.715 0.0000000000
5644  24.032  -86.066  5.750 0.0000000000
5645  20.922  -86.403  6.497 0.0000000000
5646  20.832  -86.832  5.623 0.0000000000
5654  32.838  -86.429  5.481 0.0000000000
5655  24.170  -86.777  5.638 0.0000000000
5656  23.439  -86.330  5.148 0.0000000000
5657  22.486  -86.069  5.139 0.0000000000
5658  21.509  -86.327  5.395 0.0000000000
5659  20.936  -87.035  4.892 0.0000000000
5668  31.918  -86.530  5.015 0.0000000000
5669  30.908  -86.729  4.244 0.0000000000
5670  30.326  -86.290  3.916 0.0000000000
5671  27.724  -86.832  4.107 0.0000000000
5672  26.979  -86.795  4.191 0.0000000000
5673  26.464  -87.024  4.085 0.0000000000
5674  22.774  -86.459  4.738 0.0000000000
5675  22.159  -86.555  4.598 0.0000000000
5676  21.438  -86.904  4.540 0.0000000000
5677  21.070  -87.289  4.455 0.0000000000
5685  30.714  -87.125  3.718 0.0000000000
5686  30.322  -86.883  3.233 0.0000000000
5687  29.791  -86.498  2.734 0.0000000000
5690  26.324  -86.640  3.536 0.0000000000
5691  25.487  -86.931  3.331 0.0000000000
5692  25.159  -87.158  3.138 0.0000000000
5700  30.311  -87.461  2.518 0.0000000000
5701  29.841  -86.956  2.169 0.0000000000
5704  26.690  -86.243  2.609 0.0000000000
5705  25.600  -86.323  2.729 0.0000000000
5706  24.964  -86.833  2.879 0.0000000000
5714  29.553  -87.058  1.327 0.0000000000
5715  29.145  -86.543  0.882 0.0000000000
5716  27.631  -87.447  1.542 0.0000000000
5717  27.045  -86.520  1.643 0.0000000000
5718  25.424  -86.058  2.132 0.0000000000
5719  24.652  -86.256  2.014 0.0000000000
5720  23.825  -86.506  1.304 0.0000000000
5728  28.778  -86.468  0.301 0.0000000000
5729  27.322  -87.128  0.955 0.0000000000
5730  26.567  -86.583  0.617 0.0000000000
5731  25.608  -86.105  0.377 0.0000000000
5732  24.572  -86.025  0.726 0.0000000000
5746  28.846  -87.150  0.013 0.0000000000
5747  28.438  -86.372  -0.640 0.0000000000
5748  26.094  -86.606  -0.190 0.0000000000
5785  28.815  -85.975  -2.908 0.0000000000
5786  28.307  -86.483  -2.331 0.0000000000
5800  28.900  -86.200  -3.520 0.0000000000
5801  28.408  -86.635  -3.130 0.0000000000
6253  26.792  -86.180  13.738 0.0000000000
6254  26.259  -85.562  13.793 0.0000000000
6262  26.120  -86.138  13.334 0.0000000000
6265  23.452  -85.469  13.006 0.0000000000
6266  22.102  -85.564  12.496 0.0000000000
6267  21.492  -85.051  12.327 0.0000000000
6276  21.779  -86.034  11.968 0.0000000000
6277  21.212  -85.465  11.708 0.0000000000
6278  20.774  -85.065  11.247 0.0000000000
6285  20.738  -85.298  10.792 0.0000000000
6286  20.700  -84.879  11.058 0.0000000000
6292  31.184  -85.520  9.000 0.0000000000
6293  30.358  -85.544  9.119 0.0000000000
6294  29.833  -85.830  8.846 0.0000000000
6304  33.231  -86.039  7.637 0.0000000000
6305  32.853  -85.681  7.802 0.0000000000
6306  32.021  -85.421  8.322 0.0000000000
6307  29.496  -86.247  8.479 0.0000000000
6308  28.879  -86.183  8.081 0.0000000000
6309  28.177  -85.765  7.815 0.0000000000
6322  33.892  -85.490  7.537 0.0000000000
6323  33.440  -85.167  7.629 0.0000000000
6324  28.268  -86.512  7.739 0.0000000000
6325  27.512  -86.193  7.588 0.0000000000
6330  22.028  -85.011  6.799 0.0000000000
6331  21.400  -85.225  7.412 0.0000000000
6341  23.752  -85.444  6.346 0.0000000000
6342  22.565  -85.250  6.318 0.0000000000
6343  21.686  -85.587  6.332 0.0000000000
6350  33.609  -85.562  5.474 0.0000000000
6351  32.398  -85.621  5.308 0.0000000000
6352  31.842  -85.193  5.292 0.0000000000
6353  23.578  -85.821  5.692 0.0000000000
6354  23.005  -85.649  5.653 0.0000000000
6355  22.182  -85.679  5.718 0.0000000000
6364  31.925  -85.986  5.156 0.0000000000
6365  31.390  -85.688  5.051 0.0000000000
6366  30.433  -85.613  4.348 0.0000000000
6377  29.879  -85.800  3.651 0.0000000000
6378  29.689  -86.106  3.052 0.0000000000
6391  29.470  -85.987  2.460 0.0000000000
6392  26.527  -86.067  1.979 0.0000000000
6393  26.002  -85.918  2.133 0.0000000000
6403  29.132  -85.971  1.545 0.0000000000
6404  28.844  -85.916  0.742 0.0000000000
6405  26.300  -85.985  1.474 0.0000000000
6406  25.483  -85.873  1.582 0.0000000000
6407  24.946  -85.921  1.270 0.0000000000
6420  28.946  -85.287  0.840 0.0000000000
6421  28.734  -85.400  0.046 0.0000000000
6422  25.910  -85.817  0.935 0.0000000000
6423  25.223  -85.853  0.977 0.0000000000
6424  24.897  -85.882  1.000 0.0000000000
6441  28.631  -85.386  -0.760 0.0000000000
6455  30.644  -84.755  -2.152 0.0000000000
6456  29.061  -85.122  -1.906 0.0000000000
6457  28.530  -85.598  -1.414 0.0000000000
6470  30.293  -84.980  -2.637 0.0000000000
6471  29.350  -85.369  -2.573 0.0000000000
6472  28.604  -85.734  -2.185 0.0000000000
6484  29.644  -85.605  -3.412 0.0000000000
6910  25.554  -84.531  14.180 0.0000000000
6931  20.752  -84.539  11.372 0.0000000000
6939  20.776  -84.380  10.265 0.0000000000
6940  20.679  -84.626  10.866 0.0000000000
6947  31.400  -84.807  8.649 0.0000000000
6948  30.542  -84.435  9.045 0.0000000000
6949  29.379  -84.774  9.025 0.0000000000
6950  28.168  -84.333  8.665 0.0000000000
6962  35.497  -84.061  7.970 0.0000000000
6963  35.002  -84.094  7.926 0.0000000000
6964  32.851  -84.843  7.720 0.0000000000
6965  32.053  -84.423  8.188 0.0000000000
6966  31.331  -84.110  8.609 0.0000000000
6967  29.264  -85.621  8.536 0.0000000000
6968  28.572  -85.240  8.327 0.0000000000
6983  35.569  -84.570  7.529 0.0000000000
6984  34.827  -84.727  7.670 0.0000000000
6985  34.046  -84.825  7.640 0.0000000000
6986  33.514  -84.757  7.630 0.0000000000
6992  22.478  -84.577  7.330 0.0000000000
6993  21.832  -84.504  7.792 0.0000000000
6998  23.008  -84.868  6.752 0.0000000000
6999  22.497  -84.903  6.804 0.0000000000
7008  34.270  -84.704  5.403 0.0000000000
7009  33.231  -84.669  5.366 0.0000000000
7010  32.122  -84.531  5.373 0.0000000000
7011  31.390  -84.230  5.205 0.0000000000
7018  31.478  -84.849  5.197 0.0000000000
7019  30.784  -84.579  4.833 0.0000000000
7030  30.067  -84.465  3.714 0.0000000000
7031  29.533  -85.290  2.962 0.0000000000
7045  29.756  -84.377  2.354 0.0000000000
7046  29.263  -85.227  2.196 0.0000000000
7060  30.091  -84.172  1.207 0.0000000000
7061  29.244  -84.832  1.444 0.0000000000
7076  32.970  -84.106  -0.352 0.0000000000
7077  32.062  -84.126  -0.182 0.0000000000
7078  30.831  -84.053  0.170 0.0000000000
7080  28.992  -84.867  -0.061 0.0000000000
7098  30.180  -84.370  -0.707 0.0000000000
7113  30.767  -84.606  -1.608 0.0000000000
7114  29.695  -84.691  -1.501 0.0000000000
7133  31.654  -84.707  -2.641 0.0000000000
7134  30.256  -84.747  -2.037 0.0000000000
7135  29.729  -84.925  -2.168 0.0000000000
7598  34.633  -83.867  16.713 0.0000000000
7599  33.959  -83.724  16.353 0.0000000000
7627  32.650  -83.949  14.925 0.0000000000
7641  32.098  -83.256  14.408 0.0000000000
7642  31.812  -82.996  14.160 0.0000000000
7684  20.736  -84.066  11.268 0.0000000000
7707  36.243  -82.977  9.363 0.0000000000
7708  30.226  -83.629  8.973 0.0000000000
7709  29.654  -83.647  9.170 0.0000000000
7710  28.626  -83.541  9.208 0.0000000000
7714  22.524  -83.280  8.974 0.0000000000
7715  22.050  -83.268  9.313 0.0000000000
7716  21.361  -83.570  9.837 0.0000000000
7727  36.010  -83.413  8.732 0.0000000000
7728  35.168  -83.589  8.193 0.0000000000
7729  34.276  -83.494  7.851 0.0000000000
7730  33.045  -83.756  7.748 0.0000000000
7731  31.871  -83.461  8.277 0.0000000000
7732  30.795  -83.376  8.609 0.0000000000
7735  25.181  -83.247  8.541 0.0000000000
7736  24.016  -83.445  8.399 0.0000000000
7737  22.993  -83.460  8.599 0.0000000000
7738  22.134  -83.713  8.747 0.0000000000
7744  34.578  -84.197  7.769 0.0000000000
7745  33.822  -84.274  7.645 0.0000000000
7746  33.319  -84.442  7.649 0.0000000000
7763  35.270  -83.840  5.838 0.0000000000
7764  34.720  -83.941  5.499 0.0000000000
7765  33.864  -83.794  5.454 0.0000000000
7766  32.792  -83.613  5.434 0.0000000000
7767  31.771  -83.491  5.243 0.0000000000
7768  31.068  -83.746  4.998 0.0000000000
7778  31.275  -83.095  4.751 0.0000000000
7779  30.683  -83.534  4.343 0.0000000000
7790  30.527  -83.476  3.577 0.0000000000
7803  31.087  -83.212  2.196 0.0000000000
7804  30.522  -83.508  2.817 0.0000000000
7821  33.054  -83.385  0.446 0.0000000000
7822  32.458  -83.325  0.895 0.0000000000
7823  31.537  -83.361  1.496 0.0000000000
7824  30.628  -83.701  1.858 0.0000000000
7844  32.698  -83.745  0.205 0.0000000000
7845  31.789  -83.754  0.596 0.0000000000
7846  30.998  -83.829  1.075 0.0000000000
7913  34.131  -83.006  -2.752 0.0000000000
7935  33.865  -82.758  -3.299 0.0000000000
7936  33.342  -83.445  -3.156 0.0000000000
7937  32.698  -83.863  -3.321 0.0000000000
7959  33.152  -83.081  -3.890 0.0000000000
7960  32.568  -83.458  -3.995 0.0000000000
8440  36.944  -82.444  17.904 0.0000000000
8441  35.743  -82.738  18.020 0.0000000000
8442  34.525  -82.740  18.008 0.0000000000
8443  33.829  -82.468  17.767 0.0000000000
8456  36.324  -83.216  17.492 0.0000000000
8457  35.176  -83.448  17.437 0.0000000000
8458  33.917  -83.139  17.042 0.0000000000
8466  33.332  -83.339  15.740 0.0000000000
8487  31.953  -82.759  14.137 0.0000000000
8488  31.354  -82.411  14.069 0.0000000000
8502  31.101  -82.009  13.806 0.0000000000
8527  36.447  -82.129  11.212 0.0000000000
8537  36.016  -82.326  10.599 0.0000000000
8554  35.710  -82.605  9.461 0.0000000000
8555  35.226  -82.206  9.161 0.0000000000
8558  28.011  -82.494  9.389 0.0000000000
8561  25.080  -82.459  9.070 0.0000000000
8562  24.072  -82.360  9.114 0.0000000000
8563  22.938  -82.673  9.250 0.0000000000
8573  35.535  -83.055  8.698 0.0000000000
8574  34.948  -82.642  8.580 0.0000000000
8575  33.764  -82.612  8.123 0.0000000000
8576  32.565  -82.565  8.097 0.0000000000
8577  31.435  -82.471  8.320 0.0000000000
8578  30.456  -82.384  8.567 0.0000000000
8580  24.930  -82.823  8.744 0.0000000000
8581  24.497  -82.838  8.713 0.0000000000
8582  23.686  -82.908  8.739 0.0000000000
8595  36.143  -82.829  6.716 0.0000000000
8596  35.258  -82.868  6.150 0.0000000000
8597  34.357  -82.258  6.007 0.0000000000
8598  33.822  -81.914  6.011 0.0000000000
8605  34.978  -83.491  5.753 0.0000000000
8606  34.462  -83.184  5.770 0.0000000000
8607  33.445  -82.553  5.748 0.0000000000
8608  32.337  -82.625  5.395 0.0000000000
8609  31.692  -82.682  5.058 0.0000000000
8622  31.419  -82.342  4.580 0.0000000000
8623  31.071  -82.805  4.255 0.0000000000
8634  31.233  -82.204  3.823 0.0000000000
8635  30.879  -82.917  3.674 0.0000000000
8651  31.857  -82.139  2.383 0.0000000000
8652  31.280  -82.554  2.762 0.0000000000
8653  30.792  -83.104  3.211 0.0000000000
8673  34.258  -82.496  0.785 0.0000000000
8674  33.316  -82.813  0.879 0.0000000000
8675  32.151  -82.591  1.779 0.0000000000
8676  31.492  -82.924  2.042 0.0000000000
8712  36.132  -81.979  -0.928 0.0000000000
8713  35.452  -82.490  -0.669 0.0000000000
8733  36.098  -81.890  -1.386 0.0000000000
8752  36.066  -81.773  -1.794 0.0000000000
8754  34.816  -82.499  -2.486 0.0000000000
8773  35.232  -81.810  -2.971 0.0000000000
8774  34.423  -81.972  -3.560 0.0000000000
8775  33.570  -82.609  -3.830 0.0000000000
9255  36.576  -81.185  18.944 0.0000000000
9256  35.519  -81.395  19.312 0.0000000000
9257  34.427  -81.342  19.334 0.0000000000
9258  33.749  -81.117  19.134 0.0000000000
9272  37.068  -81.673  18.307 0.0000000000
9273  36.196  -82.017  18.596 0.0000000000
9274  35.011  -82.141  18.765 0.0000000000
9275  33.821  -81.807  18.479 0.0000000000
9286  33.363  -81.926  17.284 0.0000000000
9287  32.866  -81.377  16.870 0.0000000000
9298  33.366  -82.618  16.518 0.0000000000
9299  32.829  -82.045  16.104 0.0000000000
9312  32.045  -81.720  14.735 0.0000000000
9324  31.621  -81.801  14.194 0.0000000000
9328  22.639  -81.274  14.400 0.0000000000
9338  31.028  -81.537  13.774 0.0000000000
9340  22.713  -81.838  14.131 0.0000000000
9341  22.067  -81.457  13.941 0.0000000000
9367  35.929  -81.813  11.465 0.0000000000
9378  35.497  -81.622  10.704 0.0000000000
9379  35.109  -81.184  10.460 0.0000000000
9380  26.905  -80.891  9.813 0.0000000000
9397  35.609  -82.049  10.127 0.0000000000
9398  35.039  -81.568  9.662 0.0000000000
9399  34.358  -81.151  9.220 0.0000000000
9402  27.437  -81.566  9.574 0.0000000000
9411  34.950  -82.016  9.011 0.0000000000
9412  34.332  -81.732  8.777 0.0000000000
9413  33.217  -81.585  8.306 0.0000000000
9414  32.062  -81.520  8.219 0.0000000000
9415  30.956  -81.500  8.357 0.0000000000
9426  37.051  -82.161  7.570 0.0000000000
9436  36.493  -81.981  7.193 0.0000000000
9437  35.744  -81.866  6.761 0.0000000000
9438  34.901  -81.645  6.393 0.0000000000
9439  34.076  -81.445  6.299 0.0000000000
9445  33.422  -81.449  6.014 0.0000000000
9446  32.652  -81.537  5.523 0.0000000000
9447  31.870  -81.927  5.084 0.0000000000
9462  32.156  -81.171  4.934 0.0000000000
9463  31.656  -81.461  4.315 0.0000000000
9481  32.340  -80.899  3.064 0.0000000000
9482  31.707  -81.467  3.281 0.0000000000
9498  39.041  -80.628  1.698 0.0000000000
9501  36.318  -81.152  1.820 0.0000000000
9502  35.363  -81.203  1.827 0.0000000000
9503  34.415  -81.253  1.878 0.0000000000
9504  33.444  -81.334  2.048 0.0000000000
9505  32.371  -81.590  2.403 0.0000000000
9506  31.743  -81.889  2.674 0.0000000000
9515  39.128  -80.580  1.272 0.0000000000
9516  38.570  -80.892  0.938 0.0000000000
9519  35.718  -81.772  1.270 0.0000000000
9520  34.806  -81.881  1.310 0.0000000000
9521  33.880  -81.970  1.388 0.0000000000
9522  33.024  -82.052  1.660 0.0000000000
9532  38.346  -80.774  -0.033 0.0000000000
9549  37.861  -80.855  -0.560 0.0000000000
9564  37.363  -81.011  -1.324 0.0000000000
9565  36.595  -81.489  -1.501 0.0000000000
9576  37.075  -80.934  -2.053 0.0000000000
9578  35.796  -81.440  -2.933 0.0000000000
9597  35.469  -81.212  -3.646 0.0000000000
9598  34.889  -81.310  -4.088 0.0000000000
9662  30.150  -81.763  -5.898 0.0000000000
9663  29.817  -81.847  -5.983 0.0000000000
10116  35.389  -79.825  20.133 0.0000000000
10117  34.484  -79.926  20.294 0.0000000000
10118  33.895  -79.814  20.216 0.0000000000
10126  37.733  -80.248  18.736 0.0000000000
10127  36.928  -80.286  19.121 0.0000000000
10128  35.951  -80.467  19.578 0.0000000000
10129  34.924  -80.699  19.965 0.0000000000
10130  33.835  -80.429  19.719 0.0000000000
10140  38.265  -80.736  18.474 0.0000000000
10141  37.442  -80.976  18.499 0.0000000000
10142  33.224  -80.640  18.640 0.0000000000
10143  32.715  -80.181  18.098 0.0000000000
10153  33.260  -81.316  18.020 0.0000000000
10154  32.827  -80.849  17.579 0.0000000000
10169  32.481  -80.752  16.524 0.0000000000
10170  32.000  -80.448  15.784 0.0000000000
10186  32.268  -81.320  15.481 0.0000000000
10187  31.687  -80.776  14.871 0.0000000000
10202  31.160  -80.650  14.053 0.0000000000
10206  22.126  -80.490  14.402 0.0000000000
10207  21.638  -80.205  13.796 0.0000000000
10221  36.676  -80.592  13.038 0.0000000000
10224  29.943  -80.324  13.840 0.0000000000
10226  21.662  -80.788  13.771 0.0000000000
10227  21.509  -80.357  13.102 0.0000000000
10241  36.553  -80.940  12.750 0.0000000000
10243  21.604  -80.390  12.157 0.0000000000
10249  37.334  -80.256  11.465 0.0000000000
10250  37.021  -79.816  11.183 0.0000000000
10252  35.421  -80.512  11.645 0.0000000000
10266  37.150  -80.896  10.767 0.0000000000
10267  36.877  -80.075  10.761 0.0000000000
10268  35.545  -81.372  11.317 0.0000000000
10269  35.228  -80.786  11.078 0.0000000000
10284  37.153  -81.122  10.090 0.0000000000
10285  36.853  -80.422  10.070 0.0000000000
10286  34.753  -80.668  10.285 0.0000000000
10287  34.315  -80.603  9.587 0.0000000000
10298  37.011  -80.807  9.314 0.0000000000
10299  36.702  -79.949  9.440 0.0000000000
10300  33.699  -80.696  8.885 0.0000000000
10301  32.655  -80.558  8.416 0.0000000000
10302  31.550  -80.504  8.304 0.0000000000
10318  37.092  -80.856  8.346 0.0000000000
10319  36.849  -81.089  7.595 0.0000000000
10329  36.175  -80.894  7.074 0.0000000000
10332  33.706  -80.650  6.274 0.0000000000
10341  33.086  -80.617  5.816 0.0000000000
10342  32.601  -80.498  5.190 0.0000000000
10363  32.234  -80.553  4.328 0.0000000000
10364  31.823  -80.994  3.885 0.0000000000
10386  35.387  -80.134  2.753 0.0000000000
10387  34.663  -80.013  2.959 0.0000000000
10388  33.658  -79.993  3.162 0.0000000000
10389  32.708  -80.228  3.508 0.0000000000
10390  32.104  -80.770  3.597 0.0000000000
10405  39.634  -80.233  2.172 0.0000000000
10407  37.900  -80.473  2.324 0.0000000000
10408  36.879  -80.491  2.287 0.0000000000
10409  35.882  -80.522  2.383 0.0000000000
10410  34.961  -80.620  2.387 0.0000000000
10411  34.028  -80.643  2.525 0.0000000000
10412  33.043  -80.700  2.711 0.0000000000
10427  39.707  -80.303  1.432 0.0000000000
10428  39.229  -80.488  0.900 0.0000000000
10445  39.692  -80.171  0.547 0.0000000000
10446  38.978  -80.411  0.228 0.0000000000
10478  37.566  -80.541  -1.907 0.0000000000
10479  33.473  -80.277  -2.114 0.0000000000
10494  33.568  -80.482  -3.074 0.0000000000
10495  33.053  -80.733  -2.511 0.0000000000
10510  33.525  -80.649  -3.965 0.0000000000
10511  32.871  -80.904  -3.408 0.0000000000
10524  32.606  -81.041  -4.553 0.0000000000
10556  30.970  -81.449  -6.276 0.0000000000
10557  30.085  -81.720  -6.164 0.0000000000
10571  30.439  -81.543  -6.944 0.0000000000
10572  29.711  -81.419  -7.511 0.0000000000
10597  29.195  -81.231  -8.009 0.0000000000
11047  35.625  -79.192  20.204 0.0000000000
11048  34.967  -79.190  20.424 0.0000000000
11049  34.045  -79.282  20.513 0.0000000000
11067  38.970  -79.537  18.689 0.0000000000
11068  38.475  -79.739  18.751 0.0000000000
11069  37.383  -79.423  19.194 0.0000000000
11070  36.276  -79.316  19.775 0.0000000000
11071  33.417  -79.470  19.987 0.0000000000
11072  32.899  -79.296  19.442 0.0000000000
11091  38.749  -80.271  18.565 0.0000000000
11092  33.189  -79.877  19.299 0.0000000000
11093  32.668  -79.551  18.652 0.0000000000
11124  31.623  -79.660  15.585 0.0000000000
11129  22.580  -78.864  15.539 0.0000000000
11138  31.166  -79.698  14.657 0.0000000000
11150  37.208  -78.931  13.959 0.0000000000
11151  36.775  -78.948  13.884 0.0000000000
11152  30.595  -79.627  13.987 0.0000000000
11153  30.291  -79.170  13.836 0.0000000000
11168  37.694  -79.480  13.607 0.0000000000
11169  36.818  -79.525  13.594 0.0000000000
11170  36.168  -79.773  13.119 0.0000000000
11171  30.424  -79.903  13.771 0.0000000000
11186  38.191  -79.347  12.557 0.0000000000
11187  35.878  -80.080  12.709 0.0000000000
11202  37.714  -79.466  11.990 0.0000000000
11203  37.192  -79.396  11.464 0.0000000000
11204  35.569  -80.161  12.127 0.0000000000
11205  35.251  -79.919  11.451 0.0000000000
11208  23.459  -79.350  11.289 0.0000000000
11221  36.728  -79.359  10.929 0.0000000000
11222  34.713  -79.750  10.720 0.0000000000
11223  34.207  -79.281  10.136 0.0000000000
11226  24.212  -79.692  10.863 0.0000000000
11232  36.475  -79.391  10.001 0.0000000000
11233  34.398  -79.948  9.994 0.0000000000
11234  33.700  -79.558  9.457 0.0000000000
11235  32.954  -79.119  8.977 0.0000000000
11249  36.768  -79.584  8.631 0.0000000000
11250  36.585  -79.377  9.262 0.0000000000
11251  33.084  -79.823  8.769 0.0000000000
11252  32.140  -79.382  8.575 0.0000000000
11266  36.796  -79.813  7.818 0.0000000000
11267  36.407  -79.846  7.301 0.0000000000
11275  33.499  -79.909  6.030 0.0000000000
11280  33.068  -79.809  5.380 0.0000000000
11281  32.733  -80.045  5.167 0.0000000000
11300  40.826  -79.004  4.029 0.0000000000
11301  33.750  -79.252  4.206 0.0000000000
11302  33.295  -79.456  4.630 0.0000000000
11303  32.691  -79.956  4.850 0.0000000000
11320  39.383  -79.394  3.158 0.0000000000
11321  37.154  -79.213  2.784 0.0000000000
11322  36.678  -79.230  2.849 0.0000000000
11325  33.377  -79.600  3.883 0.0000000000
11326  32.768  -79.852  4.229 0.0000000000
11343  38.546  -79.744  2.752 0.0000000000
11344  37.397  -79.600  2.650 0.0000000000
11346  35.809  -80.002  2.748 0.0000000000
11393  33.436  -79.343  -0.828 0.0000000000
11394  32.831  -79.637  -0.420 0.0000000000
11407  34.649  -79.375  -2.035 0.0000000000
11408  33.818  -79.627  -1.707 0.0000000000
11409  33.103  -79.974  -1.171 0.0000000000
11425  37.487  -79.601  -2.807 0.0000000000
11426  36.851  -79.342  -2.849 0.0000000000
11428  35.202  -79.607  -2.902 0.0000000000
11429  34.262  -79.958  -2.748 0.0000000000
11448  35.749  -79.814  -3.551 0.0000000000
11449  34.870  -80.002  -3.679 0.0000000000
11450  34.139  -80.345  -3.561 0.0000000000
11496  30.140  -81.565  -6.698 0.0000000000
11497  29.511  -81.486  -6.916 0.0000000000
11506  29.755  -81.457  -7.152 0.0000000000
11507  29.089  -81.068  -7.613 0.0000000000
11524  28.850  -80.896  -8.046 0.0000000000
11525  28.369  -80.700  -8.054 0.0000000000
11982  36.277  -77.984  20.115 0.0000000000
11983  35.774  -78.411  20.220 0.0000000000
11984  34.470  -78.410  20.556 0.0000000000
11985  33.386  -78.558  20.436 0.0000000000
11986  32.690  -78.344  20.041 0.0000000000
12003  39.169  -79.022  18.849 0.0000000000
12005  36.796  -78.291  19.791 0.0000000000
12006  36.304  -78.673  19.966 0.0000000000
12007  32.913  -78.893  19.895 0.0000000000
12008  32.473  -78.629  19.305 0.0000000000
12027  32.065  -78.535  18.249 0.0000000000
12028  31.727  -77.821  18.086 0.0000000000
12048  31.721  -78.125  17.486 0.0000000000
12068  22.716  -78.263  15.916 0.0000000000
12072  31.244  -78.675  15.313 0.0000000000
12075  22.400  -78.296  15.141 0.0000000000
12081  38.374  -78.084  14.200 0.0000000000
12082  37.464  -78.196  14.282 0.0000000000
12083  36.623  -78.356  14.073 0.0000000000
12086  30.378  -78.713  13.999 0.0000000000
12099  37.968  -78.784  13.901 0.0000000000
12100  36.553  -78.893  13.802 0.0000000000
12101  36.083  -78.673  13.513 0.0000000000
12118  38.818  -78.515  12.669 0.0000000000
12119  38.127  -78.612  12.321 0.0000000000
12120  35.598  -79.114  12.519 0.0000000000
12121  35.224  -78.871  11.920 0.0000000000
12122  23.842  -78.054  12.080 0.0000000000
12136  37.443  -78.635  11.830 0.0000000000
12137  36.784  -78.612  11.308 0.0000000000
12138  35.325  -79.403  11.879 0.0000000000
12139  34.822  -78.956  11.430 0.0000000000
12147  36.447  -78.584  10.569 0.0000000000
12148  34.316  -78.686  10.641 0.0000000000
12149  33.760  -78.545  9.984 0.0000000000
12160  36.328  -78.411  9.867 0.0000000000
12161  33.139  -78.519  9.425 0.0000000000
12162  32.496  -78.495  8.988 0.0000000000
12163  29.232  -78.301  8.680 0.0000000000
12178  36.840  -78.483  8.316 0.0000000000
12179  36.533  -78.523  9.076 0.0000000000
12180  31.931  -78.438  8.709 0.0000000000
12181  31.324  -78.704  8.559 0.0000000000
12191  36.948  -78.710  7.889 0.0000000000
12192  36.597  -78.789  7.416 0.0000000000
12195  36.042  -78.784  6.913 0.0000000000
12237  40.671  -78.516  4.278 0.0000000000
12238  40.073  -78.241  3.944 0.0000000000
12259  40.555  -79.029  3.783 0.0000000000
12260  39.885  -78.796  3.612 0.0000000000
12261  38.668  -78.840  3.166 0.0000000000
12262  37.388  -78.798  2.910 0.0000000000
12280  41.428  -78.689  2.756 0.0000000000
12281  41.168  -78.521  2.201 0.0000000000
12282  37.943  -79.232  2.761 0.0000000000
12283  37.584  -79.221  2.757 0.0000000000
12301  40.670  -78.574  1.499 0.0000000000
12321  39.946  -78.532  0.505 0.0000000000
12322  39.073  -78.159  0.134 0.0000000000
12323  38.569  -77.887  -0.029 0.0000000000
12345  38.386  -78.209  -0.587 0.0000000000
12346  37.775  -78.046  -0.832 0.0000000000
12347  35.226  -78.171  -0.821 0.0000000000
12348  34.399  -78.451  -0.697 0.0000000000
12349  33.679  -78.717  -0.469 0.0000000000
12350  33.056  -79.052  -0.059 0.0000000000
12365  37.745  -78.417  -1.431 0.0000000000
12369  34.092  -78.965  -1.256 0.0000000000
12383  38.127  -79.002  -2.236 0.0000000000
12384  37.296  -78.925  -2.308 0.0000000000
12917  36.147  -77.282  20.138 0.0000000000
12918  34.911  -77.406  20.439 0.0000000000
12919  33.765  -77.566  20.690 0.0000000000
12920  32.832  -77.676  20.401 0.0000000000
12921  32.307  -77.766  19.730 0.0000000000
12939  37.035  -77.291  19.887 0.0000000000
12940  31.951  -77.963  19.069 0.0000000000
12950  31.798  -77.654  18.589 0.0000000000
12951  31.708  -77.367  18.281 0.0000000000
12961  31.640  -77.371  17.777 0.0000000000
12983  23.073  -77.528  16.270 0.0000000000
12996  23.308  -76.810  16.125 0.0000000000
12997  22.696  -77.129  15.452 0.0000000000
13012  37.791  -77.254  14.446 0.0000000000
13013  36.905  -77.394  14.403 0.0000000000
13015  30.864  -77.813  14.937 0.0000000000
13016  30.496  -77.968  14.265 0.0000000000
13020  22.433  -77.596  14.464 0.0000000000
13034  35.860  -77.543  13.555 0.0000000000
13035  30.215  -78.049  13.829 0.0000000000
13038  22.953  -77.322  13.261 0.0000000000
13039  22.431  -77.955  13.519 0.0000000000
13051  38.719  -77.739  12.381 0.0000000000
13052  37.790  -77.756  12.133 0.0000000000
13053  35.534  -77.806  12.811 0.0000000000
13054  35.032  -78.028  11.913 0.0000000000
13055  23.993  -77.648  12.314 0.0000000000
13056  23.169  -77.738  12.675 0.0000000000
13057  22.707  -77.858  12.962 0.0000000000
13061  36.960  -77.735  11.652 0.0000000000
13062  36.445  -77.750  10.931 0.0000000000
13063  34.427  -77.893  11.122 0.0000000000
13073  36.301  -77.856  10.231 0.0000000000
13074  33.901  -77.747  10.501 0.0000000000
13075  33.185  -77.578  9.873 0.0000000000
13076  32.493  -77.268  9.488 0.0000000000
13093  36.394  -77.649  9.573 0.0000000000
13094  32.674  -77.904  9.357 0.0000000000
13095  32.070  -77.698  8.995 0.0000000000
13096  31.281  -77.339  8.860 0.0000000000
13097  30.392  -77.317  8.777 0.0000000000
13098  29.343  -77.589  8.807 0.0000000000
13111  36.787  -77.836  8.425 0.0000000000
13112  36.613  -77.396  8.865 0.0000000000
13113  31.514  -78.017  8.687 0.0000000000
13114  30.845  -78.034  8.615 0.0000000000
13115  30.022  -78.124  8.628 0.0000000000
13116  29.534  -78.206  8.651 0.0000000000
13121  37.061  -77.823  7.970 0.0000000000
13130  35.548  -77.750  6.482 0.0000000000
13148  41.577  -76.918  5.442 0.0000000000
13172  41.663  -77.841  5.152 0.0000000000
13173  41.048  -77.451  5.073 0.0000000000
13175  35.116  -77.601  4.457 0.0000000000
13194  42.105  -77.645  3.705 0.0000000000
13195  41.637  -77.931  3.109 0.0000000000
13199  35.867  -77.647  3.624 0.0000000000
13200  35.418  -77.671  3.948 0.0000000000
13219  41.300  -78.162  2.595 0.0000000000
13220  40.839  -77.934  2.223 0.0000000000
13242  34.533  -76.987  1.009 0.0000000000
13243  34.022  -77.161  1.130 0.0000000000
13264  38.636  -77.442  0.403 0.0000000000
13265  38.044  -77.097  0.123 0.0000000000
13266  35.330  -77.071  0.330 0.0000000000
13267  34.802  -77.151  0.593 0.0000000000
13286  38.231  -77.603  -0.123 0.0000000000
13287  37.474  -77.425  -0.418 0.0000000000
13288  36.454  -77.404  -0.500 0.0000000000
13289  35.520  -77.408  -0.137 0.0000000000
13290  34.603  -77.881  -0.094 0.0000000000
13308  37.497  -78.001  -0.902 0.0000000000
13309  37.016  -77.931  -1.003 0.0000000000
13310  36.120  -77.953  -0.980 0.0000000000
13903  36.212  -76.079  20.160 0.0000000000
13904  35.212  -76.310  20.359 0.0000000000
13905  34.096  -76.513  20.718 0.0000000000
13906  33.017  -76.721  20.680 0.0000000000
13907  32.327  -76.922  20.087 0.0000000000
13918  36.816  -76.640  19.993 0.0000000000
13919  31.932  -76.987  19.168 0.0000000000
13920  31.692  -76.375  18.820 0.0000000000
13927  31.765  -77.199  18.601 0.0000000000
13928  31.674  -76.825  18.352 0.0000000000
13936  31.519  -76.641  17.521 0.0000000000
13947  31.365  -76.597  16.571 0.0000000000
13948  26.219  -76.859  16.432 0.0000000000
13950  24.690  -76.455  16.438 0.0000000000
13951  23.904  -76.405  16.225 0.0000000000
13973  23.473  -76.058  15.486 0.0000000000
13974  22.934  -76.400  15.049 0.0000000000
13992  37.105  -76.372  14.718 0.0000000000
13993  36.433  -76.544  14.278 0.0000000000
13999  23.302  -76.007  14.560 0.0000000000
14000  22.749  -76.703  14.517 0.0000000000
14013  35.941  -76.603  13.739 0.0000000000
14017  23.358  -76.436  13.720 0.0000000000
14018  22.664  -77.130  13.861 0.0000000000
14026  40.045  -76.610  12.587 0.0000000000
14027  39.232  -76.805  12.415 0.0000000000
14028  38.217  -76.828  12.336 0.0000000000
14033  23.668  -77.049  12.979 0.0000000000
14039  37.274  -76.765  11.926 0.0000000000
14040  36.618  -76.747  11.206 0.0000000000
14061  36.377  -76.902  10.196 0.0000000000
14062  34.122  -77.229  10.852 0.0000000000
14063  33.600  -76.602  10.553 0.0000000000
14064  32.699  -76.538  9.852 0.0000000000
14082  36.513  -76.856  9.339 0.0000000000
14093  36.792  -77.010  8.217 0.0000000000
14094  36.688  -76.573  8.770 0.0000000000
14101  36.705  -77.160  7.708 0.0000000000
14125  41.186  -76.432  5.447 0.0000000000
14143  43.177  -76.025  4.792 0.0000000000
14145  40.605  -76.489  5.092 0.0000000000
14171  42.971  -76.128  4.109 0.0000000000
14172  42.414  -76.675  3.865 0.0000000000
14173  41.474  -76.893  3.257 0.0000000000
14205  41.157  -77.578  2.733 0.0000000000
14232  35.361  -76.146  1.153 0.0000000000
14233  34.747  -76.576  1.243 0.0000000000
14251  38.262  -76.564  0.688 0.0000000000
14252  37.530  -76.602  0.265 0.0000000000
14254  35.649  -76.628  0.501 0.0000000000
14255  35.068  -76.791  0.780 0.0000000000
14269  37.097  -76.769  -0.075 0.0000000000
14270  36.568  -76.895  -0.119 0.0000000000
14271  36.053  -77.100  -0.042 0.0000000000
14910  35.457  -75.241  20.322 0.0000000000
14911  34.383  -75.424  20.575 0.0000000000
14912  33.261  -75.644  20.762 0.0000000000
14913  32.256  -75.880  20.296 0.0000000000
14914  31.900  -75.414  19.995 0.0000000000
14924  32.009  -76.411  19.798 0.0000000000
14925  31.756  -75.824  19.422 0.0000000000
14934  31.527  -75.873  18.292 0.0000000000
14945  31.352  -75.748  17.194 0.0000000000
14951  31.126  -75.742  16.231 0.0000000000
14966  36.964  -75.514  15.003 0.0000000000
14987  36.486  -75.660  14.561 0.0000000000
14988  36.009  -75.727  14.030 0.0000000000
15022  40.453  -75.707  12.617 0.0000000000
15023  39.609  -75.827  12.593 0.0000000000
15024  38.609  -75.858  12.572 0.0000000000
15039  37.608  -75.793  12.237 0.0000000000
15040  36.857  -75.646  11.547 0.0000000000
15060  36.532  -75.711  10.598 0.0000000000
15071  36.623  -75.853  9.396 0.0000000000
15082  36.616  -76.516  7.755 0.0000000000
15083  36.728  -75.868  8.216 0.0000000000
15093  35.622  -75.193  6.761 0.0000000000
15102  41.956  -75.492  6.051 0.0000000000
15113  41.338  -75.556  5.732 0.0000000000
15114  40.447  -75.585  5.200 0.0000000000
15130  40.171  -76.123  4.922 0.0000000000
15149  43.326  -75.435  3.936 0.0000000000
15150  42.778  -75.491  3.477 0.0000000000
15151  41.888  -75.903  3.582 0.0000000000
15172  43.151  -75.001  3.190 0.0000000000
15173  42.997  -74.868  2.929 0.0000000000
15176  35.092  -75.012  2.227 0.0000000000
15193  38.118  -75.460  1.177 0.0000000000
15194  36.948  -75.236  1.152 0.0000000000
15195  36.081  -75.287  1.336 0.0000000000
15196  35.234  -75.464  1.752 0.0000000000
15197  34.290  -75.927  2.087 0.0000000000
15211  37.781  -76.144  0.719 0.0000000000
15213  36.381  -75.821  0.744 0.0000000000
15214  35.726  -75.838  1.049 0.0000000000
15876  35.621  -74.240  20.421 0.0000000000
15877  34.675  -74.362  20.467 0.0000000000
15878  33.542  -74.528  20.745 0.0000000000
15879  32.449  -74.806  20.504 0.0000000000
15880  32.056  -75.205  20.206 0.0000000000
15888  32.116  -74.146  20.189 0.0000000000
15889  31.806  -74.744  19.813 0.0000000000
15899  31.578  -74.882  18.844 0.0000000000
15907  31.459  -74.841  17.798 0.0000000000
15918  31.290  -74.840  16.716 0.0000000000
15944  36.999  -74.699  15.206 0.0000000000
15969  36.437  -74.845  14.841 0.0000000000
15970  35.954  -74.954  14.409 0.0000000000
16012  40.874  -74.767  12.595 0.0000000000
16013  39.982  -74.820  12.774 0.0000000000
16014  39.013  -74.867  12.650 0.0000000000
16015  38.038  -74.817  12.404 0.0000000000
16033  37.256  -74.810  11.725 0.0000000000
16034  36.902  -75.060  11.473 0.0000000000
16049  37.201  -74.042  11.275 0.0000000000
16050  36.772  -74.769  11.092 0.0000000000
16061  37.033  -73.950  10.659 0.0000000000
16062  36.868  -74.535  9.955 0.0000000000
16075  36.743  -74.649  8.741 0.0000000000
16084  36.234  -74.794  7.845 0.0000000000
16085  35.681  -74.699  7.204 0.0000000000
16092  42.943  -74.892  5.637 0.0000000000
16093  42.701  -74.678  5.839 0.0000000000
16095  35.556  -74.539  6.468 0.0000000000
16107  41.528  -74.662  6.006 0.0000000000
16108  40.771  -74.642  5.579 0.0000000000
16109  39.940  -74.575  5.135 0.0000000000
16149  43.366  -74.618  3.339 0.0000000000
16150  42.116  -75.095  3.386 0.0000000000
16162  43.133  -74.366  2.345 0.0000000000
16163  42.685  -74.500  2.663 0.0000000000
16166  39.416  -74.533  2.215 0.0000000000
16167  38.886  -73.887  2.036 0.0000000000
16181  43.154  -74.037  1.052 0.0000000000
16182  42.931  -74.223  1.491 0.0000000000
16183  38.796  -74.963  1.694 0.0000000000
16184  38.387  -74.271  1.778 0.0000000000
16185  37.369  -74.413  1.508 0.0000000000
16186  36.456  -74.595  1.594 0.0000000000
16187  35.803  -74.788  1.787 0.0000000000
16234  42.699  -73.385  -0.857 0.0000000000
16235  42.287  -73.519  -1.207 0.0000000000
16236  41.867  -73.485  -1.554 0.0000000000
16250  42.409  -73.262  -1.481 0.0000000000
16252  41.624  -73.397  -2.091 0.0000000000
16253  33.123  -73.792  -3.408 0.0000000000
16254  32.874  -73.824  -3.403 0.0000000000
16273  39.757  -73.816  -4.361 0.0000000000
16274  34.022  -74.084  -4.315 0.0000000000
16275  33.301  -73.926  -3.858 0.0000000000
16292  39.082  -74.248  -4.849 0.0000000000
16293  38.108  -74.377  -5.002 0.0000000000
16294  37.273  -74.386  -5.007 0.0000000000
16317  34.886  -74.601  -5.858 0.0000000000
16318  33.927  -74.711  -5.644 0.0000000000
16319  32.960  -74.840  -5.637 0.0000000000
16320  31.757  -74.804  -5.980 0.0000000000
16917  34.958  -73.377  20.376 0.0000000000
16918  33.910  -73.441  20.669 0.0000000000
16919  32.662  -73.579  20.537 0.0000000000
16929  31.926  -73.569  19.519 0.0000000000
16930  31.667  -74.239  19.180 0.0000000000
16940  31.837  -73.238  18.774 0.0000000000
16941  31.587  -73.843  18.441 0.0000000000
16950  31.419  -73.940  17.291 0.0000000000
16963  31.213  -73.926  16.251 0.0000000000
16988  36.269  -73.899  15.067 0.0000000000
16989  35.719  -73.766  14.697 0.0000000000
17006  35.977  -74.330  14.667 0.0000000000
17007  35.592  -74.161  14.243 0.0000000000
17037  41.328  -73.883  12.695 0.0000000000
17038  40.411  -73.817  12.762 0.0000000000
17039  39.322  -73.735  12.709 0.0000000000
17040  38.488  -74.047  12.497 0.0000000000
17055  38.511  -73.268  12.426 0.0000000000
17056  37.791  -73.607  11.891 0.0000000000
17068  37.337  -73.156  10.929 0.0000000000
17080  37.137  -73.379  10.095 0.0000000000
17081  36.715  -73.511  9.254 0.0000000000
17093  35.966  -73.581  8.256 0.0000000000
17100  35.793  -74.154  7.633 0.0000000000
17101  35.522  -73.553  7.191 0.0000000000
17111  41.681  -73.722  6.247 0.0000000000
17112  35.660  -73.704  6.190 0.0000000000
17124  41.044  -73.743  5.864 0.0000000000
17125  40.146  -73.661  5.445 0.0000000000
17126  39.004  -73.771  4.991 0.0000000000
17127  37.836  -73.497  5.033 0.0000000000
17128  36.945  -73.483  5.170 0.0000000000
17151  38.799  -74.378  4.753 0.0000000000
17152  38.220  -74.215  4.744 0.0000000000
17153  37.313  -74.097  4.838 0.0000000000
17154  36.654  -74.040  5.056 0.0000000000
17190  43.449  -73.829  2.725 0.0000000000
17191  42.575  -74.211  2.305 0.0000000000
17194  40.227  -73.692  2.462 0.0000000000
17195  39.254  -73.431  2.188 0.0000000000
17215  43.452  -73.539  1.605 0.0000000000
17218  38.461  -73.400  2.012 0.0000000000
17220  36.656  -73.744  1.884 0.0000000000
17221  35.984  -74.145  2.013 0.0000000000
17276  42.701  -72.857  -1.363 0.0000000000
17279  39.338  -72.933  -2.115 0.0000000000
17280  32.843  -73.164  -2.142 0.0000000000
17294  42.349  -72.926  -2.085 0.0000000000
17296  41.067  -73.387  -2.717 0.0000000000
17297  40.196  -73.377  -2.778 0.0000000000
17298  39.128  -73.294  -2.720 0.0000000000
17299  38.085  -73.240  -3.008 0.0000000000
17300  37.190  -73.154  -3.130 0.0000000000
17301  36.676  -73.100  -3.193 0.0000000000
17302  34.772  -73.049  -3.100 0.0000000000
17303  34.029  -73.265  -2.960 0.0000000000
17304  33.240  -73.604  -2.999 0.0000000000
17321  40.429  -73.552  -3.762 0.0000000000
17322  39.398  -73.726  -3.829 0.0000000000
17323  38.458  -73.647  -3.706 0.0000000000
17324  37.550  -73.604  -3.712 0.0000000000
17325  36.625  -73.452  -3.648 0.0000000000
17326  35.575  -73.274  -3.557 0.0000000000
17327  34.355  -73.620  -3.739 0.0000000000
17328  33.716  -73.600  -3.390 0.0000000000
17343  38.613  -74.046  -4.390 0.0000000000
17344  37.858  -74.036  -4.391 0.0000000000
17346  36.036  -73.814  -4.391 0.0000000000
17347  35.063  -73.916  -4.318 0.0000000000
17348  34.476  -74.011  -4.304 0.0000000000
18012  35.287  -72.464  20.400 0.0000000000
18013  34.354  -72.467  20.459 0.0000000000
18014  33.269  -72.482  20.489 0.0000000000
18026  32.434  -72.521  19.894 0.0000000000
18040  32.149  -72.583  18.809 0.0000000000
18041  31.791  -73.034  18.276 0.0000000000
18052  32.103  -72.480  17.589 0.0000000000
18053  31.629  -73.243  17.693 0.0000000000
18067  31.992  -72.409  16.377 0.0000000000
18068  31.557  -73.120  16.816 0.0000000000
18089  36.400  -72.846  15.431 0.0000000000
18090  35.404  -72.950  15.014 0.0000000000
18091  34.773  -72.516  14.804 0.0000000000
18093  31.419  -73.051  15.633 0.0000000000
18113  35.353  -73.489  14.455 0.0000000000
18135  42.956  -72.829  13.459 0.0000000000
18136  42.223  -72.590  13.327 0.0000000000
18137  41.550  -72.454  13.245 0.0000000000
18149  42.347  -73.274  13.160 0.0000000000
18150  41.768  -73.197  13.031 0.0000000000
18151  40.881  -72.847  13.034 0.0000000000
18152  39.887  -72.760  12.815 0.0000000000
18153  38.975  -72.574  12.619 0.0000000000
18163  38.279  -72.485  12.072 0.0000000000
18164  37.740  -72.397  11.415 0.0000000000
18174  37.407  -72.196  10.748 0.0000000000
18175  37.087  -72.075  10.314 0.0000000000
18189  37.207  -72.651  10.348 0.0000000000
18207  42.201  -71.821  6.789 0.0000000000
18219  41.583  -72.328  6.427 0.0000000000
18220  40.836  -72.006  6.078 0.0000000000
18235  41.294  -73.109  6.070 0.0000000000
18236  40.587  -72.587  5.801 0.0000000000
18291  43.439  -72.976  2.337 0.0000000000
18294  40.920  -73.029  2.345 0.0000000000
18295  39.854  -72.635  2.168 0.0000000000
18312  43.434  -72.825  1.676 0.0000000000
18313  41.572  -72.951  1.716 0.0000000000
18314  40.764  -72.314  1.648 0.0000000000
18315  39.951  -71.888  1.755 0.0000000000
18340  43.393  -72.718  0.973 0.0000000000
18341  41.507  -72.620  0.880 0.0000000000
18342  40.816  -72.073  0.712 0.0000000000
18360  43.191  -72.416  0.016 0.0000000000
18361  41.237  -72.516  0.123 0.0000000000
18362  40.526  -72.147  -0.205 0.0000000000
18363  39.885  -72.037  -0.758 0.0000000000
18364  34.241  -71.637  -0.759 0.0000000000
18365  33.542  -71.676  -0.288 0.0000000000
18366  32.630  -72.437  -0.566 0.0000000000
18380  42.752  -72.000  -0.986 0.0000000000
18381  41.120  -72.687  -0.620 0.0000000000
18382  40.334  -72.571  -1.149 0.0000000000
18383  39.172  -72.375  -1.514 0.0000000000
18384  38.027  -72.268  -1.780 0.0000000000
18385  37.024  -72.276  -1.856 0.0000000000
18386  36.020  -72.148  -1.928 0.0000000000
18387  35.047  -72.140  -1.791 0.0000000000
18388  34.130  -72.216  -1.397 0.0000000000
18389  33.220  -72.571  -1.332 0.0000000000
18390  32.539  -72.820  -1.422 0.0000000000
18413  42.533  -72.096  -1.966 0.0000000000
18415  39.061  -72.870  -2.181 0.0000000000
18416  38.529  -72.786  -2.314 0.0000000000
18421  33.628  -72.867  -2.240 0.0000000000
19177  35.731  -71.595  20.380 0.0000000000
19178  34.845  -71.626  20.209 0.0000000000
19179  33.796  -71.514  20.260 0.0000000000
19180  32.941  -71.755  20.039 0.0000000000
19194  33.300  -71.115  19.617 0.0000000000
19195  32.626  -71.675  19.253 0.0000000000
19212  33.170  -70.852  18.580 0.0000000000
19213  32.548  -71.743  18.223 0.0000000000
19226  33.033  -71.283  17.483 0.0000000000
19227  32.567  -71.850  17.558 0.0000000000
19238  34.961  -71.177  16.165 0.0000000000
19239  34.033  -71.331  16.322 0.0000000000
19240  33.230  -71.523  16.554 0.0000000000
19241  32.603  -71.924  16.922 0.0000000000
19261  35.634  -71.894  15.608 0.0000000000
19262  34.513  -71.942  15.378 0.0000000000
19263  33.427  -71.664  15.614 0.0000000000
19264  32.617  -71.898  15.931 0.0000000000
19311  40.981  -71.777  13.239 0.0000000000
19330  40.215  -71.865  12.927 0.0000000000
19331  39.493  -71.775  12.656 0.0000000000
19332  38.738  -71.615  12.278 0.0000000000
19344  38.061  -71.541  11.736 0.0000000000
19345  37.554  -71.468  11.111 0.0000000000
19353  37.139  -71.503  10.590 0.0000000000
19379  41.932  -71.313  7.064 0.0000000000
19392  41.343  -71.154  6.677 0.0000000000
19393  40.592  -71.307  6.245 0.0000000000
19394  39.857  -70.868  6.150 0.0000000000
19410  40.425  -71.819  5.930 0.0000000000
19411  39.549  -71.466  5.806 0.0000000000
19437  42.651  -71.539  3.383 0.0000000000
19456  43.314  -72.542  1.989 0.0000000000
19457  42.955  -72.105  2.425 0.0000000000
19479  43.198  -72.211  1.547 0.0000000000
19480  42.709  -71.371  1.557 0.0000000000
19481  40.274  -71.778  1.226 0.0000000000
19482  39.487  -71.360  1.205 0.0000000000
19504  42.988  -71.666  0.703 0.0000000000
19505  42.669  -70.889  0.920 0.0000000000
19506  40.128  -71.669  0.533 0.0000000000
19507  39.500  -71.393  0.287 0.0000000000
19508  38.976  -71.211  0.038 0.0000000000
19526  42.868  -71.354  -0.260 0.0000000000
19527  39.909  -71.705  -0.158 0.0000000000
19528  39.292  -71.634  -0.535 0.0000000000
19529  38.553  -71.342  -0.462 0.0000000000
19547  42.755  -70.902  -1.015 0.0000000000
19548  38.861  -71.730  -0.958 0.0000000000
19549  38.342  -71.735  -1.158 0.0000000000
19550  37.477  -71.701  -1.265 0.0000000000
19551  36.520  -71.655  -1.248 0.0000000000
19552  35.494  -71.609  -1.143 0.0000000000
19553  34.701  -71.695  -1.081 0.0000000000
19573  42.630  -71.121  -1.769 0.0000000000
19585  41.426  -71.268  -3.514 0.0000000000
19586  39.902  -71.476  -3.665 0.0000000000
19587  39.043  -71.506  -3.630 0.0000000000
19589  37.464  -71.076  -3.753 0.0000000000
19600  40.545  -71.717  -4.078 0.0000000000
19601  39.614  -71.990  -4.209 0.0000000000
19603  37.328  -71.604  -4.276 0.0000000000
19604  36.655  -71.429  -5.166 0.0000000000
20321  36.324  -70.878  20.072 0.0000000000
20322  35.373  -70.866  19.979 0.0000000000
20323  34.419  -70.811  19.994 0.0000000000
20324  33.788  -70.867  19.918 0.0000000000
20349  36.961  -70.308  19.319 0.0000000000
20350  35.937  -70.331  19.486 0.0000000000
20351  34.945  -70.138  19.440 0.0000000000
20352  33.872  -70.358  19.372 0.0000000000
20377  37.216  -69.929  18.712 0.0000000000
20378  34.399  -69.857  18.876 0.0000000000
20379  33.875  -70.061  18.414 0.0000000000
20399  34.142  -70.160  17.366 0.0000000000
20400  33.721  -70.381  17.608 0.0000000000
20414  35.166  -70.453  16.347 0.0000000000
20415  34.418  -70.379  16.830 0.0000000000
20416  33.650  -70.950  16.953 0.0000000000
20432  35.949  -70.545  15.858 0.0000000000
20443  44.217  -70.717  14.305 0.0000000000
20444  43.601  -70.448  14.142 0.0000000000
20461  43.303  -70.954  13.894 0.0000000000
20462  42.208  -70.882  13.711 0.0000000000
20463  41.229  -70.873  13.445 0.0000000000
20464  40.208  -70.827  13.051 0.0000000000
20485  39.814  -71.277  12.760 0.0000000000
20486  39.277  -70.730  12.560 0.0000000000
20487  38.377  -70.713  12.064 0.0000000000
20497  37.702  -70.669  11.539 0.0000000000
20524  43.186  -69.758  8.068 0.0000000000
20525  42.637  -69.976  8.046 0.0000000000
20526  41.946  -69.989  7.883 0.0000000000
20533  42.310  -70.586  7.537 0.0000000000
20534  41.377  -70.333  7.272 0.0000000000
20535  40.563  -70.058  6.924 0.0000000000
20548  40.818  -70.617  6.685 0.0000000000
20549  40.053  -70.350  6.498 0.0000000000
20604  42.556  -70.465  3.607 0.0000000000
20617  42.501  -70.761  2.468 0.0000000000
20632  42.876  -70.018  0.761 0.0000000000
20633  42.644  -70.353  1.380 0.0000000000
20653  42.880  -70.536  0.257 0.0000000000
20654  42.757  -70.445  0.825 0.0000000000
20655  39.063  -71.064  0.601 0.0000000000
20675  42.879  -70.564  -0.509 0.0000000000
20692  42.880  -70.220  -0.943 0.0000000000
20709  42.730  -70.253  -1.485 0.0000000000
20730  41.462  -70.799  -3.200 0.0000000000
20734  37.532  -70.487  -3.318 0.0000000000
20735  36.940  -70.109  -3.925 0.0000000000
20751  41.159  -71.188  -3.579 0.0000000000
20752  40.925  -71.355  -3.770 0.0000000000
20753  37.092  -70.763  -3.932 0.0000000000
20754  36.736  -70.419  -4.638 0.0000000000
21449  36.290  -70.014  19.064 0.0000000000
21450  35.699  -69.807  18.945 0.0000000000
21451  34.995  -69.656  18.780 0.0000000000
21472  36.531  -69.649  18.440 0.0000000000
21473  35.473  -69.460  18.215 0.0000000000
21474  34.549  -69.620  18.151 0.0000000000
21475  34.074  -69.940  17.832 0.0000000000
21500  36.932  -69.359  17.389 0.0000000000
21501  36.093  -69.355  17.349 0.0000000000
21502  35.052  -69.487  17.415 0.0000000000
21503  34.393  -69.853  17.434 0.0000000000
21504  34.078  -70.073  17.584 0.0000000000
21528  36.396  -69.475  16.599 0.0000000000
21529  35.419  -69.767  16.587 0.0000000000
21530  34.757  -69.766  17.008 0.0000000000
21549  36.102  -69.800  16.151 0.0000000000
21560  44.506  -69.649  14.589 0.0000000000
21561  43.532  -69.754  14.298 0.0000000000
21562  42.920  -69.339  14.255 0.0000000000
21571  43.287  -70.275  14.063 0.0000000000
21572  42.625  -69.862  13.969 0.0000000000
21573  41.479  -69.920  13.688 0.0000000000
21574  40.640  -70.077  13.444 0.0000000000
21593  39.199  -69.741  12.845 0.0000000000
21594  38.518  -69.766  12.408 0.0000000000
21595  37.857  -69.328  12.078 0.0000000000
21604  37.922  -70.034  11.961 0.0000000000
21619  42.888  -69.254  8.391 0.0000000000
21620  42.084  -69.348  8.236 0.0000000000
21628  44.933  -68.728  7.707 0.0000000000
21630  41.385  -69.422  7.793 0.0000000000
21631  40.485  -69.410  7.385 0.0000000000
21632  39.468  -69.132  7.236 0.0000000000
21654  45.029  -68.714  6.562 0.0000000000
21656  39.984  -69.684  6.899 0.0000000000
21680  44.570  -68.890  5.353 0.0000000000
21697  44.460  -68.649  4.660 0.0000000000
21708  43.252  -68.867  3.343 0.0000000000
21720  43.023  -68.892  2.270 0.0000000000
21721  42.652  -69.653  2.954 0.0000000000
21727  42.979  -69.300  1.198 0.0000000000
21728  42.631  -69.748  2.039 0.0000000000
21735  43.138  -69.526  0.231 0.0000000000
21744  43.037  -69.881  -0.464 0.0000000000
21745  40.099  -69.036  -0.646 0.0000000000
21746  39.562  -69.228  -0.889 0.0000000000
21747  39.044  -69.354  -1.168 0.0000000000
21756  43.011  -69.642  -1.042 0.0000000000
21822  37.444  -68.809  -5.715 0.0000000000
21823  37.124  -69.338  -5.894 0.0000000000
22553  36.848  -69.337  17.155 0.0000000000
22554  36.598  -69.343  17.152 0.0000000000
22576  36.734  -69.324  16.948 0.0000000000
22577  36.449  -69.348  16.985 0.0000000000
22605  44.822  -68.655  14.733 0.0000000000
22606  43.900  -68.768  14.563 0.0000000000
22607  43.086  -68.809  14.435 0.0000000000
22616  42.445  -68.841  14.220 0.0000000000
22617  41.652  -68.866  13.859 0.0000000000
22618  40.518  -68.950  13.475 0.0000000000
22638  38.281  -68.586  12.473 0.0000000000
22661  44.876  -67.897  8.896 0.0000000000
22662  43.947  -67.931  9.056 0.0000000000
22663  42.918  -67.866  9.133 0.0000000000
22664  42.218  -67.703  9.160 0.0000000000
22673  43.357  -68.531  8.687 0.0000000000
22674  42.082  -68.335  8.727 0.0000000000
22675  41.037  -68.185  8.453 0.0000000000
22676  40.132  -68.047  8.217 0.0000000000
22684  45.584  -68.048  7.879 0.0000000000
22685  45.309  -68.376  7.979 0.0000000000
22686  41.484  -68.798  8.217 0.0000000000
22687  40.747  -68.710  7.918 0.0000000000
22688  39.820  -68.591  7.699 0.0000000000
22714  45.539  -68.082  6.851 0.0000000000
22732  45.516  -67.920  5.934 0.0000000000
22749  45.006  -68.176  4.580 0.0000000000
22750  44.388  -68.396  4.189 0.0000000000
22769  44.639  -67.658  3.506 0.0000000000
22770  43.956  -68.387  3.645 0.0000000000
22786  44.489  -67.459  2.717 0.0000000000
22787  43.862  -67.998  2.621 0.0000000000
22796  43.490  -68.277  1.482 0.0000000000
22805  43.434  -68.537  0.426 0.0000000000
22806  39.598  -68.137  0.115 0.0000000000
22807  38.789  -68.126  -0.110 0.0000000000
22808  38.279  -67.981  -0.401 0.0000000000
22820  43.281  -68.918  -0.544 0.0000000000
22821  42.017  -68.321  -0.840 0.0000000000
22822  41.388  -68.398  -0.571 0.0000000000
22823  40.485  -68.535  -0.346 0.0000000000
22824  39.471  -68.675  -0.410 0.0000000000
22825  38.339  -68.652  -0.984 0.0000000000
22826  37.594  -68.277  -1.583 0.0000000000
22847  41.104  -68.798  -0.826 0.0000000000
22901  37.735  -68.390  -5.951 0.0000000000
23677  45.084  -67.700  14.913 0.0000000000
23678  44.183  -67.798  14.673 0.0000000000
23679  43.183  -67.835  14.494 0.0000000000
23680  42.448  -67.572  14.331 0.0000000000
23688  42.602  -68.189  14.356 0.0000000000
23689  41.915  -67.873  14.144 0.0000000000
23690  40.908  -67.773  13.791 0.0000000000
23707  37.753  -67.622  11.985 0.0000000000
23738  44.533  -67.331  9.385 0.0000000000
23739  43.456  -67.249  9.409 0.0000000000
23740  42.423  -67.188  9.404 0.0000000000
23742  40.757  -66.951  9.103 0.0000000000
23747  46.011  -66.729  8.876 0.0000000000
23748  45.737  -67.145  8.524 0.0000000000
23749  41.274  -67.802  8.790 0.0000000000
23750  40.499  -67.365  8.747 0.0000000000
23751  39.400  -67.428  8.437 0.0000000000
23765  45.390  -67.556  7.558 0.0000000000
23766  44.827  -67.258  7.228 0.0000000000
23767  44.310  -67.158  7.104 0.0000000000
23796  45.418  -67.823  6.460 0.0000000000
23797  45.094  -67.568  6.475 0.0000000000
23798  44.310  -67.381  6.499 0.0000000000
23799  43.396  -67.349  6.321 0.0000000000
23817  45.221  -67.610  5.539 0.0000000000
23818  44.704  -67.421  5.582 0.0000000000
23819  43.902  -67.426  5.639 0.0000000000
23820  43.029  -67.462  5.554 0.0000000000
23836  45.195  -67.157  4.691 0.0000000000
23837  44.290  -67.323  5.055 0.0000000000
23838  43.577  -67.364  4.868 0.0000000000
23858  45.302  -66.838  3.938 0.0000000000
23874  44.907  -66.869  2.560 0.0000000000
23875  44.371  -67.350  2.192 0.0000000000
23889  44.353  -66.812  1.459 0.0000000000
23890  43.983  -67.591  1.698 0.0000000000
23903  43.926  -66.965  0.412 0.0000000000
23904  43.792  -67.610  0.823 0.0000000000
23905  42.307  -67.162  0.146 0.0000000000
23906  41.352  -67.335  0.444 0.0000000000
23907  40.230  -67.574  0.526 0.0000000000
23908  39.060  -67.407  0.393 0.0000000000
23909  38.330  -67.407  -0.126 0.0000000000
23923  43.866  -67.073  0.053 0.0000000000
23924  43.569  -67.701  -0.280 0.0000000000
23925  42.668  -67.855  -0.601 0.0000000000
23926  41.827  -67.826  -0.287 0.0000000000
23927  41.082  -67.994  0.012 0.0000000000
23928  37.891  -67.592  -0.676 0.0000000000
23929  37.565  -67.712  -1.373 0.0000000000
23943  37.342  -67.877  -2.259 0.0000000000
23951  37.369  -67.788  -3.410 0.0000000000
23962  37.707  -67.572  -5.948 0.0000000000
24714  45.410  -66.793  14.876 0.0000000000
24715  44.476  -66.856  14.713 0.0000000000
24716  43.549  -66.907  14.503 0.0000000000
24717  42.548  -66.774  14.294 0.0000000000
24718  42.054  -67.211  14.264 0.0000000000
24745  38.014  -67.025  12.217 0.0000000000
24757  37.764  -66.524  11.643 0.0000000000
24764  37.604  -66.372  10.391 0.0000000000
24772  45.980  -66.244  9.290 0.0000000000
24774  45.046  -66.611  9.632 0.0000000000
24775  44.008  -66.542  9.654 0.0000000000
24787  46.074  -66.402  9.051 0.0000000000
24788  45.992  -66.519  8.723 0.0000000000
24789  45.757  -66.454  8.421 0.0000000000
24790  40.279  -66.705  9.122 0.0000000000
24791  39.531  -66.715  8.977 0.0000000000
24805  45.742  -66.928  8.275 0.0000000000
24806  45.262  -66.738  7.911 0.0000000000
24807  44.366  -66.650  7.448 0.0000000000
24808  43.372  -66.415  7.360 0.0000000000
24827  43.741  -67.091  7.018 0.0000000000
24828  42.847  -67.026  6.878 0.0000000000
24831  39.949  -66.314  6.268 0.0000000000
24845  44.953  -67.094  4.949 0.0000000000
24846  44.682  -67.204  4.965 0.0000000000
24848  40.224  -66.517  5.605 0.0000000000
24849  39.475  -66.198  5.645 0.0000000000
24860  45.015  -66.573  4.121 0.0000000000
24861  44.299  -66.882  4.336 0.0000000000
24862  43.147  -66.883  4.176 0.0000000000
24865  40.449  -66.543  4.779 0.0000000000
24866  39.782  -66.290  4.995 0.0000000000
24878  44.990  -65.835  3.129 0.0000000000
24879  44.438  -65.984  3.429 0.0000000000
24880  43.548  -66.148  3.557 0.0000000000
24893  44.871  -66.329  1.928 0.0000000000
24904  44.791  -65.855  1.489 0.0000000000
24905  41.222  -65.706  1.297 0.0000000000
24906  40.184  -65.683  1.317 0.0000000000
24907  39.557  -65.525  1.195 0.0000000000
24911  43.573  -66.236  0.540 0.0000000000
24912  42.760  -66.326  0.546 0.0000000000
24913  41.790  -66.481  0.793 0.0000000000
24914  40.694  -66.602  1.061 0.0000000000
24915  39.348  -66.304  0.974 0.0000000000
24916  38.335  -66.508  0.209 0.0000000000
24919  43.965  -66.704  0.267 0.0000000000
24920  43.876  -66.932  0.259 0.0000000000
24921  43.173  -66.989  -0.011 0.0000000000
24922  37.871  -66.731  -0.513 0.0000000000
24923  37.621  -66.909  -1.139 0.0000000000
24925  37.468  -66.945  -1.934 0.0000000000
24927  38.165  -66.304  -3.367 0.0000000000
24928  37.568  -66.988  -2.890 0.0000000000
24931  37.883  -67.036  -3.861 0.0000000000
24933  38.425  -66.506  -4.993 0.0000000000
24935  37.847  -66.711  -5.421 0.0000000000
25679  47.342  -65.031  15.014 0.0000000000
25680  46.758  -65.639  15.046 0.0000000000
25681  45.730  -65.901  14.725 0.0000000000
25682  44.813  -66.026  14.634 0.0000000000
25728  37.902  -65.831  10.931 0.0000000000
25731  45.902  -65.403  10.056 0.0000000000
25732  45.634  -65.410  10.066 0.0000000000
25741  46.064  -65.913  9.272 0.0000000000
25742  45.998  -65.612  9.727 0.0000000000
25743  45.441  -65.903  9.852 0.0000000000
25755  46.144  -65.907  8.982 0.0000000000
25756  45.936  -65.854  8.709 0.0000000000
25757  45.414  -65.839  8.226 0.0000000000
25758  44.833  -65.534  7.892 0.0000000000
25772  44.837  -66.100  7.807 0.0000000000
25773  44.075  -65.721  7.746 0.0000000000
25774  42.964  -65.527  7.670 0.0000000000
25775  41.931  -65.496  7.535 0.0000000000
25776  40.876  -65.688  7.400 0.0000000000
25777  39.908  -65.474  7.333 0.0000000000
25778  39.113  -65.324  7.212 0.0000000000
25795  40.099  -66.139  6.933 0.0000000000
25796  39.347  -65.902  6.568 0.0000000000
25797  38.435  -65.349  6.517 0.0000000000
25798  37.806  -64.907  6.162 0.0000000000
25816  38.802  -65.827  5.757 0.0000000000
25817  38.150  -65.234  5.348 0.0000000000
25818  37.576  -64.666  5.671 0.0000000000
25830  40.703  -66.109  4.162 0.0000000000
25831  39.975  -66.009  4.415 0.0000000000
25832  39.138  -65.653  4.751 0.0000000000
25833  38.512  -65.179  4.672 0.0000000000
25846  44.639  -65.300  2.657 0.0000000000
25847  44.332  -65.110  2.756 0.0000000000
25848  43.761  -65.210  3.072 0.0000000000
25849  42.828  -65.308  3.337 0.0000000000
25850  41.551  -65.696  3.633 0.0000000000
25851  40.375  -65.487  3.892 0.0000000000
25852  39.737  -65.517  4.197 0.0000000000
25862  44.749  -65.118  2.358 0.0000000000
25863  44.504  -64.992  2.516 0.0000000000
25875  44.925  -65.093  1.953 0.0000000000
25877  43.568  -64.689  1.171 0.0000000000
25878  42.691  -64.737  1.311 0.0000000000
25879  41.682  -64.806  1.423 0.0000000000
25880  40.656  -64.874  1.512 0.0000000000
25881  39.757  -64.930  1.349 0.0000000000
25889  43.970  -65.375  0.750 0.0000000000
25890  43.207  -65.477  0.854 0.0000000000
25891  42.258  -65.604  1.071 0.0000000000
25892  39.078  -65.142  1.005 0.0000000000
25893  38.437  -65.430  0.392 0.0000000000
25899  37.892  -65.620  -0.743 0.0000000000
25900  37.699  -66.352  -0.959 0.0000000000
25904  38.150  -65.432  -1.995 0.0000000000
25905  37.707  -66.218  -1.532 0.0000000000
25908  39.214  -65.001  -3.334 0.0000000000
25909  38.507  -65.605  -2.920 0.0000000000
25910  37.845  -66.218  -2.448 0.0000000000
25913  39.308  -64.943  -4.021 0.0000000000
25917  39.174  -64.772  -4.287 0.0000000000
25918  38.672  -65.423  -4.476 0.0000000000
25921  38.149  -65.751  -5.068 0.0000000000
26706  46.915  -64.405  14.527 0.0000000000
26707  45.931  -64.919  14.550 0.0000000000
26708  45.014  -65.242  14.443 0.0000000000
26719  46.594  -63.795  14.127 0.0000000000
26720  46.039  -64.053  14.136 0.0000000000
26721  45.131  -64.382  14.075 0.0000000000
26757  46.059  -65.223  10.020 0.0000000000
26768  46.150  -64.824  9.711 0.0000000000
26771  42.807  -64.557  9.741 0.0000000000
26778  46.251  -64.988  8.827 0.0000000000
26779  45.843  -64.967  8.439 0.0000000000
26780  45.163  -64.936  8.040 0.0000000000
26781  44.495  -65.071  7.890 0.0000000000
26782  42.141  -64.330  8.060 0.0000000000
26783  41.929  -64.428  8.056 0.0000000000
26796  44.655  -64.530  7.879 0.0000000000
26797  43.800  -64.640  7.857 0.0000000000
26798  42.450  -64.478  7.917 0.0000000000
26799  41.540  -64.732  7.906 0.0000000000
26800  40.583  -64.737  7.816 0.0000000000
26801  39.582  -64.697  7.694 0.0000000000
26802  38.531  -64.683  7.455 0.0000000000
26803  37.701  -64.257  7.309 0.0000000000
26819  37.897  -64.742  6.804 0.0000000000
26840  37.654  -64.666  5.090 0.0000000000
26863  38.820  -64.996  4.314 0.0000000000
26864  38.151  -64.572  4.425 0.0000000000
26865  37.537  -64.361  4.792 0.0000000000
26879  44.083  -64.468  2.622 0.0000000000
26880  43.874  -64.513  2.760 0.0000000000
26881  43.286  -64.238  2.917 0.0000000000
26882  42.126  -64.421  3.240 0.0000000000
26883  40.884  -64.585  3.494 0.0000000000
26884  39.582  -64.819  3.881 0.0000000000
26885  38.828  -64.585  4.016 0.0000000000
26895  44.641  -64.684  2.122 0.0000000000
26896  44.305  -64.410  2.379 0.0000000000
26897  43.948  -64.088  2.629 0.0000000000
26898  43.723  -64.136  2.734 0.0000000000
26907  44.786  -64.830  1.977 0.0000000000
26909  43.825  -64.024  1.542 0.0000000000
26910  43.041  -63.904  1.485 0.0000000000
26911  42.081  -63.906  1.492 0.0000000000
26912  41.060  -63.975  1.403 0.0000000000
26913  40.081  -64.079  1.435 0.0000000000
26920  39.289  -64.227  1.035 0.0000000000
26921  38.692  -64.422  0.447 0.0000000000
26937  40.327  -63.454  -2.626 0.0000000000
26939  38.658  -64.200  -1.662 0.0000000000
26946  40.921  -63.405  -2.971 0.0000000000
26947  40.586  -63.554  -2.881 0.0000000000
26948  39.723  -64.290  -2.878 0.0000000000
26949  38.827  -64.911  -2.588 0.0000000000
26952  41.033  -63.470  -3.299 0.0000000000
26953  40.563  -63.854  -3.505 0.0000000000
26959  40.661  -63.935  -4.104 0.0000000000
26960  39.738  -64.240  -4.252 0.0000000000
26961  38.921  -64.477  -4.523 0.0000000000
26967  41.637  -63.533  -4.050 0.0000000000
26968  41.209  -63.595  -4.151 0.0000000000
26969  40.851  -63.603  -4.305 0.0000000000
26970  38.379  -65.017  -4.763 0.0000000000
27769  47.457  -63.744  14.539 0.0000000000
27784  47.641  -63.156  14.243 0.0000000000
27785  47.086  -63.403  13.991 0.0000000000
27839  47.242  -63.105  8.438 0.0000000000
27840  46.571  -63.875  8.829 0.0000000000
27858  46.421  -63.927  8.254 0.0000000000
27859  45.617  -64.220  8.004 0.0000000000
27860  45.068  -64.343  7.918 0.0000000000
27861  42.032  -64.105  8.177 0.0000000000
27862  41.711  -64.285  8.134 0.0000000000
27863  39.709  -63.122  8.295 0.0000000000
27879  46.951  -63.150  7.640 0.0000000000
27880  46.040  -63.392  7.609 0.0000000000
27881  44.770  -63.709  7.731 0.0000000000
27882  43.390  -63.584  7.667 0.0000000000
27883  42.365  -63.534  7.911 0.0000000000
27884  41.400  -63.835  8.176 0.0000000000
27885  40.204  -63.882  8.173 0.0000000000
27886  39.140  -63.986  8.137 0.0000000000
27927  38.041  -63.940  3.994 0.0000000000
27948  43.616  -63.354  2.637 0.0000000000
27949  43.416  -63.395  2.777 0.0000000000
27950  42.620  -63.405  3.087 0.0000000000
27951  41.487  -63.490  3.282 0.0000000000
27952  40.236  -63.635  3.461 0.0000000000
27953  38.841  -63.843  3.621 0.0000000000
27974  44.142  -63.941  2.366 0.0000000000
27975  43.822  -63.598  2.464 0.0000000000
27976  43.678  -63.839  2.706 0.0000000000
27991  44.240  -63.891  2.188 0.0000000000
27993  43.250  -63.235  1.708 0.0000000000
27994  42.407  -63.082  1.568 0.0000000000
27995  41.370  -63.096  1.484 0.0000000000
27996  40.398  -63.238  1.334 0.0000000000
28009  39.605  -63.343  1.049 0.0000000000
28010  39.015  -63.511  0.484 0.0000000000
28021  38.635  -63.666  -0.320 0.0000000000
28030  40.948  -62.918  -2.579 0.0000000000
28031  40.488  -63.129  -2.485 0.0000000000
28032  39.491  -63.171  -1.841 0.0000000000
28033  38.875  -63.145  -1.106 0.0000000000
28042  41.828  -62.738  -3.067 0.0000000000
28043  41.222  -63.131  -2.890 0.0000000000
28044  40.791  -63.297  -2.772 0.0000000000
28049  41.962  -62.910  -3.494 0.0000000000
28050  41.506  -63.340  -3.466 0.0000000000
28057  41.754  -63.348  -3.732 0.0000000000
28058  40.382  -63.395  -4.456 0.0000000000
28059  39.384  -63.553  -4.536 0.0000000000
28070  41.573  -63.355  -4.211 0.0000000000
28071  41.076  -63.327  -4.357 0.0000000000
28072  40.817  -63.375  -4.415 0.0000000000
28930  47.732  -62.393  13.663 0.0000000000
28931  46.743  -62.782  13.319 0.0000000000
28951  47.668  -61.808  13.080 0.0000000000
28952  47.132  -62.028  12.968 0.0000000000
28986  47.335  -62.883  8.410 0.0000000000
28987  47.099  -62.786  8.641 0.0000000000
28988  46.292  -62.818  9.156 0.0000000000
29003  39.986  -62.510  8.350 0.0000000000
29004  39.352  -62.451  8.403 0.0000000000
29024  46.432  -62.455  7.339 0.0000000000
29025  45.391  -62.562  7.292 0.0000000000
29026  44.115  -62.650  7.363 0.0000000000
29029  40.731  -62.719  8.256 0.0000000000
29067  43.460  -63.163  2.626 0.0000000000
29068  42.949  -62.823  2.756 0.0000000000
29071  39.664  -62.745  3.178 0.0000000000
29089  43.245  -62.897  2.272 0.0000000000
29092  40.250  -61.951  2.679 0.0000000000
29093  39.127  -62.019  2.646 0.0000000000
29094  38.129  -62.041  2.661 0.0000000000
29095  37.581  -61.954  2.721 0.0000000000
29107  42.606  -62.492  1.867 0.0000000000
29108  41.647  -62.350  1.630 0.0000000000
29109  40.387  -62.314  1.304 0.0000000000
29110  39.885  -62.779  1.107 0.0000000000
29118  39.851  -61.849  0.841 0.0000000000
29119  39.405  -62.407  0.411 0.0000000000
29120  38.894  -63.080  0.083 0.0000000000
29128  39.570  -61.784  -1.316 0.0000000000
29129  39.193  -62.213  -0.673 0.0000000000
29130  38.899  -62.831  -0.405 0.0000000000
29143  42.783  -61.530  -2.770 0.0000000000
29144  42.007  -61.898  -2.632 0.0000000000
29145  41.048  -62.368  -2.414 0.0000000000
29146  40.004  -62.387  -1.894 0.0000000000
29147  39.297  -62.548  -1.312 0.0000000000
29148  38.988  -62.663  -0.890 0.0000000000
29158  42.988  -61.814  -3.093 0.0000000000
29159  42.344  -62.328  -3.003 0.0000000000
29160  41.721  -62.524  -2.805 0.0000000000
29177  41.387  -62.335  -4.451 0.0000000000
29178  40.578  -62.436  -4.618 0.0000000000
29179  39.730  -62.608  -4.599 0.0000000000
29190  41.880  -63.071  -4.193 0.0000000000
29191  41.552  -62.955  -4.319 0.0000000000
29192  40.965  -62.993  -4.448 0.0000000000
30088  48.156  -61.680  13.541 0.0000000000
30109  48.118  -61.509  12.947 0.0000000000
30110  47.583  -61.478  12.579 0.0000000000
30111  46.736  -61.471  12.380 0.0000000000
30122  48.462  -60.955  12.492 0.0000000000
30123  48.086  -61.023  12.189 0.0000000000
30124  47.378  -60.926  11.955 0.0000000000
30141  46.701  -61.793  8.858 0.0000000000
30152  41.114  -61.316  8.331 0.0000000000
30153  40.129  -61.761  8.489 0.0000000000
30175  46.747  -61.668  7.211 0.0000000000
30176  46.018  -61.478  6.929 0.0000000000
30177  44.747  -61.652  7.201 0.0000000000
30178  43.497  -61.705  7.448 0.0000000000
30180  41.502  -61.972  8.101 0.0000000000
30181  40.878  -61.937  8.282 0.0000000000
30196  46.996  -61.148  6.964 0.0000000000
30197  46.635  -61.232  6.918 0.0000000000
30227  37.212  -61.800  2.757 0.0000000000
30228  36.674  -61.658  3.195 0.0000000000
30238  42.052  -61.897  2.046 0.0000000000
30241  39.567  -61.271  2.081 0.0000000000
30242  38.544  -61.393  2.251 0.0000000000
30243  37.653  -61.422  2.431 0.0000000000
30244  37.021  -61.293  2.626 0.0000000000
30259  42.246  -62.037  1.985 0.0000000000
30260  41.903  -61.920  1.845 0.0000000000
30261  40.812  -61.691  1.641 0.0000000000
30262  40.055  -61.203  1.660 0.0000000000
30276  40.090  -61.510  1.061 0.0000000000
30277  39.732  -61.388  0.487 0.0000000000
30292  39.702  -61.155  -1.305 0.0000000000
30293  39.488  -61.234  -0.490 0.0000000000
30305  43.480  -60.301  -2.537 0.0000000000
30306  43.225  -60.684  -2.570 0.0000000000
30307  42.410  -61.051  -2.518 0.0000000000
30308  41.440  -61.299  -2.356 0.0000000000
30309  40.319  -61.320  -1.859 0.0000000000
30312  43.611  -60.456  -2.649 0.0000000000
30313  43.357  -61.117  -2.829 0.0000000000
30334  41.834  -61.481  -4.330 0.0000000000
30335  40.912  -61.520  -4.556 0.0000000000
30336  40.002  -61.628  -4.601 0.0000000000
31338  47.901  -60.560  11.558 0.0000000000
31339  47.167  -60.363  11.172 0.0000000000
31340  46.191  -60.466  10.710 0.0000000000
31348  47.013  -60.190  10.134 0.0000000000
31349  46.026  -60.723  9.763 0.0000000000
31359  46.344  -61.161  9.215 0.0000000000
31372  41.783  -60.563  8.390 0.0000000000
31374  39.411  -60.993  8.958 0.0000000000
31393  46.009  -60.712  6.796 0.0000000000
31417  47.134  -60.769  6.871 0.0000000000
31418  46.615  -60.704  6.794 0.0000000000
31453  36.328  -60.381  4.516 0.0000000000
31467  36.422  -60.745  3.509 0.0000000000
31481  38.748  -60.813  1.819 0.0000000000
31482  37.995  -60.851  1.935 0.0000000000
31483  37.250  -60.535  2.303 0.0000000000
31484  36.679  -60.898  2.819 0.0000000000
31495  39.931  -61.065  1.157 0.0000000000
31496  39.213  -60.391  1.288 0.0000000000
31497  38.286  -60.278  1.595 0.0000000000
31498  37.763  -60.377  1.859 0.0000000000
31505  39.881  -61.058  0.771 0.0000000000
31506  39.577  -60.501  0.375 0.0000000000
31515  43.991  -59.243  -1.932 0.0000000000
31516  39.920  -60.408  -1.258 0.0000000000
31517  39.661  -60.363  -0.478 0.0000000000
31524  43.670  -59.768  -2.347 0.0000000000
31525  42.808  -60.172  -2.392 0.0000000000
31526  41.866  -60.427  -2.320 0.0000000000
31527  40.951  -60.594  -2.069 0.0000000000
31528  40.412  -60.613  -1.734 0.0000000000
31552  42.264  -60.530  -4.229 0.0000000000
31553  41.298  -60.571  -4.362 0.0000000000
31554  40.307  -60.621  -4.456 0.0000000000
31557  37.782  -60.896  -3.925 0.0000000000
32570  41.431  -59.854  8.932 0.0000000000
32585  46.029  -59.995  6.952 0.0000000000
32606  47.080  -60.332  6.837 0.0000000000
32607  46.730  -60.141  6.808 0.0000000000
32608  37.161  -58.831  5.852 0.0000000000
32625  37.185  -58.722  5.362 0.0000000000
32626  36.726  -59.321  5.167 0.0000000000
32636  36.515  -59.402  4.268 0.0000000000
32646  36.451  -59.806  3.624 0.0000000000
32654  36.950  -59.484  2.310 0.0000000000
32655  36.570  -60.134  2.857 0.0000000000
32662  38.938  -59.742  1.050 0.0000000000
32663  38.427  -59.438  1.194 0.0000000000
32664  37.646  -59.809  1.769 0.0000000000
32672  39.124  -59.496  0.658 0.0000000000
32673  38.670  -58.808  0.739 0.0000000000
32681  44.159  -58.724  -1.659 0.0000000000
32682  43.495  -58.719  -1.695 0.0000000000
32683  42.635  -58.791  -1.787 0.0000000000
32684  41.620  -58.941  -1.774 0.0000000000
32685  40.533  -59.302  -1.424 0.0000000000
32692  43.745  -59.210  -1.922 0.0000000000
32693  43.145  -59.383  -2.083 0.0000000000
32694  42.244  -59.575  -2.149 0.0000000000
32695  41.290  -59.822  -1.959 0.0000000000
32696  40.604  -60.149  -1.680 0.0000000000
32722  42.421  -59.008  -3.715 0.0000000000
32723  39.349  -59.175  -3.904 0.0000000000
32724  38.877  -59.241  -3.766 0.0000000000
32725  37.853  -59.348  -3.643 0.0000000000
32734  41.738  -59.562  -4.086 0.0000000000
32735  40.686  -59.709  -4.257 0.0000000000
33784  38.064  -57.631  5.243 0.0000000000
33785  37.658  -58.181  5.360 0.0000000000
33786  37.247  -58.624  4.975 0.0000000000
33792  38.121  -57.689  4.924 0.0000000000
33793  37.595  -58.027  4.526 0.0000000000
33794  36.848  -58.681  4.407 0.0000000000
33800  37.128  -58.130  3.740 0.0000000000
33801  36.589  -58.914  3.623 0.0000000000
33807  36.884  -58.423  2.733 0.0000000000
33808  36.560  -59.325  2.997 0.0000000000
33814  38.188  -58.429  1.073 0.0000000000
33815  37.508  -58.714  1.706 0.0000000000
33821  45.704  -57.126  -0.434 0.0000000000
33822  45.423  -57.334  -0.596 0.0000000000
33823  39.144  -58.514  0.252 0.0000000000
33824  38.625  -58.217  0.672 0.0000000000
33828  45.723  -57.365  -0.666 0.0000000000
33829  44.935  -57.958  -1.127 0.0000000000
33830  43.972  -57.973  -1.335 0.0000000000
33831  43.066  -58.014  -1.405 0.0000000000
33832  42.078  -58.108  -1.401 0.0000000000
33833  41.030  -58.220  -1.358 0.0000000000
33835  39.642  -58.342  -0.323 0.0000000000
33868  42.784  -58.210  -3.321 0.0000000000
33869  41.725  -58.469  -3.548 0.0000000000
33877  40.990  -59.021  -4.000 0.0000000000
33879  39.785  -59.088  -4.056 0.0000000000
34859  38.999  -56.747  4.696 0.0000000000
34860  38.577  -57.186  5.119 0.0000000000
34866  38.988  -56.677  4.351 0.0000000000
34867  38.344  -57.114  4.192 0.0000000000
34882  37.437  -57.649  2.069 0.0000000000
34889  38.388  -57.568  0.984 0.0000000000
34890  37.790  -57.882  1.402 0.0000000000
34899  46.028  -56.818  -0.189 0.0000000000
34900  45.527  -56.921  -0.301 0.0000000000
34901  41.961  -56.669  -0.415 0.0000000000
34902  40.960  -56.802  -0.399 0.0000000000
34903  40.146  -57.141  -0.196 0.0000000000
34904  39.482  -57.635  0.074 0.0000000000
34905  38.909  -57.783  0.487 0.0000000000
34915  45.093  -57.186  -0.509 0.0000000000
34916  44.425  -57.285  -0.733 0.0000000000
34917  43.526  -57.270  -0.888 0.0000000000
34918  42.540  -57.326  -0.934 0.0000000000
34919  41.538  -57.439  -0.901 0.0000000000
34920  40.641  -57.625  -0.710 0.0000000000
34921  40.001  -57.815  -0.429 0.0000000000
34922  37.346  -56.543  -0.625 0.0000000000
34935  37.761  -57.115  -1.301 0.0000000000
34936  36.583  -57.802  -1.567 0.0000000000
34949  42.156  -56.623  -2.651 0.0000000000
34950  41.652  -56.858  -2.633 0.0000000000
34952  39.699  -57.200  -2.277 0.0000000000
34953  38.416  -57.807  -2.391 0.0000000000
34954  37.282  -57.812  -2.087 0.0000000000
34955  36.804  -57.935  -2.022 0.0000000000
34959  43.375  -57.219  -3.069 0.0000000000
34960  42.352  -57.247  -2.859 0.0000000000
35944  39.608  -56.122  3.559 0.0000000000
35953  39.151  -55.952  2.888 0.0000000000
35954  38.624  -56.267  2.392 0.0000000000
35962  46.319  -55.731  0.953 0.0000000000
35963  45.838  -55.804  1.025 0.0000000000
35964  44.971  -55.893  1.136 0.0000000000
35965  44.158  -55.799  1.118 0.0000000000
35966  39.981  -55.979  0.757 0.0000000000
35968  38.624  -56.547  1.444 0.0000000000
35969  37.964  -57.247  1.591 0.0000000000
35978  47.276  -56.006  0.246 0.0000000000
35979  46.467  -56.121  0.552 0.0000000000
35980  45.458  -56.415  0.289 0.0000000000
35981  44.512  -56.199  0.411 0.0000000000
35982  43.465  -55.904  0.469 0.0000000000
35983  42.365  -56.011  0.248 0.0000000000
35984  41.352  -56.181  0.226 0.0000000000
35985  40.321  -56.353  0.370 0.0000000000
35986  39.673  -56.873  0.309 0.0000000000
35995  45.260  -56.771  -0.215 0.0000000000
35996  44.829  -56.684  -0.225 0.0000000000
35997  44.005  -56.544  -0.323 0.0000000000
35998  42.997  -56.560  -0.369 0.0000000000
35999  38.164  -55.722  -0.605 0.0000000000
36000  37.552  -55.850  -0.384 0.0000000000
36012  38.670  -56.150  -1.032 0.0000000000
36013  37.923  -56.332  -0.731 0.0000000000
36025  41.997  -56.133  -2.568 0.0000000000
36028  39.895  -56.472  -1.907 0.0000000000
36031  43.955  -56.246  -3.055 0.0000000000
36032  43.144  -56.211  -2.978 0.0000000000
36033  42.506  -56.157  -2.760 0.0000000000
37028  40.470  -55.641  3.221 0.0000000000
37029  39.741  -55.679  2.845 0.0000000000
37040  41.329  -55.517  2.599 0.0000000000
37041  40.299  -55.516  2.287 0.0000000000
37042  39.353  -55.760  2.127 0.0000000000
37043  38.884  -56.103  1.787 0.0000000000
37051  46.791  -54.980  1.193 0.0000000000
37052  46.333  -55.326  1.305 0.0000000000
37053  45.339  -55.274  1.823 0.0000000000
37055  43.311  -55.547  1.663 0.0000000000
37056  42.107  -55.486  1.760 0.0000000000
37057  41.035  -55.566  1.606 0.0000000000
37058  39.985  -55.663  1.263 0.0000000000
37059  39.173  -56.045  1.482 0.0000000000
37060  38.882  -56.218  1.566 0.0000000000
37068  47.051  -55.370  0.805 0.0000000000
37069  46.561  -55.654  0.915 0.0000000000
37070  42.616  -55.575  0.963 0.0000000000
37071  41.712  -55.658  0.898 0.0000000000
37072  40.775  -55.822  0.832 0.0000000000
37073  40.255  -55.907  0.776 0.0000000000
37083  37.145  -55.156  -0.115 0.0000000000
37102  42.313  -55.549  -2.726 0.0000000000
37107  44.490  -55.424  -3.024 0.0000000000
37108  43.699  -55.318  -3.025 0.0000000000
37109  42.870  -55.208  -2.875 0.0000000000
38179  47.195  -54.449  1.060 0.0000000000
38180  46.517  -54.620  1.474 0.0000000000
38181  45.952  -54.810  1.787 0.0000000000
38238  42.267  -54.922  -2.813 0.0000000000
38246  42.505  -54.219  -3.120 0.0000000000
38247  41.893  -53.936  -3.226 0.0000000000
39324  49.914  -53.387  5.785 0.0000000000
39342  50.251  -53.590  5.547 0.0000000000
39463  40.797  -53.490  -2.859 0.0000000000
39464  39.766  -53.320  -2.386 0.0000000000
39465  38.984  -52.739  -2.232 0.0000000000
39467  42.268  -53.421  -3.312 0.0000000000
39468  41.531  -53.432  -3.223 0.0000000000
40745  38.389  -52.768  -1.854 0.0000000000
40746  37.680  -52.542  -1.730 0.0000000000
40747  36.576  -52.469  -1.406 0.0000000000
40762  38.407  -52.078  -2.374 0.0000000000
40764  36.639  -51.672  -2.001 0.0000000000
40766  41.961  -52.811  -3.250 0.0000000000
40767  41.297  -52.787  -3.171 0.0000000000
