#!ascii label  , from subject sub-CSI4 vox2ras=TkReg
1562
276  15.240  -97.586  12.734 0.0000000000
285  16.991  -97.229  11.103 0.0000000000
286  16.332  -97.277  11.554 0.0000000000
287  15.631  -97.700  12.087 0.0000000000
295  18.594  -96.479  10.816 0.0000000000
296  17.804  -96.737  10.835 0.0000000000
297  17.165  -96.706  11.254 0.0000000000
313  19.476  -96.717  9.955 0.0000000000
505  18.324  -96.005  15.400 0.0000000000
519  19.114  -96.000  14.683 0.0000000000
532  15.296  -96.694  12.829 0.0000000000
533  14.837  -96.314  13.309 0.0000000000
543  19.723  -95.802  12.338 0.0000000000
544  16.477  -96.437  11.631 0.0000000000
545  15.822  -97.027  12.204 0.0000000000
556  19.277  -96.152  11.284 0.0000000000
557  18.666  -96.200  11.139 0.0000000000
558  17.974  -96.114  11.154 0.0000000000
559  17.291  -95.932  11.398 0.0000000000
584  19.673  -96.097  9.217 0.0000000000
585  18.833  -96.296  8.757 0.0000000000
821  18.241  -95.615  14.842 0.0000000000
822  17.648  -95.391  15.062 0.0000000000
823  16.707  -95.582  15.687 0.0000000000
836  19.273  -95.758  14.170 0.0000000000
837  18.704  -95.530  14.265 0.0000000000
838  18.153  -95.287  14.550 0.0000000000
848  19.289  -95.608  13.336 0.0000000000
850  15.299  -95.635  12.860 0.0000000000
851  14.716  -95.452  13.461 0.0000000000
860  19.200  -95.603  12.285 0.0000000000
862  17.628  -94.962  11.981 0.0000000000
863  16.746  -95.411  11.787 0.0000000000
864  15.813  -96.004  12.141 0.0000000000
875  20.619  -95.227  11.167 0.0000000000
876  19.256  -95.840  11.647 0.0000000000
877  18.701  -95.684  11.621 0.0000000000
878  17.978  -95.466  11.577 0.0000000000
879  17.419  -95.443  11.645 0.0000000000
896  19.543  -95.374  9.390 0.0000000000
897  19.104  -95.440  9.074 0.0000000000
906  19.782  -95.771  9.305 0.0000000000
907  19.331  -95.796  8.999 0.0000000000
908  18.573  -95.639  8.776 0.0000000000
1141  17.552  -94.836  14.797 0.0000000000
1142  17.192  -94.424  15.002 0.0000000000
1143  16.311  -94.545  15.662 0.0000000000
1153  20.396  -94.370  14.177 0.0000000000
1154  18.287  -95.073  14.184 0.0000000000
1155  17.814  -94.631  14.354 0.0000000000
1156  17.428  -94.027  14.429 0.0000000000
1166  20.516  -94.845  12.746 0.0000000000
1167  20.363  -94.436  13.071 0.0000000000
1168  18.327  -94.842  13.507 0.0000000000
1169  17.772  -94.208  13.521 0.0000000000
1170  15.235  -94.498  13.077 0.0000000000
1171  14.570  -94.531  13.596 0.0000000000
1180  20.467  -94.684  12.228 0.0000000000
1181  18.269  -94.779  12.931 0.0000000000
1182  17.788  -94.471  12.788 0.0000000000
1183  16.965  -94.536  12.282 0.0000000000
1184  16.020  -94.759  12.379 0.0000000000
1194  20.599  -95.048  11.683 0.0000000000
1195  20.310  -94.521  11.342 0.0000000000
1196  19.731  -93.949  11.266 0.0000000000
1220  18.811  -94.942  9.340 0.0000000000
1229  23.047  -93.936  8.256 0.0000000000
1231  22.264  -93.738  7.725 0.0000000000
1242  22.170  -93.658  7.491 0.0000000000
1250  19.205  -93.981  5.686 0.0000000000
1251  19.042  -93.811  6.002 0.0000000000
1260  19.489  -94.628  5.285 0.0000000000
1516  20.523  -93.235  15.332 0.0000000000
1517  16.403  -93.368  15.078 0.0000000000
1528  24.400  -92.651  14.829 0.0000000000
1529  20.168  -93.186  14.414 0.0000000000
1530  17.513  -93.834  13.925 0.0000000000
1531  16.936  -93.477  14.296 0.0000000000
1545  19.974  -93.614  13.567 0.0000000000
1546  19.585  -93.085  13.176 0.0000000000
1547  17.445  -93.846  13.485 0.0000000000
1548  17.011  -93.551  13.408 0.0000000000
1549  16.081  -93.549  12.947 0.0000000000
1561  19.844  -93.883  12.428 0.0000000000
1563  17.429  -93.933  13.142 0.0000000000
1564  17.001  -93.910  12.754 0.0000000000
1565  16.518  -94.142  12.550 0.0000000000
1572  19.779  -93.954  11.665 0.0000000000
1574  18.542  -92.976  11.357 0.0000000000
1583  19.371  -93.726  10.977 0.0000000000
1584  18.594  -93.341  10.831 0.0000000000
1595  23.913  -93.262  9.194 0.0000000000
1597  19.278  -93.935  10.472 0.0000000000
1608  24.165  -93.214  9.157 0.0000000000
1611  22.284  -93.485  8.106 0.0000000000
1623  21.605  -93.007  7.425 0.0000000000
1624  20.264  -92.934  6.987 0.0000000000
1625  19.460  -92.921  6.842 0.0000000000
1637  19.511  -93.426  6.267 0.0000000000
1965  20.898  -92.405  15.430 0.0000000000
1977  23.298  -92.262  15.075 0.0000000000
1978  21.317  -91.989  15.177 0.0000000000
1979  20.524  -92.262  14.775 0.0000000000
1980  16.156  -92.724  14.472 0.0000000000
1994  24.480  -92.429  13.718 0.0000000000
1995  23.962  -92.320  14.172 0.0000000000
1996  19.796  -92.443  13.902 0.0000000000
1998  16.407  -93.069  13.697 0.0000000000
1999  15.651  -92.763  13.762 0.0000000000
2012  24.905  -92.468  12.631 0.0000000000
2024  24.747  -92.331  11.576 0.0000000000
2025  24.246  -92.086  11.092 0.0000000000
2027  18.308  -92.302  11.650 0.0000000000
2035  26.037  -92.538  11.081 0.0000000000
2037  24.357  -92.511  10.439 0.0000000000
2038  23.548  -92.163  10.408 0.0000000000
2039  22.884  -91.962  10.158 0.0000000000
2040  18.236  -92.781  11.117 0.0000000000
2049  25.807  -92.423  10.409 0.0000000000
2084  21.340  -92.654  7.887 0.0000000000
2085  20.729  -92.513  7.645 0.0000000000
2086  19.924  -92.547  7.372 0.0000000000
2470  22.695  -92.060  15.451 0.0000000000
2471  22.093  -91.935  15.244 0.0000000000
2481  23.587  -92.217  14.491 0.0000000000
2482  22.898  -91.797  14.723 0.0000000000
2483  21.918  -91.566  14.669 0.0000000000
2484  21.101  -91.558  14.629 0.0000000000
2497  24.306  -92.010  13.393 0.0000000000
2498  23.794  -91.712  13.736 0.0000000000
2499  22.643  -91.140  14.044 0.0000000000
2500  21.571  -90.978  14.171 0.0000000000
2501  20.459  -91.199  14.071 0.0000000000
2511  27.922  -90.934  13.042 0.0000000000
2514  24.451  -91.873  12.651 0.0000000000
2515  23.952  -91.084  12.749 0.0000000000
2516  18.823  -91.212  12.828 0.0000000000
2517  18.158  -91.237  12.222 0.0000000000
2526  24.412  -91.913  11.695 0.0000000000
2527  23.894  -91.295  11.550 0.0000000000
2528  17.947  -91.660  11.786 0.0000000000
2529  17.706  -91.188  11.741 0.0000000000
2533  26.992  -91.356  11.455 0.0000000000
2534  26.661  -91.636  11.210 0.0000000000
2535  26.197  -91.486  10.605 0.0000000000
2537  23.110  -91.384  10.670 0.0000000000
2538  22.349  -91.502  10.159 0.0000000000
2539  21.776  -91.313  9.869 0.0000000000
2540  17.376  -91.260  11.185 0.0000000000
2541  16.992  -91.209  10.542 0.0000000000
2547  26.186  -92.141  10.594 0.0000000000
2551  22.055  -91.799  9.687 0.0000000000
2552  21.541  -91.701  9.316 0.0000000000
2553  20.821  -91.537  8.861 0.0000000000
2554  16.519  -91.101  9.862 0.0000000000
3026  23.276  -90.616  13.289 0.0000000000
3027  22.220  -90.252  13.572 0.0000000000
3028  21.181  -90.389  13.761 0.0000000000
3030  20.015  -90.444  13.601 0.0000000000
3040  28.180  -90.505  12.908 0.0000000000
3041  27.832  -90.894  12.700 0.0000000000
3042  23.429  -90.490  12.303 0.0000000000
3043  22.737  -89.856  12.775 0.0000000000
3044  19.284  -90.312  13.212 0.0000000000
3045  18.472  -90.277  12.716 0.0000000000
3046  17.915  -90.381  12.250 0.0000000000
3053  28.007  -90.409  12.560 0.0000000000
3055  27.096  -90.378  11.629 0.0000000000
3056  26.456  -90.273  11.386 0.0000000000
3057  23.362  -90.601  11.695 0.0000000000
3058  22.744  -90.023  11.725 0.0000000000
3059  22.076  -89.918  11.075 0.0000000000
3060  17.472  -90.319  11.677 0.0000000000
3061  17.099  -89.876  11.086 0.0000000000
3064  26.648  -90.912  11.107 0.0000000000
3067  23.178  -90.757  11.263 0.0000000000
3068  22.551  -90.650  10.837 0.0000000000
3070  20.938  -90.395  9.931 0.0000000000
3071  17.102  -90.558  10.998 0.0000000000
3072  16.694  -90.161  10.452 0.0000000000
3076  21.324  -90.959  9.763 0.0000000000
3077  20.701  -90.886  9.377 0.0000000000
3078  20.008  -90.363  9.126 0.0000000000
3079  16.251  -90.101  9.557 0.0000000000
3088  20.152  -91.098  8.757 0.0000000000
3100  27.117  -90.056  7.242 0.0000000000
3561  28.976  -89.084  17.550 0.0000000000
3562  28.700  -89.177  17.362 0.0000000000
3568  29.111  -89.216  16.742 0.0000000000
3615  22.149  -89.601  13.114 0.0000000000
3616  21.531  -89.687  13.388 0.0000000000
3617  20.778  -89.837  13.519 0.0000000000
3618  20.346  -90.017  13.568 0.0000000000
3627  28.628  -89.761  13.286 0.0000000000
3628  28.159  -89.421  12.745 0.0000000000
3629  22.231  -89.510  12.762 0.0000000000
3630  21.697  -89.202  12.771 0.0000000000
3631  20.991  -89.189  13.237 0.0000000000
3632  20.062  -89.440  13.325 0.0000000000
3633  18.966  -89.262  12.877 0.0000000000
3634  17.989  -89.377  12.284 0.0000000000
3638  28.144  -90.086  12.569 0.0000000000
3639  27.553  -89.702  12.216 0.0000000000
3643  22.264  -89.492  12.352 0.0000000000
3644  21.692  -89.206  11.766 0.0000000000
3645  20.950  -89.072  11.177 0.0000000000
3646  17.371  -89.232  11.487 0.0000000000
3647  16.884  -89.221  10.804 0.0000000000
3652  21.455  -89.610  10.937 0.0000000000
3653  20.765  -89.625  10.437 0.0000000000
3654  19.928  -89.189  10.093 0.0000000000
3655  16.475  -89.177  10.053 0.0000000000
3661  20.271  -89.995  9.720 0.0000000000
3662  19.331  -89.475  9.292 0.0000000000
3663  18.807  -88.896  9.062 0.0000000000
3673  19.041  -89.938  8.698 0.0000000000
3674  18.635  -89.340  8.473 0.0000000000
3686  27.404  -89.535  7.241 0.0000000000
4007  25.967  -87.777  32.281 0.0000000000
4103  27.297  -88.426  25.918 0.0000000000
4104  26.921  -88.282  25.419 0.0000000000
4114  26.906  -88.661  25.288 0.0000000000
4115  26.557  -88.544  24.492 0.0000000000
4168  26.769  -88.579  20.897 0.0000000000
4175  28.407  -88.863  18.826 0.0000000000
4187  28.716  -88.725  17.997 0.0000000000
4196  29.114  -88.792  17.190 0.0000000000
4197  28.734  -88.265  17.531 0.0000000000
4256  28.433  -88.848  13.288 0.0000000000
4260  21.141  -88.904  12.859 0.0000000000
4261  20.622  -88.773  12.792 0.0000000000
4262  19.712  -88.549  12.552 0.0000000000
4263  18.659  -88.387  12.177 0.0000000000
4264  17.862  -88.502  11.729 0.0000000000
4271  21.189  -88.802  12.434 0.0000000000
4272  20.598  -88.509  11.891 0.0000000000
4273  19.412  -88.267  11.532 0.0000000000
4274  18.356  -88.135  11.175 0.0000000000
4275  17.404  -88.459  10.907 0.0000000000
4276  16.844  -88.703  10.434 0.0000000000
4281  20.144  -88.701  10.887 0.0000000000
4282  19.018  -88.458  10.238 0.0000000000
4283  17.884  -88.147  10.165 0.0000000000
4284  17.074  -88.306  10.107 0.0000000000
4285  16.704  -88.648  10.070 0.0000000000
4296  18.871  -88.722  9.433 0.0000000000
4297  18.235  -88.475  9.154 0.0000000000
4298  17.262  -88.294  9.332 0.0000000000
4299  16.629  -88.638  9.563 0.0000000000
4308  29.917  -88.090  8.131 0.0000000000
4309  29.405  -88.055  8.133 0.0000000000
4329  28.888  -88.395  7.532 0.0000000000
4330  27.830  -88.796  7.495 0.0000000000
4661  26.861  -86.975  31.812 0.0000000000
4662  26.443  -87.335  31.962 0.0000000000
4663  25.623  -87.509  32.308 0.0000000000
4664  24.549  -87.811  32.751 0.0000000000
4740  28.180  -87.622  26.881 0.0000000000
4741  27.691  -87.740  26.399 0.0000000000
4757  27.194  -87.776  25.869 0.0000000000
4758  26.685  -87.766  25.314 0.0000000000
4772  26.143  -87.546  24.565 0.0000000000
4773  25.739  -87.035  24.424 0.0000000000
4786  26.089  -87.978  23.472 0.0000000000
4787  25.630  -87.258  23.734 0.0000000000
4799  26.108  -88.129  22.405 0.0000000000
4800  25.562  -87.403  22.700 0.0000000000
4809  26.362  -88.198  21.392 0.0000000000
4810  25.764  -87.538  21.811 0.0000000000
4823  26.804  -87.959  20.285 0.0000000000
4829  28.362  -88.355  18.542 0.0000000000
4830  27.689  -87.922  19.127 0.0000000000
4831  26.981  -87.287  19.637 0.0000000000
4842  28.367  -87.758  18.133 0.0000000000
4843  27.853  -87.393  18.464 0.0000000000
4857  28.898  -88.200  17.010 0.0000000000
4858  28.539  -87.669  17.304 0.0000000000
4869  28.771  -87.769  16.571 0.0000000000
4906  28.570  -88.034  13.950 0.0000000000
4907  27.898  -87.540  13.559 0.0000000000
4913  28.034  -88.134  13.248 0.0000000000
4915  26.397  -87.611  12.807 0.0000000000
4942  30.894  -87.334  8.706 0.0000000000
4954  30.343  -87.499  8.533 0.0000000000
4955  29.693  -87.573  8.371 0.0000000000
5331  27.078  -86.710  31.609 0.0000000000
5332  26.644  -86.856  31.845 0.0000000000
5333  26.123  -86.935  32.009 0.0000000000
5334  25.213  -87.086  32.227 0.0000000000
5351  26.824  -86.368  31.572 0.0000000000
5352  25.866  -86.417  31.690 0.0000000000
5401  28.286  -86.869  27.220 0.0000000000
5402  27.704  -86.516  26.986 0.0000000000
5410  27.928  -87.304  26.717 0.0000000000
5411  27.355  -86.934  26.412 0.0000000000
5412  26.735  -86.517  26.207 0.0000000000
5423  26.895  -87.363  25.818 0.0000000000
5424  26.350  -86.832  25.542 0.0000000000
5425  25.805  -86.316  25.334 0.0000000000
5438  25.933  -87.047  24.876 0.0000000000
5439  25.664  -86.586  24.849 0.0000000000
5452  25.363  -86.633  24.075 0.0000000000
5461  32.904  -86.060  22.107 0.0000000000
5462  25.092  -86.684  23.139 0.0000000000
5463  24.594  -85.913  22.805 0.0000000000
5475  33.070  -86.154  21.734 0.0000000000
5477  26.040  -87.191  20.995 0.0000000000
5478  25.129  -86.412  21.679 0.0000000000
5479  24.570  -85.684  22.101 0.0000000000
5490  32.847  -86.007  21.270 0.0000000000
5491  32.670  -85.831  21.298 0.0000000000
5492  26.326  -86.584  20.029 0.0000000000
5493  25.683  -86.476  20.713 0.0000000000
5499  27.548  -87.048  18.634 0.0000000000
5500  27.046  -86.688  19.121 0.0000000000
5510  28.187  -87.279  17.607 0.0000000000
5511  27.759  -86.849  17.975 0.0000000000
5512  27.309  -86.471  18.458 0.0000000000
5526  28.252  -87.264  17.269 0.0000000000
5527  27.960  -86.903  17.247 0.0000000000
5537  28.325  -87.235  16.841 0.0000000000
5553  27.884  -86.616  15.568 0.0000000000
5563  27.687  -86.656  14.571 0.0000000000
5571  26.762  -86.983  13.118 0.0000000000
5605  30.847  -86.507  9.013 0.0000000000
5606  30.294  -86.151  8.975 0.0000000000
5618  30.566  -87.023  8.736 0.0000000000
5619  30.062  -86.731  8.696 0.0000000000
6005  28.546  -85.500  31.014 0.0000000000
6006  27.565  -85.515  31.175 0.0000000000
6007  26.584  -85.631  31.274 0.0000000000
6008  25.556  -85.765  31.127 0.0000000000
6023  29.985  -85.384  30.285 0.0000000000
6058  28.325  -85.487  28.294 0.0000000000
6059  27.793  -85.285  28.099 0.0000000000
6068  28.657  -86.215  27.963 0.0000000000
6069  27.602  -85.843  27.486 0.0000000000
6070  26.898  -85.593  27.174 0.0000000000
6080  27.412  -86.333  26.876 0.0000000000
6081  26.842  -85.991  26.676 0.0000000000
6082  26.294  -85.818  26.313 0.0000000000
6092  26.420  -86.203  26.110 0.0000000000
6093  25.851  -85.833  25.805 0.0000000000
6094  25.221  -85.365  25.361 0.0000000000
6104  25.424  -85.949  25.079 0.0000000000
6105  24.801  -85.447  24.616 0.0000000000
6119  24.361  -85.259  23.616 0.0000000000
6134  32.598  -85.469  22.226 0.0000000000
6135  32.001  -84.897  22.170 0.0000000000
6136  24.231  -84.985  22.517 0.0000000000
6154  32.008  -85.081  21.705 0.0000000000
6155  31.731  -84.669  22.013 0.0000000000
6156  24.984  -85.664  21.064 0.0000000000
6157  24.595  -85.265  21.486 0.0000000000
6168  32.568  -85.507  20.888 0.0000000000
6169  25.994  -85.860  19.793 0.0000000000
6170  25.458  -85.558  20.345 0.0000000000
6171  24.900  -85.304  20.871 0.0000000000
6181  33.121  -85.330  19.594 0.0000000000
6182  26.377  -85.771  19.294 0.0000000000
6183  25.935  -85.482  19.653 0.0000000000
6196  33.554  -85.285  18.581 0.0000000000
6197  27.250  -86.001  17.958 0.0000000000
6198  26.854  -85.907  18.562 0.0000000000
6217  27.445  -86.141  17.185 0.0000000000
6218  27.150  -85.633  16.822 0.0000000000
6235  27.348  -85.957  16.195 0.0000000000
6236  26.909  -85.363  16.413 0.0000000000
6246  27.240  -86.021  15.153 0.0000000000
6253  26.792  -86.180  13.738 0.0000000000
6254  26.259  -85.562  13.793 0.0000000000
6262  26.120  -86.138  13.334 0.0000000000
6292  31.184  -85.520  9.000 0.0000000000
6293  30.358  -85.544  9.119 0.0000000000
6294  29.833  -85.830  8.846 0.0000000000
6307  29.496  -86.247  8.479 0.0000000000
6308  28.879  -86.183  8.081 0.0000000000
6309  28.177  -85.765  7.815 0.0000000000
6324  28.268  -86.512  7.739 0.0000000000
6325  27.512  -86.193  7.588 0.0000000000
6714  29.142  -84.930  30.893 0.0000000000
6715  28.295  -84.572  31.026 0.0000000000
6716  27.237  -84.664  30.953 0.0000000000
6717  26.363  -84.972  30.836 0.0000000000
6727  30.351  -84.503  30.257 0.0000000000
6728  29.675  -84.523  30.679 0.0000000000
6729  26.788  -84.288  30.673 0.0000000000
6730  26.147  -84.316  30.465 0.0000000000
6759  29.571  -84.689  29.289 0.0000000000
6760  28.684  -84.784  28.885 0.0000000000
6761  27.940  -84.786  28.450 0.0000000000
6771  27.383  -84.857  27.999 0.0000000000
6772  26.636  -84.943  27.423 0.0000000000
6773  25.995  -84.517  27.079 0.0000000000
6780  26.584  -85.462  27.005 0.0000000000
6781  26.054  -85.225  26.664 0.0000000000
6786  25.332  -84.887  25.964 0.0000000000
6787  24.777  -84.666  25.286 0.0000000000
6796  24.219  -84.428  24.413 0.0000000000
6797  23.739  -83.895  23.908 0.0000000000
6807  23.883  -84.481  23.402 0.0000000000
6808  23.611  -83.756  23.220 0.0000000000
6815  34.048  -84.894  23.158 0.0000000000
6817  32.359  -84.672  22.313 0.0000000000
6818  31.646  -84.272  22.189 0.0000000000
6819  31.122  -83.900  22.180 0.0000000000
6820  23.758  -84.202  22.637 0.0000000000
6821  23.620  -83.558  22.480 0.0000000000
6826  34.622  -85.087  21.117 0.0000000000
6827  31.785  -84.686  21.531 0.0000000000
6828  31.440  -84.203  21.681 0.0000000000
6829  30.922  -83.871  22.040 0.0000000000
6830  24.035  -83.950  21.664 0.0000000000
6831  23.641  -83.385  22.036 0.0000000000
6834  34.958  -84.493  20.125 0.0000000000
6835  34.454  -85.277  20.383 0.0000000000
6836  31.937  -84.685  21.010 0.0000000000
6837  31.659  -84.124  20.837 0.0000000000
6838  25.205  -84.265  19.958 0.0000000000
6839  24.737  -84.638  20.738 0.0000000000
6842  35.344  -84.427  18.803 0.0000000000
6843  34.591  -85.103  19.262 0.0000000000
6844  32.428  -84.518  19.775 0.0000000000
6845  31.977  -84.284  20.447 0.0000000000
6846  26.496  -85.227  18.677 0.0000000000
6847  25.930  -84.775  19.263 0.0000000000
6852  33.597  -85.173  17.690 0.0000000000
6853  33.024  -84.765  18.236 0.0000000000
6854  27.104  -85.633  17.487 0.0000000000
6855  26.817  -85.282  17.949 0.0000000000
6856  26.274  -84.639  18.208 0.0000000000
6868  27.142  -85.633  17.162 0.0000000000
6869  26.837  -85.236  17.087 0.0000000000
6870  26.462  -84.777  17.471 0.0000000000
6887  26.334  -84.719  16.700 0.0000000000
6897  26.564  -84.983  16.090 0.0000000000
6898  26.049  -84.610  15.881 0.0000000000
6906  25.852  -84.468  15.055 0.0000000000
6910  25.554  -84.531  14.180 0.0000000000
6950  28.168  -84.333  8.665 0.0000000000
6967  29.264  -85.621  8.536 0.0000000000
6968  28.572  -85.240  8.327 0.0000000000
7393  31.782  -83.294  36.042 0.0000000000
7410  30.911  -83.215  35.930 0.0000000000
7456  29.112  -84.165  30.826 0.0000000000
7457  28.588  -83.609  30.808 0.0000000000
7458  27.706  -83.680  30.830 0.0000000000
7459  27.406  -83.141  30.766 0.0000000000
7463  30.540  -83.389  30.152 0.0000000000
7464  29.761  -83.722  30.609 0.0000000000
7465  29.116  -83.605  30.731 0.0000000000
7466  27.181  -84.016  30.707 0.0000000000
7467  26.837  -83.465  30.626 0.0000000000
7477  31.388  -82.921  29.061 0.0000000000
7478  30.789  -83.489  29.481 0.0000000000
7495  31.450  -82.742  28.893 0.0000000000
7496  31.227  -83.067  28.933 0.0000000000
7497  30.391  -83.679  29.183 0.0000000000
7500  27.427  -83.808  28.463 0.0000000000
7513  27.507  -84.265  28.397 0.0000000000
7514  26.889  -83.933  28.090 0.0000000000
7515  26.119  -83.830  27.395 0.0000000000
7524  36.915  -83.041  26.317 0.0000000000
7533  35.939  -83.396  25.189 0.0000000000
7534  24.915  -84.133  25.880 0.0000000000
7535  24.443  -83.638  25.310 0.0000000000
7541  35.369  -84.012  24.519 0.0000000000
7542  34.914  -84.493  24.032 0.0000000000
7543  23.920  -83.411  24.502 0.0000000000
7544  23.611  -83.208  23.784 0.0000000000
7549  34.916  -84.030  24.024 0.0000000000
7550  34.610  -84.346  23.487 0.0000000000
7551  23.521  -83.051  23.055 0.0000000000
7555  33.980  -84.260  22.699 0.0000000000
7556  32.945  -84.105  22.361 0.0000000000
7557  31.922  -83.840  22.309 0.0000000000
7558  31.139  -83.547  22.395 0.0000000000
7559  30.772  -83.430  22.208 0.0000000000
7560  23.548  -82.865  22.345 0.0000000000
7563  35.625  -83.520  21.321 0.0000000000
7564  31.089  -83.681  21.471 0.0000000000
7565  30.804  -83.550  21.755 0.0000000000
7566  24.000  -82.844  21.228 0.0000000000
7567  23.683  -83.077  21.774 0.0000000000
7570  36.198  -83.095  19.705 0.0000000000
7571  35.506  -83.682  20.424 0.0000000000
7572  31.279  -83.492  20.902 0.0000000000
7573  30.947  -83.412  21.339 0.0000000000
7574  25.006  -83.613  19.765 0.0000000000
7575  24.598  -83.340  20.406 0.0000000000
7579  36.834  -83.298  18.789 0.0000000000
7580  35.795  -83.780  19.289 0.0000000000
7581  32.221  -83.887  19.375 0.0000000000
7582  31.850  -83.796  20.062 0.0000000000
7583  25.326  -83.783  19.245 0.0000000000
7589  32.394  -83.892  18.423 0.0000000000
7590  32.050  -83.415  19.202 0.0000000000
7591  25.580  -84.021  18.358 0.0000000000
7592  24.778  -83.373  18.484 0.0000000000
7600  32.487  -84.211  16.889 0.0000000000
7602  25.776  -84.303  17.323 0.0000000000
7603  24.911  -83.675  17.482 0.0000000000
7616  25.729  -84.366  16.431 0.0000000000
7617  25.144  -83.889  16.517 0.0000000000
7627  32.650  -83.949  14.925 0.0000000000
7629  25.461  -84.137  15.717 0.0000000000
7630  24.793  -83.524  15.627 0.0000000000
7643  25.266  -83.883  14.863 0.0000000000
7645  24.052  -83.041  14.291 0.0000000000
7658  24.959  -83.851  14.221 0.0000000000
7659  24.333  -83.632  14.000 0.0000000000
7709  29.654  -83.647  9.170 0.0000000000
7710  28.626  -83.541  9.208 0.0000000000
8197  28.602  -82.007  37.232 0.0000000000
8211  29.470  -82.326  36.478 0.0000000000
8212  28.776  -81.942  36.585 0.0000000000
8222  31.280  -82.677  35.533 0.0000000000
8223  30.281  -82.634  35.989 0.0000000000
8224  29.851  -82.440  36.159 0.0000000000
8235  31.994  -82.491  35.105 0.0000000000
8236  31.786  -82.602  35.259 0.0000000000
8264  28.612  -83.221  30.727 0.0000000000
8265  28.293  -83.139  30.766 0.0000000000
8266  27.765  -82.982  30.773 0.0000000000
8275  30.516  -82.811  30.087 0.0000000000
8276  30.031  -82.853  30.385 0.0000000000
8277  29.002  -82.922  30.655 0.0000000000
8278  28.153  -82.482  30.658 0.0000000000
8279  27.323  -82.522  30.629 0.0000000000
8280  26.423  -82.516  30.304 0.0000000000
8289  31.339  -82.750  29.248 0.0000000000
8290  30.896  -82.666  29.670 0.0000000000
8301  37.980  -82.225  28.241 0.0000000000
8302  31.525  -82.440  28.916 0.0000000000
8303  31.414  -82.379  28.701 0.0000000000
8304  30.860  -82.661  28.650 0.0000000000
8319  37.758  -82.196  27.579 0.0000000000
8320  27.432  -82.265  28.314 0.0000000000
8332  37.193  -82.690  26.564 0.0000000000
8333  36.660  -82.752  26.092 0.0000000000
8334  25.730  -82.293  26.890 0.0000000000
8335  25.153  -82.736  26.449 0.0000000000
8336  24.626  -82.705  25.769 0.0000000000
8341  36.259  -82.838  25.551 0.0000000000
8342  35.921  -82.803  25.241 0.0000000000
8343  24.164  -82.639  25.040 0.0000000000
8348  35.583  -82.977  24.749 0.0000000000
8349  23.734  -82.599  24.293 0.0000000000
8350  23.555  -82.511  23.577 0.0000000000
8358  35.175  -83.224  23.830 0.0000000000
8359  34.841  -83.772  23.651 0.0000000000
8360  29.787  -81.740  22.864 0.0000000000
8361  29.564  -81.627  22.800 0.0000000000
8362  23.513  -82.387  22.893 0.0000000000
8371  35.076  -82.961  23.271 0.0000000000
8372  34.729  -83.345  22.961 0.0000000000
8373  33.669  -83.289  22.215 0.0000000000
8374  32.493  -83.131  22.176 0.0000000000
8375  31.443  -82.888  22.429 0.0000000000
8376  30.392  -82.506  22.546 0.0000000000
8377  29.755  -81.904  22.643 0.0000000000
8378  23.568  -82.315  22.415 0.0000000000
8390  35.914  -82.839  21.097 0.0000000000
8391  30.281  -82.905  21.981 0.0000000000
8392  29.736  -82.179  22.247 0.0000000000
8393  24.063  -82.190  21.283 0.0000000000
8394  23.722  -82.252  21.846 0.0000000000
8408  31.151  -83.034  20.646 0.0000000000
8409  30.742  -82.839  21.083 0.0000000000
8410  24.285  -82.189  20.730 0.0000000000
8423  36.877  -82.797  19.386 0.0000000000
8424  31.437  -82.794  19.882 0.0000000000
8425  30.887  -82.124  20.363 0.0000000000
8427  23.852  -81.764  19.075 0.0000000000
8444  32.244  -83.567  17.355 0.0000000000
8445  32.017  -82.902  18.203 0.0000000000
8446  24.059  -82.528  18.663 0.0000000000
8447  23.565  -81.686  18.395 0.0000000000
8459  32.197  -83.691  16.794 0.0000000000
8460  31.826  -83.189  16.647 0.0000000000
8461  24.115  -82.999  17.618 0.0000000000
8462  23.562  -82.214  17.687 0.0000000000
8468  31.322  -82.855  15.391 0.0000000000
8469  30.875  -82.297  15.323 0.0000000000
8470  24.327  -83.174  16.521 0.0000000000
8471  23.734  -82.499  16.787 0.0000000000
8477  31.210  -82.695  14.479 0.0000000000
8478  30.812  -82.358  14.764 0.0000000000
8479  24.168  -82.639  15.520 0.0000000000
8480  23.950  -82.564  16.161 0.0000000000
8489  30.883  -82.310  14.184 0.0000000000
8558  28.011  -82.494  9.389 0.0000000000
9040  29.893  -81.517  36.031 0.0000000000
9041  29.047  -81.614  36.256 0.0000000000
9042  28.352  -81.408  36.615 0.0000000000
9050  31.337  -81.883  35.334 0.0000000000
9051  30.537  -82.119  35.722 0.0000000000
9052  29.798  -82.189  36.042 0.0000000000
9057  32.296  -81.983  34.960 0.0000000000
9058  31.781  -82.270  35.106 0.0000000000
9096  38.099  -81.197  30.179 0.0000000000
9097  37.930  -81.297  30.054 0.0000000000
9098  30.387  -82.259  30.080 0.0000000000
9099  29.666  -82.009  30.402 0.0000000000
9100  28.753  -81.764  30.481 0.0000000000
9101  27.820  -81.616  30.490 0.0000000000
9102  26.921  -81.594  30.371 0.0000000000
9103  26.150  -81.635  30.003 0.0000000000
9110  37.926  -81.434  29.466 0.0000000000
9111  31.473  -82.021  29.209 0.0000000000
9112  30.804  -81.698  29.626 0.0000000000
9122  37.761  -81.705  28.495 0.0000000000
9123  32.217  -80.922  28.095 0.0000000000
9124  31.606  -81.428  28.424 0.0000000000
9125  31.267  -81.631  28.275 0.0000000000
9126  30.302  -81.929  28.401 0.0000000000
9127  29.149  -81.846  28.528 0.0000000000
9128  28.018  -81.510  28.380 0.0000000000
9140  37.572  -81.735  27.721 0.0000000000
9141  32.147  -81.097  27.957 0.0000000000
9142  31.796  -81.265  27.940 0.0000000000
9143  31.571  -81.344  27.931 0.0000000000
9156  37.345  -81.956  27.075 0.0000000000
9157  36.797  -82.055  26.448 0.0000000000
9158  26.022  -81.581  26.983 0.0000000000
9159  25.303  -81.641  26.308 0.0000000000
9160  24.867  -82.172  26.048 0.0000000000
9169  36.345  -82.071  25.638 0.0000000000
9170  36.124  -82.487  25.363 0.0000000000
9171  25.087  -81.208  25.795 0.0000000000
9172  24.599  -81.714  25.506 0.0000000000
9181  36.221  -81.786  25.249 0.0000000000
9182  35.981  -82.072  24.986 0.0000000000
9183  23.965  -81.828  24.627 0.0000000000
9184  23.619  -82.006  23.999 0.0000000000
9196  35.565  -82.081  24.049 0.0000000000
9197  29.702  -81.413  23.051 0.0000000000
9198  29.362  -81.349  23.005 0.0000000000
9199  28.896  -81.081  22.920 0.0000000000
9200  23.532  -81.836  23.372 0.0000000000
9214  35.228  -82.271  23.018 0.0000000000
9215  34.288  -82.140  22.154 0.0000000000
9216  33.139  -82.295  21.943 0.0000000000
9217  32.106  -82.008  22.139 0.0000000000
9218  31.092  -81.820  22.556 0.0000000000
9219  30.181  -81.475  22.938 0.0000000000
9220  29.329  -81.530  22.588 0.0000000000
9221  28.830  -80.910  22.449 0.0000000000
9222  23.555  -81.768  22.588 0.0000000000
9234  33.530  -81.554  21.839 0.0000000000
9235  32.770  -81.434  21.870 0.0000000000
9236  32.279  -81.361  22.038 0.0000000000
9237  29.993  -82.268  21.643 0.0000000000
9238  29.397  -81.348  21.744 0.0000000000
9240  23.988  -81.484  21.323 0.0000000000
9241  23.684  -81.482  22.006 0.0000000000
9247  30.314  -81.651  20.892 0.0000000000
9248  29.901  -81.107  21.168 0.0000000000
9259  31.183  -81.696  19.638 0.0000000000
9260  30.780  -81.630  20.233 0.0000000000
9261  23.999  -81.173  19.488 0.0000000000
9262  23.655  -81.089  18.862 0.0000000000
9276  31.479  -82.034  18.646 0.0000000000
9277  23.460  -80.978  18.267 0.0000000000
9288  31.448  -82.046  17.293 0.0000000000
9289  31.064  -81.419  16.817 0.0000000000
9290  23.419  -81.336  17.631 0.0000000000
9300  31.391  -82.546  16.315 0.0000000000
9301  31.057  -81.967  16.049 0.0000000000
9302  23.447  -81.772  16.936 0.0000000000
9313  30.557  -81.760  15.290 0.0000000000
9314  23.877  -82.244  15.525 0.0000000000
9315  23.662  -81.888  15.874 0.0000000000
9325  30.502  -81.664  14.395 0.0000000000
9326  23.864  -82.174  15.239 0.0000000000
9327  23.407  -81.733  14.685 0.0000000000
9380  26.905  -80.891  9.813 0.0000000000
9381  26.094  -80.984  10.080 0.0000000000
9382  25.151  -80.919  9.919 0.0000000000
9402  27.437  -81.566  9.574 0.0000000000
9403  26.511  -81.656  9.676 0.0000000000
9404  25.594  -81.673  9.611 0.0000000000
9899  30.995  -80.737  35.822 0.0000000000
9900  30.220  -80.766  36.101 0.0000000000
9901  29.106  -80.665  36.073 0.0000000000
9902  28.365  -80.838  36.134 0.0000000000
9912  32.065  -80.510  34.761 0.0000000000
9913  31.608  -80.948  35.158 0.0000000000
9914  30.804  -81.380  35.747 0.0000000000
9915  28.740  -80.272  35.903 0.0000000000
9916  28.440  -80.237  35.849 0.0000000000
9917  27.919  -80.119  35.845 0.0000000000
9925  32.484  -80.778  34.561 0.0000000000
9926  31.892  -81.638  34.880 0.0000000000
9927  22.477  -80.798  35.119 0.0000000000
9932  33.234  -80.250  34.105 0.0000000000
9933  32.983  -80.067  33.858 0.0000000000
9945  36.947  -79.942  32.075 0.0000000000
9955  37.417  -80.136  31.348 0.0000000000
9956  36.811  -79.782  31.867 0.0000000000
9962  38.693  -80.440  30.443 0.0000000000
9963  38.187  -80.753  30.585 0.0000000000
9964  37.826  -80.761  30.173 0.0000000000
9965  30.153  -81.520  30.053 0.0000000000
9966  29.451  -80.924  30.123 0.0000000000
9967  28.397  -80.781  30.220 0.0000000000
9968  27.422  -80.732  30.195 0.0000000000
9969  26.558  -80.782  29.982 0.0000000000
9976  38.432  -81.024  30.085 0.0000000000
9977  37.706  -81.044  29.280 0.0000000000
9979  30.310  -80.791  29.746 0.0000000000
9980  29.820  -80.604  29.896 0.0000000000
9981  28.175  -80.368  29.991 0.0000000000
9982  27.915  -80.481  30.080 0.0000000000
9983  26.355  -80.290  29.720 0.0000000000
9991  37.569  -81.011  28.647 0.0000000000
9992  32.225  -80.317  28.097 0.0000000000
9993  31.954  -80.722  28.349 0.0000000000
9994  30.647  -81.294  28.037 0.0000000000
9995  29.713  -81.161  28.217 0.0000000000
10006  37.497  -81.124  27.989 0.0000000000
10007  32.210  -80.587  27.886 0.0000000000
10008  31.988  -80.762  27.723 0.0000000000
10009  31.350  -80.974  27.691 0.0000000000
10010  30.254  -80.580  27.805 0.0000000000
10011  29.079  -80.406  27.898 0.0000000000
10026  37.415  -81.314  27.363 0.0000000000
10027  37.156  -81.231  26.731 0.0000000000
10030  25.750  -81.060  26.609 0.0000000000
10031  22.717  -79.900  27.041 0.0000000000
10032  22.230  -80.088  26.781 0.0000000000
10045  36.671  -81.133  25.986 0.0000000000
10047  25.543  -80.581  25.952 0.0000000000
10048  24.910  -80.937  25.424 0.0000000000
10060  36.311  -81.111  25.100 0.0000000000
10061  35.924  -81.028  24.234 0.0000000000
10062  25.017  -80.429  25.155 0.0000000000
10063  24.382  -80.839  24.668 0.0000000000
10064  23.707  -81.312  23.974 0.0000000000
10075  35.548  -80.847  23.289 0.0000000000
10076  29.626  -80.847  23.219 0.0000000000
10078  28.473  -80.325  22.958 0.0000000000
10079  28.067  -79.758  22.733 0.0000000000
10080  23.956  -80.537  23.744 0.0000000000
10081  23.553  -81.072  23.151 0.0000000000
10089  34.832  -80.966  22.362 0.0000000000
10090  34.022  -80.969  21.862 0.0000000000
10091  32.604  -80.224  22.074 0.0000000000
10092  31.916  -80.870  22.218 0.0000000000
10093  30.826  -80.848  22.651 0.0000000000
10094  30.223  -80.676  23.042 0.0000000000
10095  28.480  -80.057  22.335 0.0000000000
10096  28.091  -79.613  22.441 0.0000000000
10097  23.976  -80.222  22.658 0.0000000000
10098  23.593  -81.055  22.450 0.0000000000
10103  33.331  -80.896  21.774 0.0000000000
10104  32.697  -80.776  21.891 0.0000000000
10105  32.401  -81.104  21.961 0.0000000000
10106  29.151  -80.254  21.508 0.0000000000
10107  28.722  -80.136  21.903 0.0000000000
10108  24.249  -80.303  21.346 0.0000000000
10109  23.766  -80.870  21.908 0.0000000000
10119  30.195  -80.677  20.647 0.0000000000
10120  29.685  -80.688  21.183 0.0000000000
10121  24.482  -80.043  20.395 0.0000000000
10131  31.130  -81.138  19.377 0.0000000000
10132  30.717  -81.074  19.960 0.0000000000
10133  24.209  -80.178  19.477 0.0000000000
10134  23.839  -80.665  19.135 0.0000000000
10144  31.334  -81.272  18.767 0.0000000000
10145  31.071  -80.615  19.074 0.0000000000
10146  24.054  -79.737  18.885 0.0000000000
10147  23.687  -80.245  18.575 0.0000000000
10155  31.398  -81.531  18.101 0.0000000000
10156  31.115  -80.850  17.743 0.0000000000
10157  23.397  -80.540  17.759 0.0000000000
10171  30.468  -80.900  16.296 0.0000000000
10172  29.779  -80.342  15.700 0.0000000000
10173  23.314  -80.735  16.741 0.0000000000
10188  30.170  -80.934  15.098 0.0000000000
10189  29.480  -80.245  14.894 0.0000000000
10190  23.158  -80.668  15.465 0.0000000000
10203  29.988  -80.792  14.284 0.0000000000
10204  29.622  -80.178  14.153 0.0000000000
10224  29.943  -80.324  13.840 0.0000000000
10272  25.656  -80.207  10.317 0.0000000000
10273  24.707  -80.269  10.459 0.0000000000
10797  31.349  -80.296  35.644 0.0000000000
10798  30.734  -80.122  36.108 0.0000000000
10799  29.814  -79.970  36.219 0.0000000000
10811  32.297  -80.155  34.577 0.0000000000
10812  31.886  -80.020  35.153 0.0000000000
10813  28.895  -79.829  35.853 0.0000000000
10814  28.233  -79.490  35.563 0.0000000000
10815  27.794  -79.119  35.642 0.0000000000
10827  32.608  -79.854  34.126 0.0000000000
10842  33.683  -79.515  33.563 0.0000000000
10843  33.035  -79.401  33.709 0.0000000000
10855  36.221  -79.346  32.467 0.0000000000
10856  34.963  -79.373  32.880 0.0000000000
10857  34.204  -79.412  33.097 0.0000000000
10858  33.947  -79.450  33.194 0.0000000000
10868  38.863  -79.443  31.143 0.0000000000
10869  38.311  -79.941  31.494 0.0000000000
10870  36.975  -79.392  31.382 0.0000000000
10871  36.564  -79.483  31.879 0.0000000000
10879  38.618  -80.152  30.856 0.0000000000
10880  37.511  -79.821  30.588 0.0000000000
10881  29.200  -80.427  29.947 0.0000000000
10882  28.940  -80.545  30.054 0.0000000000
10883  27.222  -80.353  29.978 0.0000000000
10884  26.996  -80.471  30.028 0.0000000000
10891  37.708  -80.198  29.652 0.0000000000
10893  30.663  -79.957  29.384 0.0000000000
10894  29.712  -80.149  29.755 0.0000000000
10895  28.708  -80.119  29.846 0.0000000000
10896  27.703  -80.107  29.838 0.0000000000
10897  26.853  -80.123  29.825 0.0000000000
10898  26.151  -79.758  29.446 0.0000000000
10906  37.730  -80.446  28.953 0.0000000000
10907  32.213  -79.585  28.081 0.0000000000
10908  31.819  -79.872  28.485 0.0000000000
10909  25.929  -79.255  29.070 0.0000000000
10921  37.755  -80.280  28.230 0.0000000000
10922  32.205  -79.821  27.787 0.0000000000
10923  32.067  -80.038  27.536 0.0000000000
10924  31.651  -80.073  27.395 0.0000000000
10925  30.777  -79.947  27.331 0.0000000000
10926  29.623  -79.721  27.415 0.0000000000
10929  23.068  -79.721  27.200 0.0000000000
10943  37.504  -80.250  27.180 0.0000000000
10944  37.102  -80.387  26.288 0.0000000000
10945  32.213  -79.336  27.327 0.0000000000
10946  32.027  -79.379  26.918 0.0000000000
10947  31.280  -79.251  26.784 0.0000000000
10949  28.830  -78.983  26.760 0.0000000000
10952  23.382  -79.177  27.158 0.0000000000
10953  22.808  -79.356  26.649 0.0000000000
10954  21.828  -79.437  26.188 0.0000000000
10955  20.728  -79.387  26.160 0.0000000000
10970  37.300  -79.391  26.210 0.0000000000
10971  36.733  -79.801  25.382 0.0000000000
10972  28.030  -78.972  26.108 0.0000000000
10974  26.243  -79.726  25.554 0.0000000000
10975  25.460  -79.984  25.175 0.0000000000
10983  36.186  -79.742  24.183 0.0000000000
10984  35.824  -80.277  23.778 0.0000000000
10985  28.759  -79.302  23.932 0.0000000000
10987  26.999  -79.357  24.596 0.0000000000
10988  25.831  -79.576  24.552 0.0000000000
10989  24.907  -79.978  24.481 0.0000000000
10990  24.400  -80.286  24.149 0.0000000000
10995  35.979  -79.077  23.613 0.0000000000
10996  35.673  -79.547  23.366 0.0000000000
10997  30.851  -79.374  22.977 0.0000000000
10998  30.042  -79.838  23.239 0.0000000000
10999  29.199  -79.957  23.456 0.0000000000
11001  27.591  -79.506  23.369 0.0000000000
11002  26.304  -79.250  23.678 0.0000000000
11003  25.275  -79.472  23.691 0.0000000000
11004  24.463  -79.912  23.645 0.0000000000
11011  35.100  -79.757  22.618 0.0000000000
11012  34.098  -79.833  21.876 0.0000000000
11013  32.994  -79.552  22.026 0.0000000000
11014  32.159  -79.741  22.358 0.0000000000
11015  31.311  -79.990  22.587 0.0000000000
11016  30.600  -80.138  22.835 0.0000000000
11017  28.164  -79.478  22.206 0.0000000000
11018  27.615  -79.106  22.396 0.0000000000
11019  26.708  -78.897  22.890 0.0000000000
11020  25.634  -78.921  22.699 0.0000000000
11021  24.721  -79.468  22.973 0.0000000000
11028  33.694  -80.467  21.794 0.0000000000
11029  33.242  -80.265  21.859 0.0000000000
11030  29.233  -79.353  21.139 0.0000000000
11031  28.565  -79.444  21.754 0.0000000000
11032  28.058  -79.111  21.994 0.0000000000
11033  25.400  -78.730  21.570 0.0000000000
11034  24.689  -79.362  22.034 0.0000000000
11050  30.217  -80.220  20.451 0.0000000000
11051  29.853  -79.952  20.705 0.0000000000
11052  25.364  -78.702  20.894 0.0000000000
11053  24.856  -79.287  20.910 0.0000000000
11073  30.503  -80.068  19.902 0.0000000000
11074  30.110  -79.343  20.058 0.0000000000
11075  25.330  -78.759  20.272 0.0000000000
11076  24.796  -79.388  19.902 0.0000000000
11094  30.628  -79.752  18.577 0.0000000000
11095  30.072  -79.145  18.011 0.0000000000
11096  25.202  -78.791  19.492 0.0000000000
11097  24.571  -79.136  18.935 0.0000000000
11098  23.944  -79.449  18.430 0.0000000000
11109  30.326  -79.878  17.326 0.0000000000
11110  29.299  -79.129  17.221 0.0000000000
11111  28.663  -78.921  16.519 0.0000000000
11112  24.198  -78.775  18.090 0.0000000000
11113  23.492  -79.450  17.511 0.0000000000
11125  29.821  -79.940  16.443 0.0000000000
11126  29.108  -79.583  15.846 0.0000000000
11127  28.564  -78.946  15.853 0.0000000000
11128  22.884  -79.476  16.066 0.0000000000
11129  22.580  -78.864  15.539 0.0000000000
11140  28.587  -79.179  15.200 0.0000000000
11154  29.295  -79.755  14.460 0.0000000000
11155  28.888  -79.298  14.593 0.0000000000
11206  24.871  -78.970  11.061 0.0000000000
11207  24.469  -79.038  11.168 0.0000000000
11225  25.213  -79.261  10.797 0.0000000000
11741  31.337  -79.593  35.886 0.0000000000
11742  30.516  -79.300  36.234 0.0000000000
11743  29.615  -79.106  36.030 0.0000000000
11755  32.310  -79.448  34.665 0.0000000000
11756  31.879  -79.054  35.447 0.0000000000
11757  28.837  -78.870  35.551 0.0000000000
11758  28.142  -78.528  35.026 0.0000000000
11759  27.541  -78.095  35.261 0.0000000000
11771  32.665  -79.001  34.098 0.0000000000
11772  27.830  -77.801  34.638 0.0000000000
11773  27.583  -77.574  34.877 0.0000000000
11790  33.416  -78.875  33.374 0.0000000000
11791  33.014  -78.757  33.708 0.0000000000
11792  22.367  -78.219  33.203 0.0000000000
11804  35.888  -78.363  32.180 0.0000000000
11805  35.173  -78.703  32.514 0.0000000000
11806  34.380  -78.983  32.770 0.0000000000
11807  33.901  -79.227  33.079 0.0000000000
11820  36.881  -78.299  31.258 0.0000000000
11821  36.404  -78.853  31.780 0.0000000000
11833  37.421  -78.728  30.660 0.0000000000
11840  37.830  -79.168  29.860 0.0000000000
11842  30.971  -79.209  29.185 0.0000000000
11843  30.225  -79.253  29.376 0.0000000000
11844  29.288  -79.326  29.460 0.0000000000
11845  28.271  -79.355  29.450 0.0000000000
11846  27.152  -79.334  29.427 0.0000000000
11847  26.402  -79.086  29.124 0.0000000000
11854  38.233  -78.880  28.530 0.0000000000
11855  38.091  -79.376  28.798 0.0000000000
11856  32.011  -79.000  28.262 0.0000000000
11857  31.433  -78.887  28.747 0.0000000000
11858  30.738  -78.536  29.035 0.0000000000
11859  29.869  -78.580  29.054 0.0000000000
11860  28.917  -78.708  28.976 0.0000000000
11861  27.907  -78.695  28.931 0.0000000000
11862  26.937  -78.585  28.859 0.0000000000
11863  25.939  -78.634  28.666 0.0000000000
11876  38.221  -78.886  28.276 0.0000000000
11877  37.986  -79.219  27.772 0.0000000000
11878  32.363  -78.776  27.709 0.0000000000
11881  23.937  -78.748  27.446 0.0000000000
11892  37.620  -78.879  26.886 0.0000000000
11893  32.405  -78.419  26.747 0.0000000000
11894  31.727  -78.602  26.168 0.0000000000
11897  28.600  -78.635  25.898 0.0000000000
11898  24.329  -78.158  27.117 0.0000000000
11899  23.599  -78.463  26.665 0.0000000000
11900  22.545  -78.390  25.881 0.0000000000
11901  21.318  -78.602  25.796 0.0000000000
11902  20.350  -78.318  26.067 0.0000000000
11909  37.444  -78.455  26.180 0.0000000000
11910  37.079  -78.518  25.491 0.0000000000
11911  32.094  -77.830  25.732 0.0000000000
11912  31.222  -78.133  24.957 0.0000000000
11913  29.904  -78.174  25.120 0.0000000000
11914  28.862  -78.404  25.211 0.0000000000
11915  28.002  -78.830  25.316 0.0000000000
11918  21.635  -77.827  25.580 0.0000000000
11919  20.974  -78.013  25.646 0.0000000000
11924  36.408  -78.257  24.422 0.0000000000
11925  35.891  -77.610  23.907 0.0000000000
11926  31.027  -78.158  23.907 0.0000000000
11927  30.193  -78.366  24.214 0.0000000000
11928  29.232  -78.595  24.425 0.0000000000
11929  28.368  -78.856  24.589 0.0000000000
11934  36.136  -78.812  23.828 0.0000000000
11935  35.577  -78.243  23.374 0.0000000000
11936  34.856  -77.818  22.951 0.0000000000
11937  31.932  -78.212  22.923 0.0000000000
11938  31.241  -78.568  23.248 0.0000000000
11939  30.436  -78.800  23.477 0.0000000000
11940  29.579  -79.056  23.707 0.0000000000
11946  35.334  -78.980  22.867 0.0000000000
11947  34.596  -78.504  22.546 0.0000000000
11948  33.413  -78.650  22.190 0.0000000000
11949  32.452  -78.814  22.426 0.0000000000
11950  31.628  -79.072  22.700 0.0000000000
11951  27.296  -78.482  21.981 0.0000000000
11952  26.818  -78.480  22.289 0.0000000000
11953  26.289  -78.601  22.491 0.0000000000
11966  29.236  -78.817  20.869 0.0000000000
11967  28.796  -78.702  21.174 0.0000000000
11968  27.864  -78.419  21.518 0.0000000000
11969  26.868  -78.053  21.599 0.0000000000
11970  26.118  -78.367  21.959 0.0000000000
11987  29.635  -79.024  20.523 0.0000000000
11988  29.113  -78.345  20.432 0.0000000000
11989  28.436  -78.196  20.830 0.0000000000
11990  26.862  -77.757  20.863 0.0000000000
11991  26.054  -78.206  20.845 0.0000000000
12009  30.318  -79.296  19.379 0.0000000000
12010  29.779  -78.658  19.588 0.0000000000
12011  28.862  -78.015  19.441 0.0000000000
12012  28.018  -77.771  19.329 0.0000000000
12013  27.010  -77.701  19.884 0.0000000000
12014  25.928  -78.312  19.652 0.0000000000
12029  30.164  -78.961  18.770 0.0000000000
12030  29.424  -78.553  18.444 0.0000000000
12031  28.493  -78.163  18.491 0.0000000000
12032  27.556  -77.867  18.574 0.0000000000
12033  26.518  -77.943  18.769 0.0000000000
12034  25.528  -78.374  18.728 0.0000000000
12035  24.837  -78.429  18.339 0.0000000000
12049  28.858  -78.537  17.871 0.0000000000
12050  28.193  -78.380  17.420 0.0000000000
12051  27.116  -77.890  17.800 0.0000000000
12052  26.232  -77.766  17.984 0.0000000000
12053  25.397  -77.927  17.985 0.0000000000
12054  24.673  -78.078  17.769 0.0000000000
12055  23.963  -78.228  17.396 0.0000000000
12064  28.147  -78.489  16.285 0.0000000000
12065  27.360  -77.921  16.717 0.0000000000
12066  26.762  -77.680  17.348 0.0000000000
12068  22.716  -78.263  15.916 0.0000000000
12073  28.304  -78.573  15.497 0.0000000000
12074  27.828  -78.110  15.789 0.0000000000
12075  22.400  -78.296  15.141 0.0000000000
12087  28.488  -78.536  14.751 0.0000000000
12088  28.144  -78.241  15.279 0.0000000000
12122  23.842  -78.054  12.080 0.0000000000
12140  24.894  -78.615  11.240 0.0000000000
12678  31.231  -78.709  36.132 0.0000000000
12679  30.311  -78.355  36.196 0.0000000000
12680  29.487  -78.361  35.810 0.0000000000
12693  32.413  -78.489  34.927 0.0000000000
12694  31.821  -78.081  35.786 0.0000000000
12695  29.820  -77.755  35.879 0.0000000000
12696  29.061  -77.813  35.204 0.0000000000
12697  28.382  -77.791  34.661 0.0000000000
12698  27.468  -77.193  35.176 0.0000000000
12709  33.215  -77.678  33.818 0.0000000000
12710  32.930  -77.942  34.118 0.0000000000
12711  28.792  -77.313  34.562 0.0000000000
12712  28.296  -77.238  34.366 0.0000000000
12713  27.735  -77.008  34.575 0.0000000000
12728  33.967  -77.676  33.124 0.0000000000
12729  33.435  -77.901  33.511 0.0000000000
12730  33.190  -78.402  33.635 0.0000000000
12731  22.388  -77.275  33.351 0.0000000000
12740  35.875  -77.753  32.092 0.0000000000
12741  35.395  -77.589  32.323 0.0000000000
12742  34.498  -77.939  32.670 0.0000000000
12743  33.889  -78.497  33.009 0.0000000000
12754  36.860  -77.644  31.232 0.0000000000
12755  36.346  -77.554  31.669 0.0000000000
12756  35.858  -77.427  32.063 0.0000000000
12770  37.345  -77.416  30.725 0.0000000000
12771  36.854  -77.286  31.208 0.0000000000
12781  38.236  -77.683  29.072 0.0000000000
12782  38.040  -78.046  29.968 0.0000000000
12783  19.612  -76.935  29.438 0.0000000000
12793  38.275  -78.389  28.494 0.0000000000
12794  38.159  -78.541  29.261 0.0000000000
12795  32.033  -77.848  28.189 0.0000000000
12796  31.247  -77.840  28.554 0.0000000000
12797  30.420  -77.810  28.546 0.0000000000
12798  29.533  -78.080  28.546 0.0000000000
12799  28.612  -78.145  28.441 0.0000000000
12800  27.635  -78.061  28.404 0.0000000000
12801  26.708  -77.956  28.340 0.0000000000
12802  25.983  -77.831  28.203 0.0000000000
12814  38.236  -78.522  27.909 0.0000000000
12815  38.003  -78.214  27.344 0.0000000000
12816  32.824  -76.814  27.266 0.0000000000
12817  32.670  -77.253  27.404 0.0000000000
12818  29.955  -77.594  28.226 0.0000000000
12819  29.349  -77.594  28.021 0.0000000000
12820  28.356  -77.599  27.893 0.0000000000
12821  27.400  -77.566  27.796 0.0000000000
12822  26.524  -77.514  27.696 0.0000000000
12823  25.593  -77.599  27.516 0.0000000000
12824  24.852  -77.745  27.199 0.0000000000
12833  37.691  -77.835  26.596 0.0000000000
12834  32.868  -76.789  27.006 0.0000000000
12835  32.572  -77.129  26.399 0.0000000000
12836  25.243  -77.413  26.885 0.0000000000
12837  24.505  -77.576  26.486 0.0000000000
12840  19.979  -77.493  26.420 0.0000000000
12841  19.541  -77.186  26.968 0.0000000000
12845  37.365  -77.682  25.815 0.0000000000
12846  36.890  -77.516  25.163 0.0000000000
12847  32.256  -76.930  25.400 0.0000000000
12848  31.850  -77.418  24.919 0.0000000000
12849  24.190  -77.253  25.735 0.0000000000
12850  23.513  -77.109  25.443 0.0000000000
12853  20.839  -77.221  25.784 0.0000000000
12858  36.471  -77.145  24.699 0.0000000000
12859  36.016  -77.080  24.257 0.0000000000
12860  32.190  -76.789  24.401 0.0000000000
12861  31.668  -77.599  24.170 0.0000000000
12871  35.448  -76.959  23.717 0.0000000000
12872  34.856  -77.225  23.245 0.0000000000
12873  32.228  -77.354  23.401 0.0000000000
12874  31.603  -77.945  23.525 0.0000000000
12887  34.318  -77.428  22.825 0.0000000000
12888  33.599  -77.673  22.546 0.0000000000
12889  32.709  -77.897  22.623 0.0000000000
12903  27.623  -77.846  21.073 0.0000000000
12904  27.304  -77.835  21.201 0.0000000000
12922  28.447  -77.871  20.210 0.0000000000
12923  27.899  -77.805  20.702 0.0000000000
12924  27.350  -77.691  20.682 0.0000000000
12941  28.304  -77.779  19.741 0.0000000000
12942  27.866  -77.648  20.025 0.0000000000
12943  27.514  -77.654  20.321 0.0000000000
12962  26.400  -77.528  17.425 0.0000000000
12963  25.938  -77.430  17.513 0.0000000000
12964  25.192  -77.484  17.468 0.0000000000
12965  24.516  -77.597  17.302 0.0000000000
12978  27.074  -77.623  16.474 0.0000000000
12979  26.612  -77.397  16.757 0.0000000000
12980  25.761  -77.048  17.012 0.0000000000
12981  24.926  -77.003  16.988 0.0000000000
12983  23.073  -77.528  16.270 0.0000000000
12994  27.256  -77.547  15.979 0.0000000000
12996  23.308  -76.810  16.125 0.0000000000
12997  22.696  -77.129  15.452 0.0000000000
13020  22.433  -77.596  14.464 0.0000000000
13038  22.953  -77.322  13.261 0.0000000000
13039  22.431  -77.955  13.519 0.0000000000
13055  23.993  -77.648  12.314 0.0000000000
13056  23.169  -77.738  12.675 0.0000000000
13057  22.707  -77.858  12.962 0.0000000000
13646  31.088  -77.916  36.200 0.0000000000
13647  30.487  -77.540  36.108 0.0000000000
13662  32.389  -77.350  35.291 0.0000000000
13663  31.338  -77.035  36.026 0.0000000000
13664  29.980  -76.894  35.704 0.0000000000
13665  29.270  -76.815  34.854 0.0000000000
13666  27.398  -76.406  34.902 0.0000000000
13678  33.267  -77.167  33.914 0.0000000000
13679  32.849  -76.665  34.627 0.0000000000
13680  28.951  -76.707  34.127 0.0000000000
13681  28.231  -76.566  33.991 0.0000000000
13682  27.660  -75.980  34.231 0.0000000000
13697  34.313  -77.065  33.037 0.0000000000
13698  33.760  -76.800  33.448 0.0000000000
13699  28.770  -76.152  33.748 0.0000000000
13700  28.250  -75.877  33.608 0.0000000000
13701  27.895  -75.432  33.704 0.0000000000
13710  35.355  -76.807  32.343 0.0000000000
13711  34.877  -76.759  32.634 0.0000000000
13712  22.447  -76.115  32.710 0.0000000000
13720  36.279  -76.428  31.617 0.0000000000
13721  35.789  -76.784  32.037 0.0000000000
13735  37.442  -76.105  30.414 0.0000000000
13736  36.849  -76.534  31.150 0.0000000000
13751  38.313  -77.063  28.828 0.0000000000
13752  38.058  -76.703  29.537 0.0000000000
13753  19.890  -76.336  29.256 0.0000000000
13754  19.474  -76.948  29.016 0.0000000000
13766  38.352  -77.409  28.290 0.0000000000
13767  38.272  -76.536  28.359 0.0000000000
13768  32.311  -76.553  27.889 0.0000000000
13769  31.617  -76.796  28.110 0.0000000000
13770  30.982  -77.346  28.254 0.0000000000
13771  19.811  -76.105  28.053 0.0000000000
13772  19.486  -76.812  28.352 0.0000000000
13779  38.290  -77.895  27.822 0.0000000000
13780  38.130  -76.979  27.248 0.0000000000
13781  32.823  -76.392  27.196 0.0000000000
13782  32.622  -76.473  27.536 0.0000000000
13783  31.330  -76.418  27.687 0.0000000000
13784  30.475  -76.963  27.656 0.0000000000
13785  29.116  -77.118  27.379 0.0000000000
13786  28.084  -77.174  27.238 0.0000000000
13787  27.186  -77.187  27.111 0.0000000000
13788  26.382  -77.172  27.014 0.0000000000
13789  25.785  -77.184  26.848 0.0000000000
13790  19.924  -76.250  27.365 0.0000000000
13791  19.631  -76.733  27.434 0.0000000000
13795  37.527  -76.867  26.178 0.0000000000
13796  32.753  -76.227  26.550 0.0000000000
13797  32.587  -76.278  25.798 0.0000000000
13798  29.686  -76.564  26.824 0.0000000000
13799  28.697  -76.681  26.703 0.0000000000
13800  27.779  -76.771  26.608 0.0000000000
13803  25.466  -76.989  26.282 0.0000000000
13804  24.826  -77.029  25.798 0.0000000000
13805  20.098  -76.568  26.693 0.0000000000
13806  19.703  -76.796  26.995 0.0000000000
13810  37.169  -76.967  25.549 0.0000000000
13811  36.726  -76.599  25.140 0.0000000000
13812  32.433  -76.228  25.060 0.0000000000
13834  36.226  -76.367  24.663 0.0000000000
13837  32.582  -76.089  24.405 0.0000000000
13855  35.209  -76.334  23.892 0.0000000000
13856  34.664  -76.283  23.616 0.0000000000
13857  33.792  -76.232  23.390 0.0000000000
13858  32.892  -76.332  23.595 0.0000000000
13873  34.256  -76.773  23.163 0.0000000000
13874  33.616  -76.860  22.976 0.0000000000
13875  32.943  -77.121  22.890 0.0000000000
13948  26.219  -76.859  16.432 0.0000000000
13950  24.690  -76.455  16.438 0.0000000000
13951  23.904  -76.405  16.225 0.0000000000
13973  23.473  -76.058  15.486 0.0000000000
13974  22.934  -76.400  15.049 0.0000000000
13999  23.302  -76.007  14.560 0.0000000000
14000  22.749  -76.703  14.517 0.0000000000
14017  23.358  -76.436  13.720 0.0000000000
14018  22.664  -77.130  13.861 0.0000000000
14033  23.668  -77.049  12.979 0.0000000000
14653  32.141  -75.973  35.514 0.0000000000
14654  30.848  -75.956  35.746 0.0000000000
14655  29.726  -75.866  35.047 0.0000000000
14656  29.308  -76.306  34.499 0.0000000000
14671  33.286  -75.983  34.042 0.0000000000
14672  32.771  -75.663  34.786 0.0000000000
14673  29.632  -75.511  34.617 0.0000000000
14674  29.327  -75.759  34.167 0.0000000000
14675  27.598  -74.973  34.177 0.0000000000
14692  34.387  -76.018  33.126 0.0000000000
14693  33.808  -75.751  33.540 0.0000000000
14694  28.878  -75.462  33.498 0.0000000000
14695  28.368  -75.168  33.382 0.0000000000
14696  27.951  -74.910  33.531 0.0000000000
14707  35.379  -76.086  32.324 0.0000000000
14708  34.916  -75.737  32.636 0.0000000000
14709  22.569  -75.055  32.683 0.0000000000
14717  36.480  -75.693  31.357 0.0000000000
14718  35.906  -75.597  31.811 0.0000000000
14719  22.525  -75.188  31.933 0.0000000000
14728  37.340  -75.329  30.252 0.0000000000
14729  36.933  -75.318  30.768 0.0000000000
14732  21.127  -75.633  30.264 0.0000000000
14746  37.661  -75.457  29.682 0.0000000000
14748  20.617  -75.700  29.680 0.0000000000
14762  38.000  -75.600  28.701 0.0000000000
14763  32.237  -75.978  27.853 0.0000000000
14764  32.055  -76.165  28.017 0.0000000000
14769  37.951  -75.712  27.611 0.0000000000
14770  32.960  -75.425  26.708 0.0000000000
14771  32.536  -75.744  27.364 0.0000000000
14772  31.827  -75.653  27.521 0.0000000000
14773  31.137  -76.201  27.343 0.0000000000
14778  37.374  -75.592  26.409 0.0000000000
14779  36.846  -75.010  25.907 0.0000000000
14780  33.011  -75.391  25.710 0.0000000000
14781  32.654  -75.859  25.398 0.0000000000
14782  31.603  -75.041  26.704 0.0000000000
14783  30.663  -75.657  26.481 0.0000000000
14784  29.309  -76.119  26.102 0.0000000000
14785  28.205  -76.315  26.060 0.0000000000
14786  27.540  -76.446  26.191 0.0000000000
14801  37.090  -76.265  25.663 0.0000000000
14802  36.416  -75.449  25.256 0.0000000000
14804  33.223  -75.312  24.819 0.0000000000
14805  32.749  -75.693  24.923 0.0000000000
14806  30.306  -75.134  25.591 0.0000000000
14807  29.724  -75.457  25.572 0.0000000000
14808  28.653  -75.557  25.382 0.0000000000
14809  27.224  -75.994  25.663 0.0000000000
14810  26.106  -75.791  25.259 0.0000000000
14811  25.184  -75.820  24.909 0.0000000000
14812  24.431  -75.732  24.717 0.0000000000
14836  33.701  -75.364  24.316 0.0000000000
14837  33.021  -75.715  24.197 0.0000000000
14838  27.848  -75.175  24.815 0.0000000000
14839  26.845  -75.168  24.710 0.0000000000
14840  25.841  -75.123  24.582 0.0000000000
14841  24.886  -75.085  24.481 0.0000000000
14842  23.875  -75.166  24.567 0.0000000000
14860  34.010  -75.717  23.742 0.0000000000
14861  33.384  -75.826  23.796 0.0000000000
14862  33.066  -75.918  23.828 0.0000000000
14995  23.796  -75.580  14.284 0.0000000000
15009  23.621  -75.813  14.018 0.0000000000
15643  32.019  -75.350  35.434 0.0000000000
15644  31.503  -75.290  35.452 0.0000000000
15645  30.548  -75.262  35.298 0.0000000000
15661  33.095  -74.946  34.455 0.0000000000
15662  32.221  -74.885  35.116 0.0000000000
15663  31.028  -74.561  35.161 0.0000000000
15664  29.884  -74.914  34.670 0.0000000000
15665  29.384  -74.821  33.741 0.0000000000
15679  34.140  -75.000  33.371 0.0000000000
15680  33.584  -74.984  33.824 0.0000000000
15681  28.899  -74.503  33.062 0.0000000000
15682  28.359  -74.528  33.241 0.0000000000
15694  35.358  -74.859  32.301 0.0000000000
15695  34.667  -74.984  32.857 0.0000000000
15696  28.872  -73.966  32.549 0.0000000000
15697  28.624  -74.061  32.795 0.0000000000
15708  36.305  -74.648  31.287 0.0000000000
15709  35.810  -74.717  31.776 0.0000000000
15723  37.241  -74.496  30.083 0.0000000000
15724  36.739  -74.518  30.706 0.0000000000
15726  21.615  -74.680  30.047 0.0000000000
15739  37.694  -74.616  29.004 0.0000000000
15741  21.637  -74.181  29.602 0.0000000000
15755  37.774  -74.793  27.965 0.0000000000
15756  21.217  -74.335  28.832 0.0000000000
15761  37.565  -74.987  27.170 0.0000000000
15762  33.029  -74.712  26.804 0.0000000000
15763  32.585  -74.617  26.906 0.0000000000
15764  32.077  -74.767  26.864 0.0000000000
15776  37.255  -74.727  26.744 0.0000000000
15777  36.912  -74.632  26.336 0.0000000000
15778  34.372  -73.951  25.942 0.0000000000
15779  33.770  -74.274  26.145 0.0000000000
15780  32.292  -74.185  26.576 0.0000000000
15781  31.826  -74.347  26.333 0.0000000000
15782  31.312  -74.766  26.135 0.0000000000
15799  36.443  -74.526  25.843 0.0000000000
15800  35.753  -74.469  25.437 0.0000000000
15801  34.729  -74.161  25.540 0.0000000000
15803  31.469  -74.228  25.820 0.0000000000
15804  30.775  -74.440  25.395 0.0000000000
15805  29.892  -74.861  25.061 0.0000000000
15806  29.314  -75.148  25.086 0.0000000000
15807  22.113  -74.272  25.533 0.0000000000
15827  30.524  -73.847  24.844 0.0000000000
15828  30.040  -74.147  24.630 0.0000000000
15829  28.914  -74.568  24.556 0.0000000000
15830  27.543  -74.329  24.101 0.0000000000
15831  26.461  -74.385  24.124 0.0000000000
15832  25.521  -74.391  24.202 0.0000000000
15833  24.457  -74.162  24.261 0.0000000000
15834  23.383  -74.354  24.614 0.0000000000
15835  22.720  -74.501  24.952 0.0000000000
15850  27.193  -73.787  23.760 0.0000000000
15851  26.932  -74.036  23.865 0.0000000000
16699  33.374  -74.412  34.094 0.0000000000
16700  32.823  -73.949  34.412 0.0000000000
16701  31.661  -73.817  34.767 0.0000000000
16702  30.524  -73.842  34.548 0.0000000000
16703  29.835  -74.165  34.081 0.0000000000
16716  34.383  -74.433  33.116 0.0000000000
16717  33.806  -73.898  33.543 0.0000000000
16718  32.972  -73.103  33.875 0.0000000000
16719  30.121  -73.552  33.969 0.0000000000
16720  29.582  -73.821  33.346 0.0000000000
16731  35.324  -74.168  32.250 0.0000000000
16732  34.815  -73.916  32.600 0.0000000000
16733  34.212  -73.085  32.912 0.0000000000
16734  29.162  -73.648  32.378 0.0000000000
16735  28.789  -73.495  32.172 0.0000000000
16747  36.207  -74.004  31.273 0.0000000000
16748  35.684  -73.791  31.710 0.0000000000
16749  35.117  -73.274  32.162 0.0000000000
16750  29.025  -73.103  31.382 0.0000000000
16751  28.760  -72.998  31.510 0.0000000000
16766  37.041  -73.657  29.946 0.0000000000
16767  36.490  -73.640  30.689 0.0000000000
16768  36.027  -73.171  31.128 0.0000000000
16769  28.922  -72.766  30.786 0.0000000000
16770  28.810  -72.799  31.011 0.0000000000
16782  37.365  -73.690  29.256 0.0000000000
16783  36.771  -72.970  29.604 0.0000000000
16785  21.555  -73.858  29.040 0.0000000000
16796  37.483  -73.877  28.215 0.0000000000
16797  37.025  -72.986  28.476 0.0000000000
16807  37.297  -74.208  27.213 0.0000000000
16808  36.960  -73.355  27.490 0.0000000000
16809  34.277  -72.874  26.691 0.0000000000
16810  33.384  -73.517  26.666 0.0000000000
16811  32.628  -73.505  26.586 0.0000000000
16826  37.010  -74.302  26.678 0.0000000000
16827  36.469  -73.741  26.512 0.0000000000
16828  35.563  -73.245  26.382 0.0000000000
16829  34.697  -73.537  26.161 0.0000000000
16830  34.034  -73.527  26.483 0.0000000000
16831  32.095  -73.599  26.129 0.0000000000
16832  31.759  -73.872  25.903 0.0000000000
16850  36.064  -74.070  25.859 0.0000000000
16851  35.472  -73.773  25.880 0.0000000000
16852  34.954  -73.757  25.808 0.0000000000
16853  31.785  -73.547  25.818 0.0000000000
16854  31.431  -73.594  25.532 0.0000000000
16855  30.840  -73.376  25.039 0.0000000000
16856  23.228  -72.970  25.041 0.0000000000
16857  22.825  -73.212  25.442 0.0000000000
16873  30.235  -73.324  24.585 0.0000000000
16874  29.449  -73.453  24.212 0.0000000000
16875  28.373  -73.487  23.873 0.0000000000
16876  27.650  -73.634  23.757 0.0000000000
16877  25.998  -73.964  24.010 0.0000000000
16878  25.476  -73.568  24.004 0.0000000000
16879  24.640  -73.241  24.165 0.0000000000
16880  23.589  -73.222  24.579 0.0000000000
16881  22.874  -73.904  24.939 0.0000000000
16894  27.778  -73.158  23.669 0.0000000000
16895  27.278  -73.307  23.630 0.0000000000
16896  26.515  -73.516  23.757 0.0000000000
17783  32.122  -72.985  34.349 0.0000000000
17784  31.044  -73.020  34.446 0.0000000000
17785  30.482  -73.259  34.181 0.0000000000
17801  33.479  -72.504  33.224 0.0000000000
17802  32.491  -72.306  33.733 0.0000000000
17803  31.431  -72.300  33.948 0.0000000000
17804  30.327  -72.791  33.593 0.0000000000
17805  29.649  -73.111  32.823 0.0000000000
17819  34.657  -72.877  32.377 0.0000000000
17820  34.112  -72.357  32.621 0.0000000000
17821  29.975  -72.521  32.775 0.0000000000
17822  29.516  -72.755  32.058 0.0000000000
17839  35.692  -72.837  31.301 0.0000000000
17840  35.139  -72.614  31.758 0.0000000000
17841  29.314  -72.656  31.283 0.0000000000
17857  36.440  -72.831  30.202 0.0000000000
17858  36.006  -72.548  30.619 0.0000000000
17859  29.065  -72.589  30.671 0.0000000000
17860  28.597  -72.309  30.367 0.0000000000
17861  28.106  -72.130  29.648 0.0000000000
17873  36.293  -72.309  29.792 0.0000000000
17874  35.927  -71.904  30.031 0.0000000000
17875  28.867  -72.204  30.001 0.0000000000
17876  28.422  -72.076  29.382 0.0000000000
17889  36.215  -72.078  28.726 0.0000000000
17890  35.711  -71.680  28.259 0.0000000000
17891  28.019  -71.959  28.866 0.0000000000
17905  36.448  -72.637  27.670 0.0000000000
17906  35.589  -71.984  27.580 0.0000000000
17907  34.618  -72.007  27.094 0.0000000000
17908  33.783  -72.248  26.873 0.0000000000
17909  32.971  -72.449  26.694 0.0000000000
17925  36.492  -73.099  27.118 0.0000000000
17926  35.997  -72.807  26.915 0.0000000000
17927  35.138  -72.646  26.705 0.0000000000
17928  32.149  -72.517  26.080 0.0000000000
17929  31.687  -72.008  25.718 0.0000000000
17946  31.809  -73.151  25.734 0.0000000000
17947  31.332  -72.515  25.358 0.0000000000
17948  30.538  -72.533  24.737 0.0000000000
17949  23.336  -72.483  25.211 0.0000000000
17950  22.919  -72.590  25.716 0.0000000000
17962  29.863  -72.549  24.340 0.0000000000
17963  28.985  -72.502  24.040 0.0000000000
17964  27.983  -72.500  23.796 0.0000000000
17965  27.345  -72.407  23.673 0.0000000000
17968  23.870  -72.353  24.668 0.0000000000
17978  27.492  -72.839  23.615 0.0000000000
17979  26.997  -72.837  23.557 0.0000000000
18943  32.794  -71.711  33.147 0.0000000000
18944  31.862  -71.619  33.388 0.0000000000
18945  30.837  -71.873  33.276 0.0000000000
18946  30.324  -72.221  33.017 0.0000000000
18967  34.481  -72.087  32.116 0.0000000000
18968  33.587  -71.362  32.323 0.0000000000
18969  32.337  -71.052  32.763 0.0000000000
18970  31.235  -71.214  32.733 0.0000000000
18971  30.193  -71.804  32.353 0.0000000000
18972  29.635  -72.229  31.621 0.0000000000
18989  35.457  -72.182  31.140 0.0000000000
18990  34.666  -71.426  31.257 0.0000000000
18991  33.920  -70.889  31.539 0.0000000000
18992  29.857  -71.672  31.506 0.0000000000
18993  29.480  -72.165  30.996 0.0000000000
19007  35.494  -71.717  30.527 0.0000000000
19008  35.067  -71.138  30.299 0.0000000000
19009  29.688  -71.519  30.875 0.0000000000
19010  29.296  -71.884  30.274 0.0000000000
19021  35.984  -71.842  29.459 0.0000000000
19022  35.524  -71.384  29.617 0.0000000000
19023  34.990  -70.821  29.700 0.0000000000
19024  29.004  -71.850  29.538 0.0000000000
19025  28.655  -71.805  29.165 0.0000000000
19037  35.835  -71.644  29.125 0.0000000000
19038  35.521  -71.389  28.717 0.0000000000
19039  35.106  -71.185  28.330 0.0000000000
19040  28.895  -71.565  29.054 0.0000000000
19041  28.399  -71.544  28.591 0.0000000000
19057  35.363  -71.475  28.113 0.0000000000
19058  34.798  -71.358  27.815 0.0000000000
19059  34.005  -71.466  27.419 0.0000000000
19060  33.272  -71.452  26.997 0.0000000000
19061  27.897  -71.324  27.833 0.0000000000
19062  27.386  -71.006  27.695 0.0000000000
19085  32.486  -71.411  26.519 0.0000000000
19086  31.844  -71.522  26.001 0.0000000000
19104  31.315  -71.529  25.531 0.0000000000
19105  30.489  -71.519  24.974 0.0000000000
19106  29.876  -71.109  24.901 0.0000000000
19118  30.180  -72.001  24.512 0.0000000000
19119  29.578  -71.586  24.503 0.0000000000
19120  28.456  -71.609  24.265 0.0000000000
19121  27.271  -71.681  24.005 0.0000000000
20102  32.649  -70.568  32.135 0.0000000000
20103  31.650  -70.556  32.163 0.0000000000
20104  30.678  -70.932  32.004 0.0000000000
20105  30.230  -71.349  31.804 0.0000000000
20123  34.034  -70.609  31.037 0.0000000000
20124  33.244  -70.292  31.411 0.0000000000
20125  32.180  -70.152  31.542 0.0000000000
20126  30.959  -70.230  31.217 0.0000000000
20127  30.172  -71.037  31.311 0.0000000000
20141  34.449  -70.578  30.273 0.0000000000
20142  33.627  -70.134  30.533 0.0000000000
20143  30.614  -70.129  30.466 0.0000000000
20144  29.853  -70.779  30.282 0.0000000000
20145  29.362  -71.470  29.854 0.0000000000
20158  35.128  -70.889  29.045 0.0000000000
20159  34.496  -70.485  29.255 0.0000000000
20160  33.797  -70.015  29.614 0.0000000000
20161  29.670  -70.711  29.684 0.0000000000
20162  29.366  -71.093  29.414 0.0000000000
20174  35.123  -71.038  28.629 0.0000000000
20175  34.661  -70.830  28.482 0.0000000000
20176  33.670  -70.276  28.496 0.0000000000
20177  32.994  -70.203  27.810 0.0000000000
20178  29.044  -71.061  28.672 0.0000000000
20179  28.712  -71.072  28.249 0.0000000000
20197  34.128  -70.923  27.956 0.0000000000
20198  33.468  -70.790  27.625 0.0000000000
20199  32.640  -70.551  27.143 0.0000000000
20200  32.066  -70.346  26.781 0.0000000000
20201  28.991  -70.672  28.127 0.0000000000
20202  28.491  -70.796  27.687 0.0000000000
20203  27.742  -70.806  27.240 0.0000000000
20226  32.294  -70.746  26.673 0.0000000000
20227  31.879  -70.765  26.337 0.0000000000
20228  31.211  -70.422  26.149 0.0000000000
20229  30.510  -70.243  26.030 0.0000000000
20230  28.301  -70.361  26.830 0.0000000000
20231  27.584  -70.454  26.419 0.0000000000
20232  26.701  -70.433  26.135 0.0000000000
20251  31.465  -70.962  25.856 0.0000000000
20252  30.827  -70.809  25.599 0.0000000000
20253  29.782  -70.542  25.429 0.0000000000
20254  28.572  -70.284  25.771 0.0000000000
20255  27.305  -70.559  25.469 0.0000000000
20271  29.561  -70.983  24.887 0.0000000000
20272  28.985  -70.848  24.830 0.0000000000
20273  27.900  -70.849  24.731 0.0000000000
21273  33.008  -69.906  31.153 0.0000000000
21274  32.633  -69.866  31.094 0.0000000000
21275  31.881  -69.851  30.950 0.0000000000
21287  33.036  -69.802  30.810 0.0000000000
21288  32.339  -69.665  30.441 0.0000000000
21289  31.278  -69.683  30.306 0.0000000000
21290  30.474  -70.042  29.964 0.0000000000
21303  33.043  -69.662  30.000 0.0000000000
21304  32.073  -69.512  29.410 0.0000000000
21305  30.808  -69.544  29.343 0.0000000000
21306  29.839  -70.261  29.360 0.0000000000
21307  29.413  -70.698  28.989 0.0000000000
21321  33.087  -69.649  29.137 0.0000000000
21322  32.529  -69.687  28.278 0.0000000000
21323  31.312  -69.469  28.364 0.0000000000
21324  30.147  -69.636  28.452 0.0000000000
21325  29.439  -70.340  28.529 0.0000000000
21343  32.516  -69.979  27.612 0.0000000000
21344  31.795  -69.776  27.304 0.0000000000
21345  30.542  -69.594  27.435 0.0000000000
21346  29.332  -69.979  27.570 0.0000000000
21347  28.742  -70.220  27.174 0.0000000000
21368  31.582  -70.181  26.618 0.0000000000
21369  30.917  -69.894  26.624 0.0000000000
21370  29.803  -69.878  26.443 0.0000000000
21371  28.948  -69.972  26.645 0.0000000000
21389  29.322  -70.060  25.919 0.0000000000
21390  29.155  -69.957  26.168 0.0000000000
