#!ascii label  , from subject sub-CSI4 vox2ras=TkReg
1321
31422  23.438  -60.404  6.537 0.0000000000
31423  22.683  -60.345  6.270 0.0000000000
31424  21.975  -60.164  6.025 0.0000000000
31439  23.286  -60.873  5.742 0.0000000000
32579  23.281  -59.113  7.782 0.0000000000
32593  23.094  -59.576  7.277 0.0000000000
32594  22.418  -59.222  7.134 0.0000000000
32612  22.863  -60.027  6.739 0.0000000000
32613  22.251  -59.624  6.691 0.0000000000
32614  21.531  -59.463  5.930 0.0000000000
32628  21.098  -59.215  5.112 0.0000000000
32640  20.715  -58.789  3.570 0.0000000000
32650  20.691  -59.000  3.062 0.0000000000
32670  20.574  -59.181  1.177 0.0000000000
32678  20.349  -59.325  0.420 0.0000000000
32688  20.707  -60.022  -0.012 0.0000000000
33761  23.160  -58.415  8.118 0.0000000000
33762  22.528  -57.945  7.892 0.0000000000
33771  22.938  -58.934  7.688 0.0000000000
33772  22.267  -58.543  7.407 0.0000000000
33773  21.630  -58.166  6.877 0.0000000000
33780  22.117  -59.067  7.012 0.0000000000
33781  21.666  -58.766  6.606 0.0000000000
33789  21.197  -58.538  5.621 0.0000000000
33797  20.923  -58.401  4.536 0.0000000000
33798  20.764  -58.572  3.868 0.0000000000
33804  20.780  -58.110  3.833 0.0000000000
33805  20.675  -58.288  3.240 0.0000000000
33812  20.539  -58.386  2.073 0.0000000000
33819  20.299  -58.298  0.948 0.0000000000
33841  25.676  -58.673  -1.091 0.0000000000
34822  25.945  -56.962  9.495 0.0000000000
34823  25.198  -56.944  9.445 0.0000000000
34824  24.352  -56.824  9.381 0.0000000000
34825  23.829  -56.624  9.292 0.0000000000
34841  23.597  -57.283  8.917 0.0000000000
34842  22.613  -57.369  8.306 0.0000000000
34849  22.065  -57.454  7.703 0.0000000000
34850  21.632  -57.562  7.044 0.0000000000
34857  21.257  -57.727  6.240 0.0000000000
34863  21.068  -57.603  5.107 0.0000000000
34870  20.696  -57.468  4.031 0.0000000000
34878  20.665  -57.822  3.484 0.0000000000
34879  20.449  -57.388  2.830 0.0000000000
34885  20.223  -57.437  1.536 0.0000000000
34892  26.590  -57.094  1.232 0.0000000000
34894  25.660  -56.420  0.334 0.0000000000
34909  25.519  -57.595  -0.102 0.0000000000
34910  25.460  -56.676  0.079 0.0000000000
34929  25.580  -57.830  -0.783 0.0000000000
34930  25.435  -56.880  -0.507 0.0000000000
34945  25.525  -56.597  -0.762 0.0000000000
35889  26.438  -56.425  9.401 0.0000000000
35890  25.659  -56.245  9.554 0.0000000000
35891  24.807  -56.162  9.620 0.0000000000
35892  24.009  -56.100  9.546 0.0000000000
35897  28.533  -56.330  8.042 0.0000000000
35898  27.843  -56.379  8.550 0.0000000000
35899  27.174  -56.500  9.088 0.0000000000
35900  23.430  -56.191  9.112 0.0000000000
35901  22.771  -56.392  8.590 0.0000000000
35906  29.396  -55.864  6.859 0.0000000000
35907  29.071  -56.322  7.286 0.0000000000
35908  22.130  -56.512  7.897 0.0000000000
35909  21.724  -56.676  7.177 0.0000000000
35916  29.459  -56.404  6.434 0.0000000000
35918  21.398  -56.744  6.489 0.0000000000
35926  29.532  -56.460  5.401 0.0000000000
35927  21.088  -56.648  5.536 0.0000000000
35936  29.408  -56.613  4.650 0.0000000000
35947  29.306  -56.407  3.925 0.0000000000
35948  28.856  -56.343  3.210 0.0000000000
35949  20.092  -56.373  3.137 0.0000000000
35950  19.659  -55.957  2.577 0.0000000000
35958  19.855  -56.643  2.061 0.0000000000
35959  19.420  -55.915  2.080 0.0000000000
35971  26.673  -56.198  1.429 0.0000000000
35972  26.172  -56.151  0.943 0.0000000000
35973  25.759  -55.990  0.551 0.0000000000
35974  19.837  -57.015  1.428 0.0000000000
35975  19.403  -56.607  1.678 0.0000000000
35992  25.524  -55.929  0.217 0.0000000000
36006  25.570  -55.841  -0.481 0.0000000000
36007  25.486  -56.040  -0.206 0.0000000000
36021  25.521  -56.321  -0.569 0.0000000000
36963  26.913  -55.303  9.394 0.0000000000
36964  26.225  -55.500  9.534 0.0000000000
36965  25.270  -55.369  9.621 0.0000000000
36966  24.389  -55.325  9.565 0.0000000000
36967  23.590  -55.288  9.304 0.0000000000
36975  28.282  -55.465  8.460 0.0000000000
36976  27.499  -55.566  9.044 0.0000000000
36977  26.869  -55.876  9.320 0.0000000000
36978  22.958  -55.389  8.728 0.0000000000
36979  22.425  -55.558  8.007 0.0000000000
36984  28.889  -55.455  7.823 0.0000000000
36985  21.925  -55.643  6.980 0.0000000000
36986  21.611  -56.191  6.685 0.0000000000
36995  21.739  -55.240  6.318 0.0000000000
36996  21.407  -55.711  6.075 0.0000000000
37017  29.767  -55.402  4.505 0.0000000000
37018  20.057  -55.766  3.851 0.0000000000
37030  29.276  -55.441  3.407 0.0000000000
37031  28.685  -55.455  2.684 0.0000000000
37032  19.677  -55.551  3.273 0.0000000000
37033  19.385  -55.381  2.692 0.0000000000
37035  17.444  -55.035  3.744 0.0000000000
37046  25.449  -55.054  1.043 0.0000000000
37047  25.311  -55.005  0.842 0.0000000000
37048  19.118  -55.381  2.339 0.0000000000
37063  25.619  -55.283  0.964 0.0000000000
37064  25.360  -55.222  0.555 0.0000000000
37065  19.131  -55.837  1.854 0.0000000000
37079  25.264  -55.255  0.070 0.0000000000
37086  25.646  -55.341  -0.555 0.0000000000
37087  25.426  -55.287  -0.263 0.0000000000
38077  27.261  -54.825  9.313 0.0000000000
38078  26.601  -54.663  9.501 0.0000000000
38079  25.749  -54.536  9.633 0.0000000000
38080  24.769  -54.402  9.545 0.0000000000
38081  23.990  -54.607  9.344 0.0000000000
38092  29.537  -54.409  8.043 0.0000000000
38094  28.014  -54.493  9.001 0.0000000000
38095  24.152  -53.970  9.127 0.0000000000
38096  23.381  -54.232  8.603 0.0000000000
38097  22.789  -54.819  8.130 0.0000000000
38106  30.280  -54.156  7.312 0.0000000000
38107  29.823  -54.446  7.623 0.0000000000
38109  22.886  -54.286  7.820 0.0000000000
38110  22.527  -54.723  7.324 0.0000000000
38121  30.531  -54.092  6.694 0.0000000000
38123  22.067  -54.621  6.213 0.0000000000
38124  21.596  -55.044  5.972 0.0000000000
38134  30.673  -53.891  5.728 0.0000000000
38136  21.848  -54.067  5.627 0.0000000000
38151  20.480  -54.106  4.752 0.0000000000
38152  19.889  -54.728  4.166 0.0000000000
38153  19.311  -54.277  3.745 0.0000000000
38157  15.614  -54.501  5.103 0.0000000000
38164  29.038  -54.505  2.807 0.0000000000
38165  19.446  -55.058  3.276 0.0000000000
38167  18.535  -54.564  3.274 0.0000000000
38172  28.256  -54.556  2.264 0.0000000000
38173  27.603  -54.692  1.807 0.0000000000
38174  25.437  -54.818  1.079 0.0000000000
38175  25.305  -54.845  0.969 0.0000000000
38182  27.026  -54.744  1.538 0.0000000000
38183  26.342  -54.607  1.433 0.0000000000
38184  25.630  -54.553  1.208 0.0000000000
38185  25.229  -54.539  0.826 0.0000000000
38194  25.067  -54.501  0.291 0.0000000000
38211  25.147  -54.481  -0.151 0.0000000000
39277  27.153  -54.024  9.368 0.0000000000
39278  26.269  -53.773  9.525 0.0000000000
39279  25.357  -53.572  9.453 0.0000000000
39280  24.656  -53.612  9.211 0.0000000000
39291  30.351  -53.213  7.986 0.0000000000
39292  29.891  -53.669  8.210 0.0000000000
39294  27.822  -53.328  9.144 0.0000000000
39295  24.956  -53.132  8.980 0.0000000000
39296  24.263  -53.256  8.514 0.0000000000
39297  23.610  -53.431  8.070 0.0000000000
39309  30.589  -53.393  7.476 0.0000000000
39310  30.186  -53.943  7.705 0.0000000000
39311  24.036  -53.005  7.394 0.0000000000
39312  23.222  -53.711  7.507 0.0000000000
39313  22.825  -54.154  7.358 0.0000000000
39314  18.953  -53.239  6.887 0.0000000000
39330  23.870  -52.728  6.683 0.0000000000
39331  23.343  -53.190  6.478 0.0000000000
39332  22.768  -53.989  6.766 0.0000000000
39349  22.866  -52.955  6.128 0.0000000000
39350  22.366  -53.432  5.967 0.0000000000
39357  14.957  -53.071  5.261 0.0000000000
39365  30.760  -53.147  5.027 0.0000000000
39366  30.414  -53.282  4.310 0.0000000000
39367  20.743  -53.597  5.048 0.0000000000
39368  20.104  -53.685  4.614 0.0000000000
39372  14.822  -53.567  5.257 0.0000000000
39380  18.859  -54.117  3.654 0.0000000000
39386  27.575  -53.625  1.797 0.0000000000
39387  26.593  -53.117  1.680 0.0000000000
39388  26.099  -52.871  1.553 0.0000000000
39393  27.253  -54.257  1.591 0.0000000000
39394  26.778  -53.970  1.492 0.0000000000
39395  25.874  -53.495  1.435 0.0000000000
39396  25.133  -53.602  1.057 0.0000000000
39410  24.791  -53.700  0.497 0.0000000000
39434  24.739  -53.860  -0.018 0.0000000000
39455  24.896  -53.644  -0.368 0.0000000000
40585  26.851  -53.062  9.337 0.0000000000
40586  25.903  -52.927  9.268 0.0000000000
40587  25.356  -52.976  9.084 0.0000000000
40598  30.403  -52.530  8.051 0.0000000000
40599  29.456  -52.593  8.571 0.0000000000
40603  25.286  -52.480  8.357 0.0000000000
40604  24.502  -52.724  7.987 0.0000000000
40605  19.488  -52.315  8.153 0.0000000000
40621  25.059  -52.102  7.332 0.0000000000
40622  24.646  -52.474  7.572 0.0000000000
40623  20.311  -52.176  6.795 0.0000000000
40624  19.602  -52.662  7.302 0.0000000000
40625  18.691  -52.771  7.696 0.0000000000
40641  24.861  -51.941  6.975 0.0000000000
40642  24.387  -52.255  6.866 0.0000000000
40643  23.354  -52.247  6.393 0.0000000000
40644  22.701  -51.890  6.287 0.0000000000
40645  20.215  -52.197  5.981 0.0000000000
40646  19.659  -52.677  6.338 0.0000000000
40661  23.064  -52.713  6.199 0.0000000000
40662  22.480  -52.392  6.084 0.0000000000
40677  30.635  -52.388  4.543 0.0000000000
40678  20.945  -52.939  5.292 0.0000000000
40687  30.153  -52.453  3.903 0.0000000000
40688  29.553  -52.514  3.310 0.0000000000
40692  28.866  -52.555  2.727 0.0000000000
40694  27.114  -52.467  2.033 0.0000000000
40695  26.262  -52.243  1.689 0.0000000000
40696  25.560  -51.966  1.594 0.0000000000
40704  25.738  -52.618  1.506 0.0000000000
40705  25.071  -52.493  1.421 0.0000000000
40718  24.630  -52.699  0.845 0.0000000000
40754  24.767  -53.265  -0.379 0.0000000000
41939  30.502  -51.408  7.917 0.0000000000
41940  29.880  -51.585  8.406 0.0000000000
41941  28.964  -51.660  8.586 0.0000000000
41942  28.027  -51.618  8.614 0.0000000000
41943  27.007  -51.508  8.523 0.0000000000
41946  20.295  -51.575  8.362 0.0000000000
41965  26.387  -51.205  8.078 0.0000000000
41966  25.627  -51.466  7.640 0.0000000000
41967  25.006  -51.107  7.197 0.0000000000
41969  21.381  -51.053  7.163 0.0000000000
41970  20.933  -51.399  7.371 0.0000000000
41971  20.224  -52.167  7.669 0.0000000000
41986  25.074  -51.657  7.158 0.0000000000
41987  24.605  -51.580  6.979 0.0000000000
41990  21.651  -51.122  6.710 0.0000000000
42019  30.347  -51.552  4.226 0.0000000000
42025  29.780  -51.573  3.645 0.0000000000
42026  29.102  -51.602  3.109 0.0000000000
42034  28.355  -51.681  2.671 0.0000000000
42035  27.580  -51.684  2.395 0.0000000000
42036  26.770  -51.513  2.133 0.0000000000
42037  25.919  -51.271  1.871 0.0000000000
42038  25.006  -51.200  1.668 0.0000000000
42049  24.470  -51.535  1.192 0.0000000000
42064  24.487  -51.789  0.720 0.0000000000
42065  24.078  -51.023  1.003 0.0000000000
43169  20.164  -50.204  9.488 0.0000000000
43171  18.829  -49.910  9.231 0.0000000000
43185  30.225  -50.596  8.198 0.0000000000
43186  29.335  -50.730  8.481 0.0000000000
43187  28.533  -50.936  8.496 0.0000000000
43188  27.750  -50.746  8.470 0.0000000000
43189  26.868  -50.625  8.335 0.0000000000
43190  22.458  -50.090  8.256 0.0000000000
43191  21.988  -50.306  8.395 0.0000000000
43192  21.017  -50.691  8.819 0.0000000000
43193  19.806  -50.827  9.028 0.0000000000
43209  30.968  -50.586  7.348 0.0000000000
43210  26.139  -50.611  7.894 0.0000000000
43215  21.605  -50.773  7.525 0.0000000000
43216  21.163  -51.077  7.991 0.0000000000
43231  21.789  -50.825  7.030 0.0000000000
43256  30.510  -50.710  4.631 0.0000000000
43257  30.025  -50.680  4.006 0.0000000000
43261  29.367  -50.705  3.544 0.0000000000
43262  28.498  -50.690  3.079 0.0000000000
43263  27.837  -50.491  2.790 0.0000000000
43274  27.914  -51.069  2.699 0.0000000000
43275  27.321  -50.796  2.484 0.0000000000
43276  26.476  -50.604  2.282 0.0000000000
43278  24.584  -50.108  1.927 0.0000000000
44260  22.782  -48.743  10.226 0.0000000000
44261  22.308  -48.860  10.295 0.0000000000
44282  23.574  -48.908  9.411 0.0000000000
44283  22.981  -49.053  9.684 0.0000000000
44284  22.027  -49.479  9.774 0.0000000000
44286  19.742  -49.406  9.703 0.0000000000
44287  18.969  -49.361  9.389 0.0000000000
44302  30.503  -49.587  7.999 0.0000000000
44303  29.698  -49.692  8.487 0.0000000000
44304  28.568  -49.927  8.596 0.0000000000
44305  27.461  -49.848  8.604 0.0000000000
44306  26.454  -49.793  8.421 0.0000000000
44309  23.715  -49.247  8.831 0.0000000000
44311  21.666  -50.110  9.241 0.0000000000
44312  21.209  -50.192  9.348 0.0000000000
44325  30.862  -49.395  7.362 0.0000000000
44342  31.057  -49.583  6.605 0.0000000000
44354  30.799  -49.763  5.556 0.0000000000
44355  30.479  -49.142  5.337 0.0000000000
44366  30.647  -50.183  4.980 0.0000000000
44367  30.087  -49.589  4.580 0.0000000000
44368  29.347  -49.011  4.286 0.0000000000
44375  29.607  -50.159  3.985 0.0000000000
44376  28.970  -49.656  3.790 0.0000000000
44377  27.851  -49.694  3.086 0.0000000000
44378  26.847  -49.195  2.831 0.0000000000
44379  25.761  -49.154  2.530 0.0000000000
44393  27.542  -50.235  2.680 0.0000000000
44394  27.104  -50.012  2.498 0.0000000000
44395  26.328  -49.826  2.453 0.0000000000
44411  23.703  -49.437  1.571 0.0000000000
44424  23.770  -49.559  0.969 0.0000000000
45384  24.053  -48.277  10.231 0.0000000000
45385  23.463  -48.279  10.508 0.0000000000
45386  22.662  -48.301  10.641 0.0000000000
45409  28.366  -48.184  9.307 0.0000000000
45410  27.575  -48.305  9.395 0.0000000000
45414  24.324  -48.425  9.714 0.0000000000
45415  23.639  -48.605  9.849 0.0000000000
45416  23.123  -48.631  10.199 0.0000000000
45417  20.003  -48.453  9.875 0.0000000000
45418  19.190  -48.513  9.567 0.0000000000
45419  18.583  -48.597  9.057 0.0000000000
45433  30.137  -48.658  8.466 0.0000000000
45434  29.103  -48.661  8.891 0.0000000000
45435  28.017  -48.905  8.767 0.0000000000
45439  24.536  -48.765  9.145 0.0000000000
45440  23.951  -48.759  9.355 0.0000000000
45441  17.945  -48.653  8.552 0.0000000000
45442  17.330  -48.639  7.981 0.0000000000
45452  30.650  -48.632  7.769 0.0000000000
45453  16.781  -48.577  7.374 0.0000000000
45454  16.450  -48.397  6.703 0.0000000000
45465  30.962  -48.635  7.004 0.0000000000
45466  16.261  -48.035  6.291 0.0000000000
45477  30.676  -48.763  6.043 0.0000000000
45478  30.152  -48.562  5.334 0.0000000000
45489  29.524  -48.467  4.763 0.0000000000
45490  28.702  -48.412  4.160 0.0000000000
45491  28.112  -47.862  4.133 0.0000000000
45501  28.312  -49.003  3.600 0.0000000000
46512  22.046  -47.321  11.139 0.0000000000
46513  21.170  -47.265  10.679 0.0000000000
46531  28.963  -47.559  9.500 0.0000000000
46532  28.043  -47.499  9.957 0.0000000000
46535  25.029  -47.883  10.129 0.0000000000
46536  24.621  -48.038  10.187 0.0000000000
46538  19.385  -47.593  9.561 0.0000000000
46539  18.796  -47.696  9.177 0.0000000000
46553  30.397  -47.748  8.176 0.0000000000
46554  29.738  -47.643  8.847 0.0000000000
46555  18.275  -47.779  8.668 0.0000000000
46556  17.730  -47.811  8.192 0.0000000000
46566  30.686  -47.851  7.449 0.0000000000
46567  17.245  -47.831  7.578 0.0000000000
46568  16.761  -47.904  7.110 0.0000000000
46578  30.622  -47.800  6.632 0.0000000000
46579  30.242  -47.322  6.174 0.0000000000
46580  17.123  -47.249  7.017 0.0000000000
46581  16.653  -47.590  6.550 0.0000000000
46590  30.347  -47.961  5.894 0.0000000000
46591  29.708  -47.530  5.488 0.0000000000
46592  29.013  -47.145  5.179 0.0000000000
46593  17.039  -46.980  6.361 0.0000000000
46594  16.544  -47.182  6.057 0.0000000000
46603  29.122  -47.745  4.789 0.0000000000
46604  28.464  -47.347  4.609 0.0000000000
46625  22.852  -46.749  2.596 0.0000000000
46641  22.887  -46.963  1.887 0.0000000000
46656  23.582  -47.069  1.593 0.0000000000
46666  27.531  -47.408  0.689 0.0000000000
47498  24.471  -45.907  12.381 0.0000000000
47499  23.558  -45.863  12.341 0.0000000000
47526  26.558  -46.313  11.554 0.0000000000
47563  20.731  -46.379  10.370 0.0000000000
47582  29.419  -46.590  9.357 0.0000000000
47583  28.638  -46.594  10.055 0.0000000000
47584  20.220  -46.456  9.815 0.0000000000
47585  19.456  -46.573  9.289 0.0000000000
47586  18.977  -47.100  9.269 0.0000000000
47599  30.451  -47.176  7.757 0.0000000000
47600  29.992  -46.682  8.400 0.0000000000
47601  19.105  -46.194  8.811 0.0000000000
47602  18.515  -46.715  8.698 0.0000000000
47603  17.996  -47.243  8.413 0.0000000000
47614  30.541  -47.237  7.196 0.0000000000
47615  30.184  -46.495  7.380 0.0000000000
47616  18.166  -46.435  8.234 0.0000000000
47617  17.754  -46.791  7.842 0.0000000000
47629  30.389  -47.012  6.712 0.0000000000
47630  29.783  -46.509  6.326 0.0000000000
47631  29.063  -46.155  6.015 0.0000000000
47632  17.361  -46.444  6.794 0.0000000000
47642  29.243  -46.721  5.651 0.0000000000
47643  28.495  -46.401  5.378 0.0000000000
47646  17.161  -46.354  6.016 0.0000000000
47667  22.941  -45.884  3.149 0.0000000000
47715  24.053  -46.217  1.548 0.0000000000
47716  23.343  -46.167  1.900 0.0000000000
47726  27.173  -46.557  1.058 0.0000000000
48599  24.843  -45.218  12.878 0.0000000000
48600  23.922  -45.194  12.730 0.0000000000
48601  23.116  -45.126  12.463 0.0000000000
48602  22.511  -45.046  12.105 0.0000000000
48619  27.819  -45.388  11.409 0.0000000000
48620  27.139  -45.712  11.679 0.0000000000
48621  26.279  -45.786  12.119 0.0000000000
48622  25.400  -45.896  12.353 0.0000000000
48647  27.692  -46.006  11.116 0.0000000000
48648  21.215  -45.305  10.912 0.0000000000
48649  20.825  -45.500  10.468 0.0000000000
48669  29.500  -45.631  9.004 0.0000000000
48671  20.459  -45.618  9.872 0.0000000000
48672  19.991  -45.686  9.366 0.0000000000
48685  29.695  -45.692  8.062 0.0000000000
48686  19.442  -45.650  8.860 0.0000000000
48687  18.907  -45.862  8.533 0.0000000000
48699  29.510  -45.624  7.134 0.0000000000
48700  28.995  -45.221  6.817 0.0000000000
48701  18.333  -45.871  8.080 0.0000000000
48702  17.713  -45.672  7.326 0.0000000000
48712  29.205  -45.763  6.492 0.0000000000
48713  28.519  -45.430  6.236 0.0000000000
48716  17.405  -45.580  6.439 0.0000000000
48728  25.886  -44.876  4.947 0.0000000000
48744  25.337  -45.138  4.699 0.0000000000
48746  23.845  -45.364  3.907 0.0000000000
48747  23.111  -45.174  3.665 0.0000000000
48762  22.694  -44.861  3.172 0.0000000000
48791  27.272  -45.534  1.595 0.0000000000
48794  24.605  -45.439  1.466 0.0000000000
48795  23.806  -45.331  1.814 0.0000000000
48796  23.103  -45.215  2.125 0.0000000000
48803  26.726  -45.918  1.224 0.0000000000
49655  24.257  -44.370  12.908 0.0000000000
49656  23.435  -44.405  12.599 0.0000000000
49657  22.759  -44.369  12.321 0.0000000000
49676  28.106  -44.674  11.339 0.0000000000
49677  27.587  -44.841  12.034 0.0000000000
49678  26.745  -45.031  12.462 0.0000000000
49679  22.290  -44.363  11.829 0.0000000000
49680  21.930  -44.390  11.285 0.0000000000
49700  28.425  -44.627  10.443 0.0000000000
49701  21.418  -44.398  10.597 0.0000000000
49702  20.946  -44.903  10.518 0.0000000000
49723  21.208  -43.995  10.048 0.0000000000
49724  20.693  -44.558  9.864 0.0000000000
49725  20.277  -45.134  9.526 0.0000000000
49737  29.229  -44.928  7.732 0.0000000000
49739  20.342  -44.142  9.381 0.0000000000
49740  19.946  -44.672  9.108 0.0000000000
49741  19.003  -44.877  8.413 0.0000000000
49753  29.071  -45.037  7.205 0.0000000000
49756  18.166  -44.722  7.731 0.0000000000
49757  17.557  -44.673  6.962 0.0000000000
49768  26.544  -44.288  5.832 0.0000000000
49769  25.894  -44.075  5.572 0.0000000000
49770  17.337  -44.807  6.187 0.0000000000
49783  26.077  -44.517  5.303 0.0000000000
49784  25.365  -44.329  5.122 0.0000000000
49785  24.530  -44.091  4.776 0.0000000000
49786  23.820  -43.973  4.416 0.0000000000
49787  23.298  -43.840  4.115 0.0000000000
49788  17.091  -44.613  5.820 0.0000000000
49802  24.794  -44.746  4.709 0.0000000000
49803  24.175  -44.695  4.387 0.0000000000
49804  23.471  -44.546  4.096 0.0000000000
49805  22.949  -44.090  3.660 0.0000000000
49833  27.445  -44.558  2.196 0.0000000000
49834  22.662  -44.045  2.816 0.0000000000
49847  26.868  -44.573  1.660 0.0000000000
49849  25.330  -44.717  1.385 0.0000000000
49850  24.345  -44.480  1.665 0.0000000000
49851  23.472  -44.363  1.942 0.0000000000
49864  25.546  -45.305  1.294 0.0000000000
50759  27.423  -43.323  12.802 0.0000000000
50760  26.646  -43.415  13.296 0.0000000000
50761  25.606  -43.471  13.450 0.0000000000
50762  24.612  -43.473  13.062 0.0000000000
50763  23.596  -43.448  12.525 0.0000000000
50764  23.038  -43.884  12.447 0.0000000000
50784  28.341  -43.716  11.226 0.0000000000
50785  27.906  -43.803  12.078 0.0000000000
50786  27.180  -44.173  12.751 0.0000000000
50787  23.172  -42.986  12.207 0.0000000000
50788  22.654  -43.402  11.920 0.0000000000
50789  22.168  -43.888  11.513 0.0000000000
50813  28.515  -43.578  10.256 0.0000000000
50814  22.546  -42.949  11.236 0.0000000000
50815  22.106  -43.457  10.942 0.0000000000
50835  28.528  -43.498  9.141 0.0000000000
50836  21.558  -43.444  10.186 0.0000000000
50837  21.043  -43.527  9.747 0.0000000000
50854  28.157  -43.299  7.880 0.0000000000
50856  20.575  -43.723  9.489 0.0000000000
50857  20.155  -43.612  9.147 0.0000000000
50858  19.490  -43.688  8.666 0.0000000000
50870  27.948  -43.766  7.278 0.0000000000
50871  27.621  -43.328  6.904 0.0000000000
50872  18.609  -43.666  8.191 0.0000000000
50873  17.847  -43.595  7.488 0.0000000000
50881  26.837  -43.428  6.212 0.0000000000
50882  26.199  -43.424  5.572 0.0000000000
50883  25.652  -43.686  5.283 0.0000000000
50884  17.256  -43.712  6.461 0.0000000000
50885  16.755  -43.355  6.084 0.0000000000
50898  25.801  -43.164  5.032 0.0000000000
50899  25.099  -43.324  4.809 0.0000000000
50900  24.183  -43.364  4.532 0.0000000000
50901  23.454  -43.216  4.224 0.0000000000
50902  23.011  -43.287  3.858 0.0000000000
50903  16.901  -43.997  5.892 0.0000000000
50918  24.459  -42.753  4.463 0.0000000000
50919  23.823  -42.744  4.261 0.0000000000
50920  23.467  -42.758  4.098 0.0000000000
50921  22.530  -43.098  3.443 0.0000000000
50922  22.175  -42.684  3.156 0.0000000000
50937  22.302  -43.094  3.128 0.0000000000
50951  27.070  -43.559  2.166 0.0000000000
50952  26.483  -43.149  1.800 0.0000000000
50953  22.327  -43.263  2.919 0.0000000000
50965  26.501  -43.896  1.658 0.0000000000
50967  24.870  -43.533  1.561 0.0000000000
50968  23.977  -43.475  1.853 0.0000000000
50969  23.193  -43.384  2.152 0.0000000000
51989  28.451  -42.266  12.083 0.0000000000
51990  28.085  -42.640  12.445 0.0000000000
51991  27.070  -42.521  13.211 0.0000000000
51992  26.010  -42.509  13.474 0.0000000000
51993  24.971  -42.539  13.227 0.0000000000
51994  24.158  -42.605  12.729 0.0000000000
52009  28.809  -42.470  11.385 0.0000000000
52010  28.363  -43.187  11.827 0.0000000000
52011  23.559  -42.503  12.297 0.0000000000
52012  23.097  -42.681  11.947 0.0000000000
52034  28.919  -42.716  9.958 0.0000000000
52035  23.364  -42.172  11.841 0.0000000000
52036  22.927  -42.422  11.405 0.0000000000
52037  22.486  -42.501  10.817 0.0000000000
52056  28.768  -42.601  8.823 0.0000000000
52057  21.979  -42.597  10.328 0.0000000000
52058  21.447  -42.625  9.765 0.0000000000
52076  28.062  -42.636  7.443 0.0000000000
52077  20.709  -42.795  9.333 0.0000000000
52078  19.939  -42.668  8.917 0.0000000000
52079  19.123  -42.610  8.547 0.0000000000
52090  28.254  -42.044  7.045 0.0000000000
52092  18.330  -42.509  8.016 0.0000000000
52093  17.616  -42.292  7.249 0.0000000000
52107  27.760  -41.923  6.555 0.0000000000
52108  27.103  -42.338  6.068 0.0000000000
52109  26.550  -42.885  5.778 0.0000000000
52110  17.112  -42.433  6.385 0.0000000000
52125  26.701  -41.826  5.417 0.0000000000
52126  26.171  -42.338  5.062 0.0000000000
52127  25.588  -42.796  4.792 0.0000000000
52128  23.243  -42.746  3.955 0.0000000000
52129  23.116  -42.953  3.926 0.0000000000
52140  25.610  -41.758  4.604 0.0000000000
52141  25.101  -42.196  4.501 0.0000000000
52143  23.411  -42.229  3.857 0.0000000000
52144  22.784  -42.457  3.684 0.0000000000
52145  22.199  -42.293  3.295 0.0000000000
52158  21.938  -42.270  3.032 0.0000000000
52168  31.003  -42.424  2.462 0.0000000000
52169  30.344  -42.035  2.749 0.0000000000
52172  26.861  -42.390  2.125 0.0000000000
52184  31.338  -42.275  1.692 0.0000000000
52185  30.971  -42.007  2.183 0.0000000000
52186  25.255  -42.490  1.538 0.0000000000
52187  24.369  -42.534  1.660 0.0000000000
52200  31.690  -42.557  0.944 0.0000000000
52211  31.738  -42.458  0.242 0.0000000000
53055  28.361  -41.647  12.370 0.0000000000
53056  27.425  -41.619  13.003 0.0000000000
53057  26.381  -41.586  13.297 0.0000000000
53058  25.359  -41.600  13.254 0.0000000000
53059  24.351  -41.645  12.794 0.0000000000
53060  23.875  -42.065  12.593 0.0000000000
53074  24.063  -41.351  12.490 0.0000000000
53075  23.753  -41.617  12.246 0.0000000000
53096  23.347  -41.593  11.514 0.0000000000
53097  22.838  -41.587  10.865 0.0000000000
53098  22.340  -41.916  10.448 0.0000000000
53119  22.434  -41.259  10.390 0.0000000000
53120  21.894  -41.618  10.024 0.0000000000
53121  21.194  -41.688  9.504 0.0000000000
53139  20.448  -41.686  9.111 0.0000000000
53140  19.706  -41.623  8.714 0.0000000000
53141  18.913  -41.527  8.375 0.0000000000
53157  28.806  -41.314  7.197 0.0000000000
53158  18.240  -41.383  7.852 0.0000000000
53159  17.720  -41.138  7.434 0.0000000000
53175  28.248  -41.353  6.493 0.0000000000
53176  27.665  -41.398  5.976 0.0000000000
53177  17.303  -41.339  6.861 0.0000000000
53178  16.772  -41.475  6.392 0.0000000000
53188  27.126  -41.346  5.405 0.0000000000
53189  26.552  -41.321  4.942 0.0000000000
53199  25.903  -41.253  4.612 0.0000000000
53200  25.208  -41.170  4.347 0.0000000000
53202  23.560  -41.199  3.842 0.0000000000
53203  22.861  -41.387  3.618 0.0000000000
53204  22.312  -41.548  3.347 0.0000000000
53216  21.989  -41.660  3.087 0.0000000000
53226  30.436  -40.763  2.419 0.0000000000
53227  29.513  -41.039  2.861 0.0000000000
53229  27.284  -41.322  2.426 0.0000000000
53230  26.418  -41.368  1.864 0.0000000000
53240  31.227  -41.675  1.264 0.0000000000
53241  30.984  -41.388  1.737 0.0000000000
53242  25.559  -41.451  1.587 0.0000000000
53243  24.679  -41.550  1.539 0.0000000000
53244  23.828  -41.652  1.685 0.0000000000
53256  31.366  -41.672  0.616 0.0000000000
53257  31.209  -41.365  1.078 0.0000000000
53265  31.687  -41.877  -0.156 0.0000000000
54173  25.726  -40.722  13.149 0.0000000000
54174  24.951  -40.775  12.854 0.0000000000
54186  30.207  -39.639  11.226 0.0000000000
54189  24.229  -40.867  12.329 0.0000000000
54190  23.679  -40.953  11.801 0.0000000000
54205  30.475  -39.757  10.659 0.0000000000
54207  23.320  -40.761  11.221 0.0000000000
54208  22.835  -40.614  10.617 0.0000000000
54225  30.807  -39.822  9.716 0.0000000000
54226  30.407  -40.495  9.144 0.0000000000
54227  22.310  -40.602  10.089 0.0000000000
54228  21.638  -40.686  9.709 0.0000000000
54229  20.904  -40.694  9.362 0.0000000000
54247  30.770  -39.746  8.761 0.0000000000
54248  30.380  -40.293  8.309 0.0000000000
54249  20.258  -40.671  8.861 0.0000000000
54250  19.547  -40.609  8.479 0.0000000000
54251  18.813  -40.503  8.164 0.0000000000
54266  30.484  -39.576  7.972 0.0000000000
54268  29.223  -40.592  7.095 0.0000000000
54269  18.220  -40.390  7.668 0.0000000000
54270  17.641  -40.360  7.193 0.0000000000
54286  28.657  -40.409  6.420 0.0000000000
54287  28.090  -40.794  5.973 0.0000000000
54288  17.103  -40.432  6.716 0.0000000000
54300  28.102  -40.147  5.787 0.0000000000
54301  27.547  -40.490  5.459 0.0000000000
54302  26.914  -40.534  4.900 0.0000000000
54303  23.254  -39.488  4.313 0.0000000000
54304  23.008  -39.666  4.257 0.0000000000
54315  25.510  -40.355  4.375 0.0000000000
54316  24.682  -40.240  4.189 0.0000000000
54317  23.646  -40.061  4.211 0.0000000000
54318  22.857  -40.279  3.901 0.0000000000
54319  22.399  -40.602  3.406 0.0000000000
54329  22.112  -40.837  3.102 0.0000000000
54369  31.092  -40.770  0.759 0.0000000000
54378  31.578  -40.918  -0.080 0.0000000000
55320  25.362  -40.249  12.794 0.0000000000
55331  30.523  -39.081  11.096 0.0000000000
55332  29.943  -39.242  11.596 0.0000000000
55334  24.976  -39.817  12.382 0.0000000000
55335  24.083  -40.095  11.568 0.0000000000
55351  23.400  -39.840  10.931 0.0000000000
55352  22.794  -39.716  10.329 0.0000000000
55366  31.177  -39.060  9.231 0.0000000000
55367  22.187  -39.786  9.737 0.0000000000
55368  21.463  -39.818  9.415 0.0000000000
55369  20.766  -39.735  9.046 0.0000000000
55387  30.900  -38.940  8.338 0.0000000000
55388  20.073  -39.702  8.656 0.0000000000
55389  19.364  -39.644  8.381 0.0000000000
55390  18.697  -39.525  8.007 0.0000000000
55406  30.480  -38.900  7.790 0.0000000000
55407  30.067  -39.146  7.418 0.0000000000
55408  18.101  -39.477  7.478 0.0000000000
55409  17.528  -39.478  6.963 0.0000000000
55425  29.534  -39.278  6.861 0.0000000000
55426  28.904  -39.409  6.383 0.0000000000
55427  16.941  -39.501  6.554 0.0000000000
55440  28.338  -39.474  5.896 0.0000000000
55441  27.646  -39.488  5.551 0.0000000000
55442  26.931  -39.589  5.144 0.0000000000
55443  26.323  -39.330  4.925 0.0000000000
55444  23.525  -39.126  4.356 0.0000000000
55459  25.078  -39.452  4.350 0.0000000000
55460  24.245  -39.315  4.364 0.0000000000
55461  22.679  -39.351  3.957 0.0000000000
55462  22.360  -39.693  3.539 0.0000000000
55473  22.090  -39.941  3.170 0.0000000000
55498  25.126  -39.532  1.642 0.0000000000
56460  29.609  -38.465  12.108 0.0000000000
56461  28.820  -38.734  12.487 0.0000000000
56474  30.238  -38.445  11.578 0.0000000000
56478  24.013  -39.227  11.166 0.0000000000
56495  24.420  -38.433  11.090 0.0000000000
56496  23.524  -38.759  10.681 0.0000000000
56497  22.514  -38.760  10.176 0.0000000000
56498  21.591  -38.473  10.097 0.0000000000
56499  20.855  -38.327  9.869 0.0000000000
56514  31.386  -38.340  9.189 0.0000000000
56515  31.224  -38.576  8.726 0.0000000000
56534  31.334  -38.158  8.650 0.0000000000
56535  31.152  -38.261  8.283 0.0000000000
56536  19.804  -38.971  8.612 0.0000000000
56537  19.203  -38.604  8.391 0.0000000000
56538  18.456  -38.585  7.891 0.0000000000
56550  30.752  -38.271  7.750 0.0000000000
56551  30.304  -38.556  7.404 0.0000000000
56552  17.809  -38.583  7.421 0.0000000000
56567  30.379  -38.047  7.214 0.0000000000
56568  29.888  -38.379  6.861 0.0000000000
56569  29.021  -38.446  6.399 0.0000000000
56570  28.310  -38.194  6.156 0.0000000000
56584  28.518  -38.810  6.054 0.0000000000
56585  27.854  -38.570  5.788 0.0000000000
56586  27.035  -38.684  5.504 0.0000000000
56587  26.400  -38.801  5.234 0.0000000000
56601  25.938  -38.860  4.962 0.0000000000
56602  25.390  -38.803  4.707 0.0000000000
56603  24.699  -38.618  4.571 0.0000000000
56604  22.748  -38.538  3.956 0.0000000000
56605  22.376  -38.841  3.552 0.0000000000
56616  22.117  -39.206  3.237 0.0000000000
56629  21.953  -39.249  3.025 0.0000000000
57702  30.119  -37.090  12.011 0.0000000000
57703  29.738  -37.541  12.166 0.0000000000
57704  28.869  -37.786  12.411 0.0000000000
57705  27.985  -38.163  12.443 0.0000000000
57714  30.429  -37.523  11.595 0.0000000000
57715  30.050  -38.006  11.928 0.0000000000
57716  28.210  -37.416  12.343 0.0000000000
57717  27.499  -37.374  12.206 0.0000000000
57718  26.497  -37.612  11.985 0.0000000000
57719  25.633  -37.698  11.428 0.0000000000
57736  25.030  -37.686  10.938 0.0000000000
57737  24.202  -37.641  10.816 0.0000000000
57738  23.190  -37.728  10.738 0.0000000000
57739  22.154  -37.714  10.657 0.0000000000
57740  21.118  -37.678  10.550 0.0000000000
57741  20.177  -37.556  9.817 0.0000000000
57742  19.358  -36.936  9.634 0.0000000000
57762  19.985  -38.010  9.118 0.0000000000
57778  31.511  -37.612  8.702 0.0000000000
57779  31.329  -37.921  8.378 0.0000000000
57780  18.680  -37.710  8.344 0.0000000000
57781  18.069  -37.713  7.835 0.0000000000
57789  31.592  -37.158  8.170 0.0000000000
57790  31.299  -37.600  7.908 0.0000000000
57791  17.532  -37.707  7.326 0.0000000000
57801  30.756  -37.522  7.324 0.0000000000
57802  30.210  -37.479  6.787 0.0000000000
57803  29.394  -37.523  6.446 0.0000000000
57804  28.515  -37.519  6.220 0.0000000000
57817  27.826  -37.655  5.995 0.0000000000
57818  27.248  -37.783  5.654 0.0000000000
57819  26.321  -37.865  5.386 0.0000000000
57820  25.380  -37.531  5.179 0.0000000000
57821  24.496  -37.640  4.778 0.0000000000
57832  26.054  -38.449  5.202 0.0000000000
57833  25.662  -38.281  5.109 0.0000000000
57834  25.107  -38.163  4.880 0.0000000000
57836  22.469  -37.927  3.586 0.0000000000
57918  30.428  -37.260  -0.026 0.0000000000
58946  29.085  -37.028  12.314 0.0000000000
58947  28.586  -37.194  12.349 0.0000000000
58955  30.998  -36.008  11.122 0.0000000000
58956  30.259  -36.446  11.686 0.0000000000
58957  29.310  -36.321  12.051 0.0000000000
58958  28.235  -36.591  12.152 0.0000000000
58959  27.116  -36.646  11.685 0.0000000000
58960  26.105  -36.673  11.204 0.0000000000
58961  25.449  -37.161  11.068 0.0000000000
58977  31.327  -36.592  10.386 0.0000000000
58978  30.886  -36.822  11.187 0.0000000000
58979  25.786  -36.082  10.811 0.0000000000
58980  25.055  -36.633  10.788 0.0000000000
58981  23.884  -36.665  10.697 0.0000000000
58982  22.821  -36.695  10.865 0.0000000000
58983  21.726  -36.733  11.044 0.0000000000
58984  20.628  -36.709  10.820 0.0000000000
58985  19.610  -36.535  10.451 0.0000000000
58986  18.653  -36.324  9.960 0.0000000000
58987  18.258  -35.901  9.621 0.0000000000
59004  31.583  -37.033  9.430 0.0000000000
59006  18.357  -36.203  9.120 0.0000000000
59018  31.774  -36.704  8.559 0.0000000000
59029  31.538  -36.595  7.616 0.0000000000
59030  31.146  -37.112  7.387 0.0000000000
59041  31.330  -36.093  7.031 0.0000000000
59042  30.823  -36.625  6.851 0.0000000000
59043  29.855  -36.647  6.355 0.0000000000
59044  28.894  -36.653  6.095 0.0000000000
59045  27.856  -36.706  5.835 0.0000000000
59046  27.367  -36.368  5.631 0.0000000000
59056  27.460  -37.219  5.805 0.0000000000
59057  26.987  -36.803  5.648 0.0000000000
59058  25.954  -36.671  5.407 0.0000000000
59059  24.938  -36.621  5.100 0.0000000000
59060  23.980  -36.659  4.711 0.0000000000
60078  30.961  -35.500  10.988 0.0000000000
60079  30.531  -35.434  11.253 0.0000000000
60080  29.735  -35.603  11.680 0.0000000000
60081  28.777  -35.616  11.823 0.0000000000
60082  27.625  -35.577  11.439 0.0000000000
60083  26.814  -36.079  11.307 0.0000000000
60096  31.325  -35.340  10.539 0.0000000000
60097  30.893  -35.234  10.950 0.0000000000
60098  27.256  -34.963  11.013 0.0000000000
60099  26.488  -35.468  10.928 0.0000000000
60100  25.453  -35.510  10.616 0.0000000000
60101  24.470  -35.656  10.539 0.0000000000
60102  23.452  -35.670  10.726 0.0000000000
60103  22.408  -35.667  10.983 0.0000000000
60104  21.307  -35.683  11.032 0.0000000000
60106  19.044  -35.605  10.830 0.0000000000
60107  18.097  -35.354  10.119 0.0000000000
60108  17.647  -34.801  9.931 0.0000000000
60127  32.231  -34.914  8.618 0.0000000000
60128  31.824  -35.853  9.359 0.0000000000
60129  17.962  -35.671  9.215 0.0000000000
60130  17.592  -35.064  9.396 0.0000000000
60141  32.218  -34.957  7.741 0.0000000000
60142  32.012  -35.780  8.164 0.0000000000
60143  18.045  -35.965  8.683 0.0000000000
60144  17.446  -35.471  8.330 0.0000000000
60154  32.083  -34.854  7.275 0.0000000000
60155  31.739  -35.432  7.189 0.0000000000
60168  31.060  -35.645  6.634 0.0000000000
60169  30.329  -35.678  6.197 0.0000000000
60170  29.417  -35.857  5.976 0.0000000000
60171  28.429  -35.699  5.656 0.0000000000
60172  27.521  -35.814  5.528 0.0000000000
60173  27.147  -36.175  5.563 0.0000000000
60184  30.248  -35.266  5.951 0.0000000000
60185  29.891  -35.274  5.805 0.0000000000
60186  29.164  -35.217  5.757 0.0000000000
60187  27.257  -35.496  5.432 0.0000000000
60188  26.769  -35.758  5.399 0.0000000000
60189  25.553  -35.548  5.074 0.0000000000
60191  23.510  -35.709  4.472 0.0000000000
61179  30.457  -35.034  11.193 0.0000000000
61180  30.134  -34.988  11.386 0.0000000000
61181  29.354  -34.931  11.590 0.0000000000
61182  28.532  -34.957  11.452 0.0000000000
61196  31.472  -34.384  10.476 0.0000000000
61197  30.737  -34.683  11.017 0.0000000000
61198  29.928  -34.320  11.403 0.0000000000
61199  28.994  -34.240  11.392 0.0000000000
61200  27.985  -34.485  10.973 0.0000000000
61201  26.977  -34.353  10.728 0.0000000000
61202  25.955  -34.498  10.491 0.0000000000
61203  24.939  -34.686  10.328 0.0000000000
61204  23.968  -34.753  10.402 0.0000000000
61205  23.007  -34.689  10.654 0.0000000000
61206  21.993  -34.662  10.832 0.0000000000
61208  19.846  -34.585  10.990 0.0000000000
61209  18.733  -34.464  10.782 0.0000000000
61210  17.833  -34.318  10.309 0.0000000000
61229  32.342  -34.055  8.755 0.0000000000
61230  31.996  -34.505  9.663 0.0000000000
61231  17.269  -34.350  9.699 0.0000000000
61232  16.750  -34.242  9.251 0.0000000000
61242  32.415  -34.230  7.963 0.0000000000
61243  17.169  -34.700  9.012 0.0000000000
61244  16.532  -34.552  8.531 0.0000000000
61245  15.993  -34.282  8.014 0.0000000000
61255  32.188  -34.388  7.354 0.0000000000
61256  31.898  -34.576  6.938 0.0000000000
61258  15.730  -34.587  7.418 0.0000000000
61268  31.214  -34.768  6.457 0.0000000000
61269  30.757  -35.215  6.326 0.0000000000
61270  28.088  -35.178  5.536 0.0000000000
61271  27.878  -35.398  5.525 0.0000000000
61286  30.915  -34.549  6.128 0.0000000000
61287  30.492  -34.828  5.946 0.0000000000
61288  29.594  -34.630  5.606 0.0000000000
61289  28.576  -34.734  5.525 0.0000000000
61290  27.506  -34.948  5.380 0.0000000000
62431  31.191  -33.735  10.668 0.0000000000
62432  30.522  -33.746  11.049 0.0000000000
62433  29.663  -33.569  11.144 0.0000000000
62434  28.692  -33.555  10.885 0.0000000000
62435  27.709  -33.530  10.524 0.0000000000
62436  26.545  -33.241  10.229 0.0000000000
62437  25.362  -33.706  10.162 0.0000000000
62438  24.398  -33.899  10.109 0.0000000000
62439  23.478  -33.933  10.162 0.0000000000
62440  22.558  -33.697  10.307 0.0000000000
62441  21.639  -33.809  10.575 0.0000000000
62442  20.714  -33.671  10.607 0.0000000000
62443  19.629  -33.365  10.765 0.0000000000
62444  18.352  -33.421  10.701 0.0000000000
62445  17.147  -33.434  10.194 0.0000000000
62446  16.606  -32.957  9.857 0.0000000000
62465  32.282  -33.251  9.314 0.0000000000
62466  31.753  -33.699  10.150 0.0000000000
62467  25.639  -32.896  9.807 0.0000000000
62468  24.776  -33.111  9.765 0.0000000000
62469  23.871  -33.268  9.747 0.0000000000
62470  23.051  -33.299  9.876 0.0000000000
62471  22.691  -33.259  10.018 0.0000000000
62472  16.791  -33.908  9.642 0.0000000000
62473  16.141  -33.563  9.226 0.0000000000
62483  32.548  -33.364  8.160 0.0000000000
62484  15.959  -34.022  8.455 0.0000000000
62486  14.630  -33.442  7.937 0.0000000000
62496  32.269  -33.613  7.172 0.0000000000
62497  32.029  -34.096  7.025 0.0000000000
62498  15.251  -34.009  7.172 0.0000000000
62499  14.601  -33.729  7.424 0.0000000000
62511  32.038  -33.452  6.692 0.0000000000
62512  31.747  -33.853  6.591 0.0000000000
62530  31.083  -34.085  5.929 0.0000000000
62531  30.233  -33.910  5.489 0.0000000000
62532  29.188  -33.813  5.332 0.0000000000
62533  28.155  -33.836  5.080 0.0000000000
63615  30.913  -33.296  10.702 0.0000000000
63616  30.399  -33.034  10.762 0.0000000000
63617  29.443  -32.836  10.713 0.0000000000
63618  28.471  -32.771  10.425 0.0000000000
63619  27.569  -32.702  10.073 0.0000000000
63620  26.974  -32.523  9.836 0.0000000000
63621  22.070  -33.272  10.364 0.0000000000
63622  21.532  -33.010  10.301 0.0000000000
63623  20.726  -32.562  10.240 0.0000000000
63624  19.927  -32.461  10.434 0.0000000000
63625  19.072  -32.493  10.677 0.0000000000
63626  17.949  -32.448  10.629 0.0000000000
63627  17.021  -32.323  10.172 0.0000000000
63643  32.137  -32.121  9.261 0.0000000000
63644  31.419  -32.680  10.250 0.0000000000
63645  30.275  -32.218  10.442 0.0000000000
63646  29.232  -32.062  10.290 0.0000000000
63647  28.312  -32.100  9.832 0.0000000000
63648  27.424  -32.086  9.575 0.0000000000
63649  26.369  -32.087  9.450 0.0000000000
63650  25.199  -32.378  9.364 0.0000000000
63651  24.249  -32.564  9.366 0.0000000000
63652  23.339  -32.698  9.483 0.0000000000
63653  22.422  -32.831  9.882 0.0000000000
63654  21.516  -32.244  9.708 0.0000000000
63655  21.080  -32.127  9.932 0.0000000000
63656  16.258  -32.538  9.707 0.0000000000
63667  32.545  -32.371  8.374 0.0000000000
63669  25.553  -31.701  8.945 0.0000000000
63672  22.755  -32.192  9.151 0.0000000000
63673  22.130  -32.241  9.380 0.0000000000
63675  14.438  -32.869  8.481 0.0000000000
63685  32.554  -32.584  7.350 0.0000000000
63686  14.334  -33.403  7.913 0.0000000000
63687  13.876  -33.325  7.905 0.0000000000
63698  31.999  -32.870  6.332 0.0000000000
63699  31.491  -33.450  6.061 0.0000000000
63716  31.633  -32.335  5.628 0.0000000000
63717  31.076  -32.997  5.411 0.0000000000
63718  29.860  -33.022  5.025 0.0000000000
64703  20.360  -32.108  10.174 0.0000000000
64704  19.802  -31.799  10.181 0.0000000000
64705  18.776  -31.650  10.363 0.0000000000
64706  17.739  -31.537  10.228 0.0000000000
64707  17.155  -31.727  10.060 0.0000000000
64721  32.073  -31.540  9.170 0.0000000000
64722  31.713  -31.626  9.584 0.0000000000
64723  31.020  -31.506  10.074 0.0000000000
64724  29.999  -31.314  10.164 0.0000000000
64725  29.004  -31.338  9.785 0.0000000000
64726  28.008  -31.314  9.449 0.0000000000
64727  27.197  -31.527  9.256 0.0000000000
64728  21.438  -31.859  9.442 0.0000000000
64729  20.868  -31.718  9.666 0.0000000000
64730  20.044  -31.208  9.628 0.0000000000
64731  17.230  -31.391  9.947 0.0000000000
64732  16.681  -31.748  9.967 0.0000000000
64735  14.347  -31.581  9.447 0.0000000000
64745  32.365  -31.346  8.571 0.0000000000
64746  27.471  -30.986  9.024 0.0000000000
64747  26.737  -31.165  8.785 0.0000000000
64754  14.447  -32.120  9.083 0.0000000000
64755  13.683  -31.964  9.142 0.0000000000
64766  32.722  -31.518  7.541 0.0000000000
64777  32.540  -31.691  6.562 0.0000000000
64789  32.080  -31.729  5.723 0.0000000000
64790  31.257  -31.718  5.110 0.0000000000
64791  30.375  -32.155  4.731 0.0000000000
64804  30.581  -31.339  4.520 0.0000000000
64805  29.865  -31.457  4.197 0.0000000000
65939  19.413  -31.129  9.921 0.0000000000
65940  18.649  -30.705  9.909 0.0000000000
65941  17.635  -30.850  9.914 0.0000000000
65942  16.980  -30.664  9.890 0.0000000000
65943  16.239  -30.599  10.052 0.0000000000
65944  15.425  -30.542  10.097 0.0000000000
65945  14.689  -30.490  10.070 0.0000000000
65960  32.005  -31.117  9.157 0.0000000000
65961  31.532  -30.854  9.464 0.0000000000
65962  30.717  -30.664  9.722 0.0000000000
65963  29.723  -30.605  9.629 0.0000000000
65964  28.765  -30.621  9.362 0.0000000000
65965  27.983  -30.591  9.153 0.0000000000
65966  20.457  -30.919  9.181 0.0000000000
65967  19.645  -30.422  9.268 0.0000000000
65968  19.047  -30.179  9.541 0.0000000000
65969  16.990  -31.175  9.811 0.0000000000
65971  15.616  -31.249  9.932 0.0000000000
65972  14.815  -31.114  9.818 0.0000000000
65973  13.803  -30.884  9.781 0.0000000000
65982  32.141  -30.326  8.738 0.0000000000
65983  31.366  -29.985  9.259 0.0000000000
65984  30.414  -29.870  9.406 0.0000000000
65985  29.407  -29.855  9.265 0.0000000000
65986  28.430  -29.935  8.989 0.0000000000
65995  19.845  -30.038  8.633 0.0000000000
66006  32.767  -30.437  7.777 0.0000000000
66025  32.827  -30.573  6.715 0.0000000000
66039  32.463  -30.774  5.859 0.0000000000
66040  31.873  -30.801  5.211 0.0000000000
66051  31.093  -30.671  4.596 0.0000000000
66052  30.281  -30.674  4.042 0.0000000000
67276  18.159  -30.342  9.923 0.0000000000
67277  17.674  -30.151  9.997 0.0000000000
67278  16.905  -29.989  10.082 0.0000000000
67279  16.045  -29.858  10.145 0.0000000000
67280  15.128  -29.847  10.163 0.0000000000
67281  14.288  -30.020  10.210 0.0000000000
67294  19.194  -29.924  9.326 0.0000000000
67295  18.566  -29.734  9.528 0.0000000000
67296  17.612  -29.516  9.726 0.0000000000
67297  16.757  -29.273  9.766 0.0000000000
67298  15.749  -28.984  9.870 0.0000000000
67299  14.588  -29.203  9.915 0.0000000000
67300  13.356  -29.631  9.999 0.0000000000
67311  32.007  -29.192  8.715 0.0000000000
67312  31.087  -29.128  9.143 0.0000000000
67313  30.085  -29.070  9.114 0.0000000000
67314  29.067  -29.117  8.809 0.0000000000
67318  19.885  -29.825  8.263 0.0000000000
67319  19.324  -29.509  8.770 0.0000000000
67320  18.857  -29.354  9.071 0.0000000000
67332  33.098  -28.741  7.567 0.0000000000
67333  32.769  -29.420  8.069 0.0000000000
67341  20.168  -29.580  7.772 0.0000000000
67342  19.694  -29.444  8.113 0.0000000000
67354  33.244  -28.754  7.131 0.0000000000
67355  33.168  -29.349  7.005 0.0000000000
67369  32.716  -29.554  5.740 0.0000000000
67370  32.255  -30.202  5.371 0.0000000000
67379  32.384  -28.966  5.005 0.0000000000
67380  31.803  -29.652  4.742 0.0000000000
67381  30.716  -29.833  4.018 0.0000000000
67382  29.833  -29.913  3.658 0.0000000000
68492  18.115  -29.210  9.404 0.0000000000
68493  17.570  -28.873  9.318 0.0000000000
68494  16.680  -28.417  9.330 0.0000000000
68495  15.908  -28.189  9.521 0.0000000000
68496  15.095  -28.272  9.708 0.0000000000
68497  13.974  -28.421  9.757 0.0000000000
68498  12.735  -28.530  9.747 0.0000000000
68509  32.103  -28.573  8.533 0.0000000000
68510  31.592  -28.550  8.717 0.0000000000
68511  30.761  -28.419  8.823 0.0000000000
68512  29.791  -28.353  8.569 0.0000000000
68513  28.696  -28.348  8.254 0.0000000000
68515  19.095  -29.072  8.461 0.0000000000
68516  18.569  -28.921  8.813 0.0000000000
68517  17.560  -28.116  8.691 0.0000000000
68518  16.830  -27.789  8.874 0.0000000000
68531  32.973  -28.255  7.659 0.0000000000
68532  32.599  -28.444  8.166 0.0000000000
68543  18.295  -28.040  7.913 0.0000000000
68544  17.631  -27.529  8.053 0.0000000000
68556  33.200  -28.214  7.124 0.0000000000
68557  33.240  -28.678  6.870 0.0000000000
68569  33.237  -27.853  6.705 0.0000000000
68570  33.134  -28.361  6.311 0.0000000000
68580  32.730  -28.336  5.291 0.0000000000
68581  31.958  -28.226  4.484 0.0000000000
68582  31.042  -28.840  3.918 0.0000000000
68583  30.086  -29.151  3.570 0.0000000000
68584  29.473  -29.356  3.530 0.0000000000
68597  31.645  -27.572  4.086 0.0000000000
68598  31.171  -27.856  3.798 0.0000000000
68599  30.224  -28.183  3.589 0.0000000000
69484  16.313  -27.803  9.191 0.0000000000
69485  15.647  -27.629  9.287 0.0000000000
69486  14.664  -27.524  9.379 0.0000000000
69487  13.529  -27.545  9.550 0.0000000000
69488  12.423  -27.654  9.531 0.0000000000
69503  32.040  -28.114  8.439 0.0000000000
69504  31.384  -27.904  8.575 0.0000000000
69505  30.532  -27.670  8.555 0.0000000000
69506  29.481  -27.366  8.212 0.0000000000
69507  28.615  -27.656  7.834 0.0000000000
69508  17.113  -27.515  8.428 0.0000000000
69509  16.366  -27.247  8.645 0.0000000000
69510  15.415  -27.156  8.775 0.0000000000
69511  14.762  -27.010  8.820 0.0000000000
69512  13.046  -27.163  9.233 0.0000000000
69513  12.346  -27.076  8.981 0.0000000000
69530  32.820  -27.664  7.668 0.0000000000
69531  32.368  -27.701  8.151 0.0000000000
69532  28.758  -27.047  7.744 0.0000000000
69543  17.666  -27.537  7.211 0.0000000000
69544  16.978  -27.158  7.793 0.0000000000
69545  16.379  -26.809  8.011 0.0000000000
69558  33.217  -27.423  7.058 0.0000000000
69565  16.900  -27.117  6.811 0.0000000000
69566  16.439  -26.828  7.388 0.0000000000
69577  33.297  -27.373  6.393 0.0000000000
69578  33.188  -27.435  5.576 0.0000000000
69588  32.813  -27.407  4.732 0.0000000000
69589  32.083  -27.168  4.224 0.0000000000
69601  31.390  -27.035  3.805 0.0000000000
69602  30.521  -27.169  3.505 0.0000000000
70419  14.233  -27.046  9.235 0.0000000000
70420  13.760  -26.943  9.277 0.0000000000
70421  12.295  -26.227  9.323 0.0000000000
70435  31.918  -27.519  8.366 0.0000000000
70436  31.320  -27.132  8.477 0.0000000000
70437  30.414  -26.837  8.428 0.0000000000
70438  29.829  -26.650  8.239 0.0000000000
70439  15.893  -26.825  8.317 0.0000000000
70440  15.249  -26.746  8.267 0.0000000000
70441  14.427  -26.500  8.619 0.0000000000
70442  13.340  -26.507  9.082 0.0000000000
70443  12.434  -26.387  9.074 0.0000000000
70444  11.888  -26.516  8.926 0.0000000000
70458  32.923  -26.845  7.380 0.0000000000
70459  32.227  -26.781  7.984 0.0000000000
70460  31.153  -26.238  8.234 0.0000000000
70461  30.185  -26.104  8.165 0.0000000000
70462  29.304  -26.349  7.899 0.0000000000
70463  28.385  -26.393  7.482 0.0000000000
70471  15.913  -26.576  7.745 0.0000000000
70472  15.313  -26.187  7.703 0.0000000000
70488  33.311  -26.577  6.819 0.0000000000
70499  16.126  -26.326  6.789 0.0000000000
70513  33.516  -26.516  5.951 0.0000000000
70514  33.332  -26.525  5.043 0.0000000000
70529  32.708  -26.437  4.394 0.0000000000
70530  31.966  -26.304  3.798 0.0000000000
70540  30.921  -26.110  3.544 0.0000000000
70541  29.869  -26.375  3.223 0.0000000000
71477  12.223  -26.257  10.012 0.0000000000
71491  12.136  -26.230  9.727 0.0000000000
71505  13.323  -25.955  8.919 0.0000000000
71522  32.870  -25.747  7.291 0.0000000000
71523  31.795  -25.518  7.736 0.0000000000
71524  30.716  -25.348  7.877 0.0000000000
71525  29.715  -25.371  7.858 0.0000000000
71526  28.783  -25.461  7.599 0.0000000000
71545  33.507  -25.536  6.490 0.0000000000
71568  33.578  -25.459  5.443 0.0000000000
71569  33.210  -25.606  4.670 0.0000000000
71584  32.523  -25.485  4.098 0.0000000000
71585  31.717  -25.368  3.587 0.0000000000
71595  30.957  -25.174  3.329 0.0000000000
71596  30.194  -25.411  3.097 0.0000000000
72526  33.354  -24.361  6.962 0.0000000000
72527  32.391  -24.501  7.517 0.0000000000
72528  31.219  -24.444  7.602 0.0000000000
72529  30.141  -24.479  7.578 0.0000000000
72530  29.200  -24.596  7.545 0.0000000000
72544  33.725  -24.496  6.058 0.0000000000
72569  33.615  -24.366  5.130 0.0000000000
72570  33.441  -25.018  4.897 0.0000000000
72586  33.444  -23.969  4.694 0.0000000000
72587  33.114  -24.568  4.436 0.0000000000
72588  32.288  -24.575  3.807 0.0000000000
72597  31.417  -24.470  3.403 0.0000000000
72598  30.508  -24.498  3.069 0.0000000000
73619  33.421  -23.129  6.853 0.0000000000
73620  32.809  -23.410  7.392 0.0000000000
73621  31.723  -23.443  7.527 0.0000000000
73622  30.454  -23.370  7.181 0.0000000000
73623  29.484  -23.809  7.264 0.0000000000
73624  28.874  -24.062  7.294 0.0000000000
73638  33.648  -23.629  6.376 0.0000000000
73639  30.073  -22.910  6.929 0.0000000000
73640  29.627  -23.010  6.962 0.0000000000
73664  33.803  -23.525  5.664 0.0000000000
73685  33.641  -23.385  4.890 0.0000000000
73686  33.209  -23.491  4.341 0.0000000000
73687  32.693  -23.912  4.020 0.0000000000
73698  32.740  -23.306  3.914 0.0000000000
73699  32.034  -23.594  3.569 0.0000000000
73700  30.974  -23.608  3.046 0.0000000000
74804  33.650  -22.280  6.903 0.0000000000
74805  33.079  -22.464  7.256 0.0000000000
74806  32.186  -22.506  7.448 0.0000000000
74807  31.136  -22.471  7.234 0.0000000000
74822  34.349  -21.755  5.799 0.0000000000
74823  33.939  -22.630  6.260 0.0000000000
74825  29.003  -22.257  6.802 0.0000000000
74845  34.287  -21.738  4.941 0.0000000000
74846  34.013  -22.580  5.285 0.0000000000
74865  34.046  -21.577  4.489 0.0000000000
74866  33.633  -22.324  4.232 0.0000000000
74867  33.080  -22.934  4.013 0.0000000000
74879  33.164  -22.019  3.597 0.0000000000
74880  32.613  -22.569  3.586 0.0000000000
74881  31.511  -22.738  3.079 0.0000000000
74882  30.398  -22.675  2.479 0.0000000000
74883  29.767  -23.045  2.297 0.0000000000
74895  29.929  -22.073  2.136 0.0000000000
76080  33.375  -21.747  7.155 0.0000000000
76081  32.609  -21.644  7.369 0.0000000000
76082  31.615  -21.596  7.416 0.0000000000
76083  30.707  -21.538  7.123 0.0000000000
76095  34.327  -21.031  6.023 0.0000000000
76096  33.966  -21.342  6.622 0.0000000000
76097  30.132  -21.321  6.670 0.0000000000
76098  29.432  -21.396  6.550 0.0000000000
76114  34.362  -20.942  5.419 0.0000000000
76135  34.192  -20.965  4.654 0.0000000000
76136  33.840  -21.198  4.124 0.0000000000
76149  33.431  -21.356  3.518 0.0000000000
76150  32.758  -21.684  3.192 0.0000000000
76151  32.014  -21.987  2.824 0.0000000000
76152  31.201  -22.113  2.515 0.0000000000
76168  33.031  -21.023  2.864 0.0000000000
76169  32.337  -21.197  2.533 0.0000000000
77280  33.153  -20.957  7.227 0.0000000000
77281  32.098  -20.557  7.409 0.0000000000
77282  31.070  -20.806  7.302 0.0000000000
77283  30.440  -20.738  6.851 0.0000000000
77288  34.393  -20.032  6.079 0.0000000000
77289  33.545  -20.167  6.919 0.0000000000
77290  32.884  -20.253  7.296 0.0000000000
77305  34.430  -20.056  4.958 0.0000000000
77324  34.068  -20.179  3.974 0.0000000000
77325  33.719  -20.761  3.699 0.0000000000
77338  33.807  -19.712  3.442 0.0000000000
77339  33.458  -20.267  3.151 0.0000000000
77356  32.616  -20.312  2.479 0.0000000000
78347  31.756  -19.783  7.314 0.0000000000
78348  31.146  -20.042  7.327 0.0000000000
78349  30.684  -20.332  7.125 0.0000000000
78353  34.315  -18.601  5.963 0.0000000000
78354  33.719  -19.023  6.611 0.0000000000
78355  32.521  -19.396  7.133 0.0000000000
78356  31.264  -19.171  7.170 0.0000000000
78357  30.315  -19.722  6.749 0.0000000000
78389  34.404  -19.136  4.307 0.0000000000
78402  34.071  -19.156  3.563 0.0000000000
78403  33.571  -19.219  3.017 0.0000000000
78421  32.934  -19.380  2.442 0.0000000000
79408  34.250  -17.967  5.869 0.0000000000
79409  33.864  -17.788  6.241 0.0000000000
79410  32.909  -18.125  6.806 0.0000000000
79411  31.741  -18.270  6.744 0.0000000000
79412  30.514  -18.293  6.345 0.0000000000
79421  34.467  -17.782  5.383 0.0000000000
79422  34.244  -17.641  5.845 0.0000000000
79442  34.625  -18.114  4.469 0.0000000000
79465  34.408  -18.271  3.650 0.0000000000
79466  33.886  -18.347  2.992 0.0000000000
79484  33.210  -18.424  2.410 0.0000000000
79485  32.508  -18.531  1.856 0.0000000000
80503  33.773  -16.811  6.254 0.0000000000
80504  33.162  -17.058  6.688 0.0000000000
80505  32.122  -17.254  6.631 0.0000000000
80506  31.161  -17.399  6.346 0.0000000000
80510  34.498  -16.799  5.156 0.0000000000
80511  34.234  -16.981  5.789 0.0000000000
80512  30.479  -17.293  6.003 0.0000000000
80524  34.578  -17.100  4.550 0.0000000000
80548  34.533  -17.312  3.775 0.0000000000
80549  34.158  -17.425  3.048 0.0000000000
80565  33.462  -17.480  2.454 0.0000000000
80566  32.654  -17.521  1.875 0.0000000000
80567  31.932  -17.202  1.596 0.0000000000
80588  32.084  -17.842  1.551 0.0000000000
81475  33.395  -16.131  6.451 0.0000000000
81476  32.470  -16.287  6.566 0.0000000000
81477  31.365  -16.376  6.303 0.0000000000
81478  30.828  -16.850  6.138 0.0000000000
81493  34.488  -15.929  5.383 0.0000000000
81494  34.100  -16.056  6.101 0.0000000000
81495  30.916  -15.907  6.021 0.0000000000
81496  30.495  -16.357  5.749 0.0000000000
81505  34.595  -16.161  4.614 0.0000000000
81525  34.528  -16.372  3.910 0.0000000000
81526  34.218  -16.506  3.237 0.0000000000
81543  33.646  -16.556  2.615 0.0000000000
81544  32.895  -16.564  2.033 0.0000000000
81545  32.141  -16.588  1.669 0.0000000000
82508  33.756  -15.160  6.266 0.0000000000
82509  32.872  -15.390  6.521 0.0000000000
82510  31.979  -15.498  6.453 0.0000000000
82527  34.558  -14.912  5.278 0.0000000000
82528  34.254  -15.301  5.775 0.0000000000
82529  31.238  -15.433  6.247 0.0000000000
82530  30.650  -15.393  5.926 0.0000000000
82537  34.682  -15.243  4.682 0.0000000000
82555  34.584  -15.467  4.001 0.0000000000
82556  34.264  -15.641  3.396 0.0000000000
82574  33.818  -15.705  2.801 0.0000000000
82575  33.143  -15.661  2.191 0.0000000000
82576  32.148  -15.590  1.618 0.0000000000
83648  33.688  -14.276  6.134 0.0000000000
83649  33.165  -14.587  6.400 0.0000000000
83650  32.393  -14.687  6.437 0.0000000000
83680  34.519  -14.189  5.181 0.0000000000
83681  34.178  -14.421  5.714 0.0000000000
83682  31.705  -14.798  6.346 0.0000000000
83683  31.092  -14.596  6.126 0.0000000000
83684  30.362  -14.556  5.744 0.0000000000
83714  34.671  -14.385  4.710 0.0000000000
83731  34.664  -14.573  4.063 0.0000000000
83732  34.394  -14.775  3.415 0.0000000000
83749  34.080  -15.015  2.904 0.0000000000
83750  33.542  -14.835  2.387 0.0000000000
83751  32.749  -14.699  1.774 0.0000000000
83752  31.843  -14.533  1.456 0.0000000000
84795  33.649  -13.942  6.128 0.0000000000
84796  33.370  -13.975  6.231 0.0000000000
84797  32.777  -14.082  6.369 0.0000000000
84810  34.424  -13.527  5.347 0.0000000000
84811  33.875  -13.560  6.037 0.0000000000
84812  33.042  -13.378  6.380 0.0000000000
84813  31.952  -13.777  6.325 0.0000000000
84814  30.916  -13.667  5.780 0.0000000000
84847  34.624  -13.704  4.822 0.0000000000
84867  34.671  -13.682  4.199 0.0000000000
84868  34.508  -13.865  3.463 0.0000000000
84884  34.061  -14.069  2.740 0.0000000000
84885  33.172  -13.826  2.113 0.0000000000
84886  32.282  -13.711  1.537 0.0000000000
85956  34.208  -13.260  3.044 0.0000000000
