#!ascii label  , from subject sub-CSI4 vox2ras=TkReg
1096
15711  17.263  -73.872  30.776 0.0000000000
15727  17.243  -73.745  30.020 0.0000000000
15742  16.855  -73.898  29.491 0.0000000000
16738  17.242  -73.014  31.903 0.0000000000
16739  16.958  -73.270  32.186 0.0000000000
16753  17.430  -73.149  31.480 0.0000000000
16772  17.649  -72.988  30.376 0.0000000000
16786  17.220  -73.230  29.479 0.0000000000
16787  16.445  -73.321  28.856 0.0000000000
16800  16.116  -72.705  28.538 0.0000000000
16801  15.527  -72.981  28.498 0.0000000000
17826  17.241  -72.559  31.965 0.0000000000
17827  16.493  -72.273  32.472 0.0000000000
17844  18.110  -71.788  31.109 0.0000000000
17845  17.848  -72.082  31.272 0.0000000000
17863  18.175  -71.762  30.869 0.0000000000
17864  18.041  -72.055  30.341 0.0000000000
17879  17.635  -72.305  29.366 0.0000000000
17880  17.074  -72.826  29.002 0.0000000000
17894  17.413  -71.656  28.804 0.0000000000
17895  16.728  -72.238  28.605 0.0000000000
17896  15.720  -72.218  28.285 0.0000000000
18976  17.167  -71.453  32.129 0.0000000000
18996  18.208  -71.449  31.117 0.0000000000
18997  17.932  -71.194  31.625 0.0000000000
19014  18.358  -71.275  30.439 0.0000000000
19015  18.143  -71.630  29.771 0.0000000000
19028  18.352  -71.030  29.712 0.0000000000
19029  17.939  -71.282  29.187 0.0000000000
19045  17.523  -71.062  28.767 0.0000000000
19046  16.933  -71.208  28.510 0.0000000000
19047  16.076  -71.367  28.189 0.0000000000
20109  16.541  -70.360  32.318 0.0000000000
20131  18.343  -70.396  31.178 0.0000000000
20132  17.549  -70.429  31.958 0.0000000000
20150  18.582  -70.381  30.087 0.0000000000
20166  18.244  -70.417  29.305 0.0000000000
20167  17.843  -70.684  28.896 0.0000000000
20184  17.909  -70.165  28.855 0.0000000000
20185  17.327  -70.395  28.605 0.0000000000
20186  16.432  -70.457  28.273 0.0000000000
21262  17.147  -69.553  32.342 0.0000000000
21263  16.150  -69.413  32.566 0.0000000000
21279  18.398  -69.237  31.319 0.0000000000
21280  17.905  -69.539  31.883 0.0000000000
21294  18.648  -69.411  30.500 0.0000000000
21312  18.505  -69.550  29.582 0.0000000000
21331  18.172  -69.705  29.039 0.0000000000
21332  17.691  -69.560  28.678 0.0000000000
21333  16.850  -69.576  28.373 0.0000000000
22293  16.700  -68.038  33.396 0.0000000000
22314  17.708  -68.250  32.492 0.0000000000
22315  17.103  -68.485  32.834 0.0000000000
22316  15.926  -68.793  33.054 0.0000000000
22335  18.099  -68.519  32.076 0.0000000000
22336  17.587  -69.031  32.298 0.0000000000
22355  18.781  -68.265  30.974 0.0000000000
22375  18.720  -68.529  29.860 0.0000000000
22398  18.237  -68.785  28.977 0.0000000000
22399  17.342  -68.700  28.504 0.0000000000
22400  16.355  -68.704  28.178 0.0000000000
23353  16.685  -67.246  34.253 0.0000000000
23355  15.473  -67.627  34.745 0.0000000000
23363  17.760  -67.269  33.312 0.0000000000
23364  17.073  -67.666  33.512 0.0000000000
23365  16.388  -67.755  33.811 0.0000000000
23379  17.907  -67.757  32.592 0.0000000000
23380  17.464  -67.790  33.048 0.0000000000
23394  18.954  -66.845  31.567 0.0000000000
23412  19.141  -66.620  31.276 0.0000000000
23413  19.090  -67.109  30.984 0.0000000000
23433  18.951  -67.468  30.149 0.0000000000
23450  18.503  -67.619  29.312 0.0000000000
23451  17.806  -67.766  28.675 0.0000000000
23452  16.838  -67.795  28.394 0.0000000000
23453  15.794  -67.843  28.309 0.0000000000
24402  16.100  -66.133  36.099 0.0000000000
24411  16.992  -66.279  35.426 0.0000000000
24412  16.393  -66.304  35.676 0.0000000000
24421  17.829  -66.394  34.535 0.0000000000
24422  17.264  -66.533  34.853 0.0000000000
24423  16.066  -66.884  34.884 0.0000000000
24425  14.441  -67.312  34.893 0.0000000000
24432  17.946  -66.557  33.942 0.0000000000
24433  17.350  -67.044  33.961 0.0000000000
24440  18.949  -66.234  32.423 0.0000000000
24441  18.579  -66.634  32.708 0.0000000000
24450  19.091  -66.320  31.862 0.0000000000
24451  18.807  -66.795  31.972 0.0000000000
24461  19.265  -66.203  30.747 0.0000000000
24462  19.146  -66.804  30.347 0.0000000000
24471  19.224  -65.731  30.072 0.0000000000
24472  18.880  -66.410  29.658 0.0000000000
24473  14.785  -66.555  28.993 0.0000000000
24474  14.037  -66.413  29.198 0.0000000000
24481  17.332  -66.927  28.493 0.0000000000
24482  16.291  -66.850  28.458 0.0000000000
24483  15.259  -67.070  28.600 0.0000000000
25393  18.899  -64.949  35.673 0.0000000000
25394  18.430  -65.119  35.994 0.0000000000
25395  17.283  -65.935  35.699 0.0000000000
25396  16.662  -66.012  35.954 0.0000000000
25401  19.026  -65.222  35.206 0.0000000000
25402  18.201  -66.027  34.805 0.0000000000
25403  17.621  -66.209  35.145 0.0000000000
25409  19.135  -65.468  34.051 0.0000000000
25417  19.138  -65.731  32.726 0.0000000000
25418  18.787  -66.145  32.974 0.0000000000
25426  19.311  -65.377  31.499 0.0000000000
25435  19.268  -65.174  30.502 0.0000000000
25437  12.625  -64.811  30.229 0.0000000000
25444  18.841  -65.132  29.703 0.0000000000
25445  17.942  -65.568  28.921 0.0000000000
25447  15.718  -65.501  29.127 0.0000000000
25448  14.738  -65.836  29.463 0.0000000000
25449  13.743  -65.703  29.775 0.0000000000
25458  15.488  -66.299  28.857 0.0000000000
26415  19.228  -64.514  35.862 0.0000000000
26416  18.697  -64.682  36.216 0.0000000000
26427  19.630  -64.653  34.585 0.0000000000
26436  19.674  -64.622  33.373 0.0000000000
26445  19.596  -64.498  32.181 0.0000000000
26452  19.435  -64.365  31.093 0.0000000000
26461  18.928  -64.251  30.130 0.0000000000
26462  18.462  -63.868  29.922 0.0000000000
26463  14.762  -64.255  30.322 0.0000000000
26465  13.084  -64.422  30.707 0.0000000000
26470  18.702  -64.573  29.760 0.0000000000
26471  18.244  -64.352  29.547 0.0000000000
26472  17.134  -64.514  29.263 0.0000000000
26473  16.076  -64.668  29.393 0.0000000000
26474  15.145  -64.887  29.672 0.0000000000
26475  14.270  -65.068  30.063 0.0000000000
27352  14.434  -63.345  43.795 0.0000000000
27353  14.125  -63.773  43.286 0.0000000000
27381  16.965  -63.063  40.166 0.0000000000
27382  16.476  -63.336  40.444 0.0000000000
27492  20.443  -63.115  35.253 0.0000000000
27493  19.915  -63.662  35.769 0.0000000000
27506  20.483  -63.281  34.467 0.0000000000
27507  20.133  -63.939  35.009 0.0000000000
27516  20.493  -63.017  33.693 0.0000000000
27517  20.220  -63.880  33.971 0.0000000000
27527  20.371  -62.795  33.180 0.0000000000
27528  20.169  -63.438  32.828 0.0000000000
27537  19.704  -63.471  31.698 0.0000000000
27538  15.220  -62.908  31.242 0.0000000000
27539  14.769  -63.021  31.274 0.0000000000
27545  19.215  -63.418  30.829 0.0000000000
27546  18.484  -63.318  30.304 0.0000000000
27547  17.639  -63.031  30.201 0.0000000000
27548  16.668  -63.083  30.335 0.0000000000
27556  18.069  -63.602  29.860 0.0000000000
27557  17.361  -63.650  29.708 0.0000000000
27558  16.340  -63.798  29.785 0.0000000000
27559  15.525  -64.131  29.931 0.0000000000
28427  10.331  -61.865  46.990 0.0000000000
28436  10.102  -61.865  46.287 0.0000000000
28454  14.778  -62.389  44.371 0.0000000000
28480  14.656  -62.439  43.364 0.0000000000
28492  15.164  -62.034  42.365 0.0000000000
28502  16.372  -62.526  41.265 0.0000000000
28513  17.256  -62.627  40.299 0.0000000000
28514  16.786  -62.658  40.728 0.0000000000
28527  18.186  -62.323  39.322 0.0000000000
28639  20.589  -62.276  34.448 0.0000000000
28649  20.403  -62.284  33.447 0.0000000000
28658  20.219  -62.398  32.826 0.0000000000
28659  19.881  -62.559  32.155 0.0000000000
28668  19.314  -62.560  31.440 0.0000000000
28669  18.523  -62.184  31.306 0.0000000000
28670  17.659  -62.056  31.394 0.0000000000
28671  16.644  -62.010  31.719 0.0000000000
28672  15.456  -62.402  31.532 0.0000000000
28681  18.791  -62.728  30.816 0.0000000000
28682  18.060  -62.526  30.706 0.0000000000
28683  17.124  -62.466  30.831 0.0000000000
28685  15.684  -62.769  31.147 0.0000000000
28695  15.265  -62.041  29.317 0.0000000000
28708  16.378  -62.208  27.996 0.0000000000
29561  14.272  -61.416  47.455 0.0000000000
29563  11.407  -60.832  47.617 0.0000000000
29564  10.880  -61.180  47.415 0.0000000000
29585  10.500  -61.177  46.436 0.0000000000
29596  14.721  -61.314  45.889 0.0000000000
29597  10.096  -61.357  45.453 0.0000000000
29598  9.665  -61.986  45.232 0.0000000000
29607  14.929  -61.427  44.945 0.0000000000
29608  9.980  -61.076  44.784 0.0000000000
29609  9.678  -61.602  44.773 0.0000000000
29632  15.245  -61.101  43.283 0.0000000000
29633  15.075  -61.386  43.712 0.0000000000
29634  9.304  -61.601  43.965 0.0000000000
29649  15.272  -61.291  42.842 0.0000000000
29660  17.405  -61.219  41.243 0.0000000000
29661  16.963  -61.494  41.427 0.0000000000
29662  15.928  -61.503  42.045 0.0000000000
29671  18.219  -61.140  40.394 0.0000000000
29672  17.731  -61.436  40.736 0.0000000000
29673  17.069  -62.182  40.937 0.0000000000
29687  19.181  -60.868  39.254 0.0000000000
29688  18.568  -61.265  39.773 0.0000000000
29689  17.933  -62.125  39.955 0.0000000000
29707  19.314  -61.394  38.620 0.0000000000
29708  18.633  -62.009  38.954 0.0000000000
29807  20.353  -61.326  33.559 0.0000000000
29814  20.217  -61.868  33.070 0.0000000000
29815  19.683  -61.499  32.581 0.0000000000
29816  18.704  -61.181  32.298 0.0000000000
29817  17.824  -61.067  32.285 0.0000000000
29826  19.492  -62.092  31.985 0.0000000000
29827  19.029  -61.786  31.828 0.0000000000
29828  18.193  -61.653  31.858 0.0000000000
29829  17.435  -61.621  31.947 0.0000000000
29856  17.159  -60.708  29.204 0.0000000000
29857  16.884  -60.886  29.318 0.0000000000
29858  15.990  -61.183  29.439 0.0000000000
29859  14.876  -61.035  29.690 0.0000000000
29860  13.950  -60.837  29.494 0.0000000000
29874  17.299  -60.815  28.891 0.0000000000
29875  16.776  -61.445  28.610 0.0000000000
29876  16.063  -62.031  28.831 0.0000000000
29877  13.231  -60.870  29.056 0.0000000000
29879  11.855  -60.800  27.898 0.0000000000
29892  17.487  -60.850  27.975 0.0000000000
29893  16.826  -61.525  27.533 0.0000000000
29906  17.227  -60.952  27.115 0.0000000000
29907  16.532  -61.387  26.526 0.0000000000
29921  16.077  -61.021  25.737 0.0000000000
30733  14.095  -60.894  47.298 0.0000000000
30734  13.586  -60.668  47.647 0.0000000000
30735  12.704  -60.254  47.622 0.0000000000
30736  11.909  -60.520  47.546 0.0000000000
30737  11.379  -60.658  47.209 0.0000000000
30762  14.284  -60.735  46.700 0.0000000000
30763  13.708  -60.088  46.827 0.0000000000
30765  11.761  -60.238  46.786 0.0000000000
30766  11.066  -60.580  46.652 0.0000000000
30783  14.603  -60.482  45.486 0.0000000000
30784  11.424  -60.100  46.196 0.0000000000
30785  10.788  -60.335  45.757 0.0000000000
30795  14.916  -60.610  44.454 0.0000000000
30796  10.303  -60.279  44.600 0.0000000000
30797  9.735  -60.985  44.353 0.0000000000
30818  15.293  -60.597  43.294 0.0000000000
30820  10.146  -59.984  43.803 0.0000000000
30843  16.148  -60.231  42.347 0.0000000000
30844  15.696  -60.693  42.572 0.0000000000
30861  18.008  -60.227  41.225 0.0000000000
30862  17.395  -60.674  41.439 0.0000000000
30863  16.554  -60.733  41.938 0.0000000000
30864  16.076  -60.786  42.229 0.0000000000
30880  18.271  -60.675  40.631 0.0000000000
30881  17.885  -60.767  41.039 0.0000000000
30905  19.121  -60.396  39.574 0.0000000000
30927  19.530  -60.318  38.958 0.0000000000
30943  20.119  -60.348  37.969 0.0000000000
31040  16.489  -60.327  32.247 0.0000000000
31083  17.224  -60.306  29.302 0.0000000000
31084  16.372  -60.208  29.607 0.0000000000
31085  15.372  -60.117  29.770 0.0000000000
31086  14.368  -59.947  29.561 0.0000000000
31087  13.495  -59.866  29.124 0.0000000000
31100  18.185  -59.869  28.402 0.0000000000
31101  17.785  -60.216  28.650 0.0000000000
31102  12.747  -59.861  28.498 0.0000000000
31103  11.991  -59.893  27.777 0.0000000000
31104  11.674  -60.425  27.580 0.0000000000
31119  18.397  -59.714  28.121 0.0000000000
31120  18.071  -60.039  27.891 0.0000000000
31121  11.708  -59.578  27.438 0.0000000000
31135  17.651  -60.266  27.263 0.0000000000
31136  17.189  -60.374  26.566 0.0000000000
31150  16.572  -60.387  25.902 0.0000000000
31151  15.960  -60.323  25.257 0.0000000000
31170  15.390  -60.291  24.554 0.0000000000
31172  9.080  -59.793  24.807 0.0000000000
31927  13.101  -59.836  47.162 0.0000000000
31949  14.088  -59.873  46.113 0.0000000000
31950  13.334  -59.533  46.393 0.0000000000
31952  11.805  -59.841  46.289 0.0000000000
31977  14.305  -59.710  45.411 0.0000000000
31978  13.687  -59.236  45.516 0.0000000000
31979  12.799  -59.109  45.834 0.0000000000
31980  11.695  -59.408  45.556 0.0000000000
31981  10.874  -59.731  45.207 0.0000000000
32000  14.590  -59.875  44.797 0.0000000000
32001  14.216  -59.350  45.018 0.0000000000
32002  11.577  -59.076  44.943 0.0000000000
32003  11.108  -59.245  44.689 0.0000000000
32016  15.212  -59.926  43.353 0.0000000000
32018  10.526  -59.358  43.771 0.0000000000
32040  16.134  -59.689  42.381 0.0000000000
32041  15.606  -59.785  42.831 0.0000000000
32062  18.032  -59.700  41.290 0.0000000000
32063  17.574  -59.719  41.493 0.0000000000
32064  16.740  -59.712  41.975 0.0000000000
32085  18.394  -59.688  40.906 0.0000000000
32107  19.316  -59.341  39.607 0.0000000000
32109  13.276  -59.491  38.633 0.0000000000
32110  12.543  -59.889  38.749 0.0000000000
32123  20.279  -58.837  38.251 0.0000000000
32124  19.897  -59.488  38.645 0.0000000000
32125  14.947  -59.113  37.421 0.0000000000
32142  20.243  -59.515  38.067 0.0000000000
32145  13.379  -59.324  36.663 0.0000000000
32161  21.284  -59.075  35.987 0.0000000000
32162  21.040  -59.236  36.674 0.0000000000
32163  14.803  -58.983  36.610 0.0000000000
32164  14.309  -59.492  36.701 0.0000000000
32184  21.065  -59.054  35.070 0.0000000000
32185  20.941  -58.882  34.576 0.0000000000
32248  19.231  -59.199  32.836 0.0000000000
32251  16.902  -59.374  32.344 0.0000000000
32252  15.910  -59.375  32.125 0.0000000000
32288  12.637  -59.501  30.625 0.0000000000
32302  18.330  -59.277  29.170 0.0000000000
32303  17.909  -59.561  29.287 0.0000000000
32304  16.861  -59.408  29.748 0.0000000000
32305  15.799  -59.215  29.873 0.0000000000
32306  14.800  -59.047  29.534 0.0000000000
32307  13.839  -58.945  29.204 0.0000000000
32308  12.369  -59.066  29.866 0.0000000000
32319  18.455  -59.435  28.682 0.0000000000
32320  18.110  -59.807  28.763 0.0000000000
32321  13.049  -58.891  28.638 0.0000000000
32322  12.418  -58.796  27.882 0.0000000000
32335  18.567  -59.237  27.588 0.0000000000
32336  18.009  -59.754  27.377 0.0000000000
32338  10.921  -59.287  27.006 0.0000000000
32354  18.284  -58.846  26.820 0.0000000000
32355  17.775  -59.447  26.751 0.0000000000
32356  17.054  -59.544  26.095 0.0000000000
32357  10.527  -59.721  26.469 0.0000000000
32358  10.028  -59.676  26.082 0.0000000000
32379  16.451  -59.479  25.450 0.0000000000
32380  15.836  -59.439  24.787 0.0000000000
32381  9.637  -59.797  25.440 0.0000000000
32382  9.246  -59.697  25.270 0.0000000000
32400  15.198  -59.417  24.209 0.0000000000
32402  8.954  -59.649  24.832 0.0000000000
33156  13.591  -58.925  45.201 0.0000000000
33157  13.253  -58.779  45.273 0.0000000000
33158  12.517  -58.774  45.237 0.0000000000
33181  14.449  -59.323  44.483 0.0000000000
33182  13.845  -58.825  44.798 0.0000000000
33183  13.016  -58.382  44.721 0.0000000000
33184  11.939  -58.578  44.585 0.0000000000
33185  11.188  -58.628  43.937 0.0000000000
33205  15.102  -59.426  43.391 0.0000000000
33206  14.564  -58.835  43.832 0.0000000000
33228  16.047  -59.045  42.344 0.0000000000
33229  15.275  -58.736  43.020 0.0000000000
33230  14.759  -58.332  43.316 0.0000000000
33248  17.944  -59.172  41.310 0.0000000000
33249  17.252  -58.853  41.600 0.0000000000
33250  16.604  -58.793  41.928 0.0000000000
33251  12.130  -58.153  40.437 0.0000000000
33267  18.337  -58.662  40.884 0.0000000000
33268  17.771  -58.507  41.305 0.0000000000
33269  12.380  -58.573  39.784 0.0000000000
33286  19.349  -58.122  39.711 0.0000000000
33287  18.890  -58.479  40.257 0.0000000000
33288  14.303  -58.376  38.780 0.0000000000
33289  13.494  -58.745  38.963 0.0000000000
33290  12.794  -59.054  39.176 0.0000000000
33291  12.177  -59.235  39.512 0.0000000000
33306  20.280  -57.878  38.577 0.0000000000
33307  19.844  -58.530  39.027 0.0000000000
33308  15.319  -58.383  37.656 0.0000000000
33309  14.835  -58.917  38.163 0.0000000000
33310  14.074  -59.292  38.510 0.0000000000
33329  20.727  -58.184  37.793 0.0000000000
33331  14.676  -58.379  36.744 0.0000000000
33332  14.051  -58.565  36.790 0.0000000000
33347  21.416  -58.078  36.055 0.0000000000
33348  21.117  -58.389  36.844 0.0000000000
33350  14.700  -58.730  36.613 0.0000000000
33363  21.307  -58.226  35.243 0.0000000000
33364  21.080  -58.562  34.686 0.0000000000
33384  21.163  -58.052  34.545 0.0000000000
33385  20.831  -58.512  34.073 0.0000000000
33403  20.139  -58.568  33.379 0.0000000000
33404  19.483  -58.599  32.911 0.0000000000
33421  18.954  -58.738  32.670 0.0000000000
33422  18.312  -58.565  32.537 0.0000000000
33423  17.399  -58.422  32.448 0.0000000000
33424  16.427  -58.337  32.309 0.0000000000
33425  15.510  -58.244  32.141 0.0000000000
33426  14.736  -58.204  32.050 0.0000000000
33427  14.110  -58.353  31.905 0.0000000000
33428  7.204  -58.113  33.340 0.0000000000
33442  13.499  -58.421  31.400 0.0000000000
33444  6.227  -58.316  31.814 0.0000000000
33445  5.713  -58.524  31.024 0.0000000000
33457  17.984  -58.118  30.232 0.0000000000
33458  17.100  -57.872  30.329 0.0000000000
33459  16.529  -57.660  30.343 0.0000000000
33472  19.326  -58.371  29.161 0.0000000000
33473  18.554  -58.724  29.489 0.0000000000
33474  17.478  -58.731  29.977 0.0000000000
33475  16.291  -58.271  30.151 0.0000000000
33476  15.150  -58.238  29.807 0.0000000000
33477  14.123  -58.211  29.458 0.0000000000
33478  13.328  -58.155  28.830 0.0000000000
33479  12.314  -58.315  29.393 0.0000000000
33480  11.739  -58.235  28.604 0.0000000000
33491  19.545  -58.057  28.508 0.0000000000
33492  19.082  -58.784  28.531 0.0000000000
33493  12.645  -58.171  28.299 0.0000000000
33494  12.282  -58.053  27.856 0.0000000000
33508  19.553  -57.774  28.066 0.0000000000
33509  19.250  -58.184  27.754 0.0000000000
33512  10.923  -58.698  27.534 0.0000000000
33529  18.637  -58.130  26.950 0.0000000000
33530  17.776  -58.336  26.322 0.0000000000
33531  17.409  -58.983  26.195 0.0000000000
33550  17.337  -57.928  25.824 0.0000000000
33551  16.992  -58.543  25.680 0.0000000000
33552  16.293  -58.573  25.041 0.0000000000
33564  15.615  -58.464  24.355 0.0000000000
33565  15.003  -58.759  23.888 0.0000000000
33569  15.173  -58.116  23.761 0.0000000000
33572  13.810  -58.434  22.666 0.0000000000
33573  13.205  -58.519  22.166 0.0000000000
33636  6.255  -58.788  16.661 0.0000000000
33637  5.481  -58.703  16.585 0.0000000000
33638  4.507  -58.993  16.466 0.0000000000
33639  3.540  -58.992  16.461 0.0000000000
34293  14.333  -58.127  43.510 0.0000000000
34294  13.725  -57.707  43.354 0.0000000000
34295  12.890  -57.451  43.059 0.0000000000
34296  12.411  -57.517  42.706 0.0000000000
34309  16.313  -58.469  42.100 0.0000000000
34310  15.851  -58.157  42.391 0.0000000000
34311  14.804  -57.719  42.826 0.0000000000
34312  13.774  -57.207  42.508 0.0000000000
34313  12.847  -57.210  42.211 0.0000000000
34314  12.059  -57.542  42.211 0.0000000000
34326  17.399  -58.228  41.455 0.0000000000
34327  16.725  -57.918  41.710 0.0000000000
34328  15.716  -57.289  41.981 0.0000000000
34329  14.733  -56.855  41.914 0.0000000000
34330  13.691  -56.735  41.419 0.0000000000
34331  12.511  -57.460  41.142 0.0000000000
34341  18.428  -57.958  40.577 0.0000000000
34342  17.760  -57.766  41.081 0.0000000000
34343  17.072  -57.125  41.146 0.0000000000
34345  13.727  -57.006  40.209 0.0000000000
34346  12.785  -57.806  39.991 0.0000000000
34355  19.126  -57.385  39.676 0.0000000000
34356  18.800  -57.654  40.116 0.0000000000
34357  16.087  -56.981  38.421 0.0000000000
34358  15.588  -57.250  38.853 0.0000000000
34359  14.576  -57.358  39.337 0.0000000000
34360  13.617  -57.911  39.422 0.0000000000
34361  12.991  -58.406  39.459 0.0000000000
34371  20.104  -57.016  38.722 0.0000000000
34372  19.657  -57.457  39.206 0.0000000000
34373  15.958  -56.996  37.808 0.0000000000
34374  15.661  -57.573  37.994 0.0000000000
34375  15.124  -58.003  38.429 0.0000000000
34390  20.589  -57.186  38.124 0.0000000000
34391  15.737  -56.928  37.578 0.0000000000
34392  15.314  -57.730  37.200 0.0000000000
34409  21.345  -57.337  36.513 0.0000000000
34410  21.000  -57.320  37.337 0.0000000000
34412  14.964  -58.231  36.713 0.0000000000
34425  21.441  -57.250  35.621 0.0000000000
34441  21.316  -57.385  34.783 0.0000000000
34442  20.989  -57.492  34.098 0.0000000000
34458  19.735  -57.764  32.958 0.0000000000
34459  7.838  -56.934  33.670 0.0000000000
34460  7.591  -57.465  33.672 0.0000000000
34474  18.965  -57.851  32.632 0.0000000000
34475  18.003  -57.516  32.489 0.0000000000
34476  16.967  -57.355  32.428 0.0000000000
34477  15.966  -57.305  32.264 0.0000000000
34478  15.090  -57.382  32.242 0.0000000000
34479  14.529  -57.552  31.963 0.0000000000
34480  14.013  -57.822  31.756 0.0000000000
34496  14.305  -57.416  31.691 0.0000000000
34498  6.349  -57.380  31.665 0.0000000000
34499  5.970  -57.768  31.283 0.0000000000
34511  20.295  -56.677  30.094 0.0000000000
34512  19.870  -57.010  30.223 0.0000000000
34513  18.892  -57.592  30.311 0.0000000000
34514  17.678  -57.307  30.630 0.0000000000
34515  16.645  -57.073  30.544 0.0000000000
34516  15.788  -56.854  30.534 0.0000000000
34517  14.918  -56.952  30.518 0.0000000000
34518  13.874  -57.373  30.512 0.0000000000
34520  6.057  -57.113  31.160 0.0000000000
34521  5.655  -57.552  30.610 0.0000000000
34531  20.313  -56.849  29.601 0.0000000000
34532  19.769  -57.634  29.372 0.0000000000
34533  19.186  -58.152  29.648 0.0000000000
34534  16.122  -57.456  30.355 0.0000000000
34535  15.435  -57.518  30.223 0.0000000000
34536  14.465  -57.599  29.969 0.0000000000
34537  13.376  -57.777  29.379 0.0000000000
34549  20.262  -56.954  28.886 0.0000000000
34550  19.856  -57.332  28.310 0.0000000000
34551  12.766  -57.914  28.635 0.0000000000
34552  12.243  -57.834  28.131 0.0000000000
34553  11.858  -57.832  27.872 0.0000000000
34566  19.493  -57.497  27.794 0.0000000000
34567  19.085  -57.418  27.365 0.0000000000
34568  12.090  -57.871  27.788 0.0000000000
34569  11.925  -57.991  27.694 0.0000000000
34587  18.659  -57.240  26.920 0.0000000000
34588  18.203  -57.369  26.450 0.0000000000
34604  17.612  -57.386  25.930 0.0000000000
34605  16.976  -57.431  25.419 0.0000000000
34606  16.596  -58.002  25.256 0.0000000000
34617  16.627  -56.934  25.120 0.0000000000
34618  16.258  -57.474  24.789 0.0000000000
34623  15.511  -57.417  24.091 0.0000000000
34624  14.876  -57.423  23.508 0.0000000000
34626  14.183  -57.503  22.899 0.0000000000
34627  13.340  -57.552  22.203 0.0000000000
34628  12.998  -57.974  21.952 0.0000000000
34636  12.972  -57.105  21.780 0.0000000000
34637  12.662  -57.594  21.472 0.0000000000
34661  12.148  -57.461  20.482 0.0000000000
34662  11.739  -57.098  20.099 0.0000000000
34722  6.174  -58.117  16.416 0.0000000000
35424  16.371  -57.022  41.386 0.0000000000
35425  15.612  -56.729  41.237 0.0000000000
35426  14.702  -56.553  41.005 0.0000000000
35427  14.110  -56.601  40.643 0.0000000000
35436  18.227  -57.402  40.414 0.0000000000
35437  17.614  -56.982  40.478 0.0000000000
35438  16.578  -56.741  40.558 0.0000000000
35439  15.508  -56.635  40.372 0.0000000000
35440  14.531  -56.665  40.225 0.0000000000
35441  14.096  -56.706  40.355 0.0000000000
35450  19.180  -57.000  39.423 0.0000000000
35451  18.513  -56.852  39.760 0.0000000000
35452  17.448  -56.549  39.653 0.0000000000
35453  16.324  -56.634  39.335 0.0000000000
35454  15.204  -56.788  39.623 0.0000000000
35463  20.223  -56.294  38.330 0.0000000000
35464  19.353  -56.414  38.959 0.0000000000
35465  18.226  -56.035  39.043 0.0000000000
35466  17.264  -56.053  38.783 0.0000000000
35467  16.471  -56.344  38.277 0.0000000000
35476  20.694  -56.468  37.682 0.0000000000
35477  16.061  -56.386  37.768 0.0000000000
35481  12.712  -56.772  38.070 0.0000000000
35482  11.633  -56.366  38.157 0.0000000000
35491  21.428  -56.627  36.157 0.0000000000
35492  21.146  -56.296  36.911 0.0000000000
35500  21.478  -56.434  35.620 0.0000000000
35501  9.219  -55.855  36.005 0.0000000000
35502  8.727  -56.326  35.397 0.0000000000
35509  21.454  -56.583  35.019 0.0000000000
35510  21.169  -56.635  34.326 0.0000000000
35519  20.663  -56.676  33.621 0.0000000000
35520  19.889  -56.692  32.855 0.0000000000
35521  19.358  -56.155  32.700 0.0000000000
35522  8.060  -56.476  33.723 0.0000000000
35523  7.530  -56.694  33.201 0.0000000000
35532  19.375  -57.220  32.682 0.0000000000
35533  18.833  -56.611  32.537 0.0000000000
35534  17.630  -56.462  32.407 0.0000000000
35535  16.526  -56.359  32.346 0.0000000000
35536  15.441  -56.453  32.187 0.0000000000
35537  14.867  -56.995  32.156 0.0000000000
35539  6.636  -57.023  31.935 0.0000000000
35552  18.449  -55.904  31.405 0.0000000000
35553  17.524  -55.885  31.418 0.0000000000
35554  16.689  -55.854  31.351 0.0000000000
35555  16.265  -55.824  31.293 0.0000000000
35559  6.968  -56.236  31.774 0.0000000000
35560  6.594  -56.557  31.464 0.0000000000
35572  20.171  -56.375  30.503 0.0000000000
35573  19.306  -56.389  30.870 0.0000000000
35574  18.181  -56.572  30.984 0.0000000000
35575  17.146  -56.424  30.952 0.0000000000
35576  16.222  -56.186  30.945 0.0000000000
35577  15.459  -56.345  31.052 0.0000000000
35578  14.696  -56.745  31.158 0.0000000000
35580  6.090  -56.495  30.525 0.0000000000
35581  5.616  -56.975  30.183 0.0000000000
35589  20.533  -56.257  29.904 0.0000000000
35600  20.571  -56.209  29.067 0.0000000000
35601  20.138  -56.442  28.317 0.0000000000
35620  19.512  -56.710  27.680 0.0000000000
35621  18.835  -56.665  27.221 0.0000000000
35638  18.405  -56.595  26.757 0.0000000000
35639  17.798  -56.487  26.236 0.0000000000
35640  17.262  -56.138  25.888 0.0000000000
35660  17.364  -56.751  25.683 0.0000000000
35661  16.837  -56.403  25.454 0.0000000000
35672  16.380  -56.423  24.942 0.0000000000
35673  15.894  -56.507  24.370 0.0000000000
35678  15.293  -56.520  23.753 0.0000000000
35679  14.601  -56.548  23.192 0.0000000000
35682  13.928  -56.581  22.553 0.0000000000
35683  13.303  -56.531  21.939 0.0000000000
35694  12.712  -56.619  21.474 0.0000000000
35695  12.249  -56.815  20.912 0.0000000000
35730  11.926  -56.833  20.535 0.0000000000
35731  11.587  -56.682  20.239 0.0000000000
35754  10.748  -56.170  19.893 0.0000000000
35802  6.958  -57.136  15.611 0.0000000000
35803  6.687  -57.339  15.616 0.0000000000
36536  19.731  -55.642  38.371 0.0000000000
36537  18.909  -55.235  38.535 0.0000000000
36538  17.830  -55.307  38.546 0.0000000000
36539  16.876  -55.420  38.113 0.0000000000
36540  16.399  -55.929  37.926 0.0000000000
36545  20.322  -55.296  37.605 0.0000000000
36546  19.593  -55.126  38.151 0.0000000000
36547  16.470  -54.999  37.852 0.0000000000
36551  13.148  -55.650  38.004 0.0000000000
36552  11.993  -55.584  38.030 0.0000000000
36553  11.178  -55.747  37.777 0.0000000000
36554  10.472  -55.549  37.375 0.0000000000
36555  9.874  -55.645  36.997 0.0000000000
36560  21.417  -55.805  36.043 0.0000000000
36561  21.048  -55.301  36.682 0.0000000000
36562  10.155  -55.133  36.786 0.0000000000
36563  9.678  -55.443  36.412 0.0000000000
36568  21.497  -55.890  35.269 0.0000000000
36569  9.969  -54.906  36.222 0.0000000000
36570  9.469  -55.110  35.708 0.0000000000
36571  9.024  -55.584  35.382 0.0000000000
36578  21.358  -55.864  34.649 0.0000000000
36579  20.911  -55.769  33.947 0.0000000000
36580  9.040  -55.063  35.131 0.0000000000
36587  20.339  -55.816  33.229 0.0000000000
36588  19.759  -55.726  32.732 0.0000000000
36589  19.122  -55.850  32.541 0.0000000000
36590  8.270  -55.704  33.867 0.0000000000
36591  7.840  -55.902  33.254 0.0000000000
36598  19.485  -55.486  32.331 0.0000000000
36599  18.447  -55.730  32.242 0.0000000000
36600  17.232  -55.749  32.167 0.0000000000
36601  16.266  -55.759  32.119 0.0000000000
36603  7.510  -55.988  32.654 0.0000000000
36613  20.502  -55.010  31.095 0.0000000000
36614  19.534  -55.502  31.597 0.0000000000
36615  17.945  -55.577  31.818 0.0000000000
36616  16.930  -55.536  31.818 0.0000000000
36617  16.187  -55.689  31.650 0.0000000000
36618  15.716  -55.922  31.478 0.0000000000
36619  7.247  -55.784  31.917 0.0000000000
36632  20.574  -55.548  30.520 0.0000000000
36633  19.994  -56.050  31.025 0.0000000000
36634  16.025  -55.830  31.277 0.0000000000
36635  15.847  -56.013  31.176 0.0000000000
36636  7.128  -55.405  31.290 0.0000000000
36647  20.733  -55.671  29.583 0.0000000000
36661  20.747  -55.447  29.021 0.0000000000
36662  20.298  -55.588  28.521 0.0000000000
36682  19.679  -55.763  27.967 0.0000000000
36683  18.899  -55.810  27.434 0.0000000000
36684  18.527  -55.295  27.248 0.0000000000
36695  18.551  -56.191  27.095 0.0000000000
36696  18.201  -55.669  26.854 0.0000000000
36697  17.461  -55.550  26.297 0.0000000000
36714  16.907  -55.533  25.828 0.0000000000
36723  16.488  -55.615  25.298 0.0000000000
36724  16.148  -55.622  24.689 0.0000000000
36730  15.676  -55.601  24.059 0.0000000000
36731  15.081  -55.624  23.426 0.0000000000
36737  14.414  -55.649  22.841 0.0000000000
36738  13.752  -55.635  22.237 0.0000000000
36752  12.957  -55.539  21.630 0.0000000000
36753  12.301  -55.933  21.048 0.0000000000
36790  11.758  -56.195  20.613 0.0000000000
36791  11.008  -55.957  20.364 0.0000000000
36794  8.082  -55.553  20.144 0.0000000000
36813  7.449  -54.559  19.454 0.0000000000
37641  18.788  -54.585  38.344 0.0000000000
37642  18.221  -54.598  38.389 0.0000000000
37643  17.498  -54.644  38.233 0.0000000000
37648  20.186  -54.037  37.475 0.0000000000
37649  19.367  -54.370  38.042 0.0000000000
37650  18.616  -54.212  38.238 0.0000000000
37651  16.842  -54.538  37.882 0.0000000000
37656  12.352  -54.516  37.510 0.0000000000
37657  11.148  -54.895  37.432 0.0000000000
37658  10.520  -54.942  37.106 0.0000000000
37663  21.256  -54.955  36.088 0.0000000000
37664  20.737  -54.221  36.604 0.0000000000
37665  12.052  -53.854  37.013 0.0000000000
37666  11.470  -54.095  36.878 0.0000000000
37667  10.543  -54.409  36.557 0.0000000000
37671  21.399  -55.207  35.414 0.0000000000
37672  21.208  -54.343  35.577 0.0000000000
37673  9.904  -54.370  35.773 0.0000000000
37674  9.278  -54.417  35.199 0.0000000000
37679  21.437  -55.450  34.954 0.0000000000
37680  21.259  -54.834  34.559 0.0000000000
37682  8.434  -54.879  34.067 0.0000000000
37688  20.530  -54.784  33.383 0.0000000000
37689  20.112  -55.305  33.020 0.0000000000
37690  7.899  -54.936  33.202 0.0000000000
37691  7.678  -55.526  32.897 0.0000000000
37697  20.490  -54.374  32.444 0.0000000000
37698  20.014  -55.052  32.696 0.0000000000
37699  7.780  -54.447  32.201 0.0000000000
37700  7.548  -55.259  32.431 0.0000000000
37707  20.647  -54.502  31.524 0.0000000000
37708  20.046  -54.972  32.146 0.0000000000
37709  7.804  -54.221  31.302 0.0000000000
37710  7.433  -54.949  31.630 0.0000000000
37724  20.987  -54.568  30.514 0.0000000000
37725  7.775  -54.036  30.792 0.0000000000
37726  7.240  -54.677  30.643 0.0000000000
37742  21.012  -54.891  29.534 0.0000000000
37758  20.566  -54.811  28.739 0.0000000000
37759  19.763  -54.829  28.259 0.0000000000
37760  19.125  -54.605  27.887 0.0000000000
37780  19.250  -55.192  27.807 0.0000000000
37781  18.771  -54.973  27.534 0.0000000000
37782  18.268  -54.757  27.196 0.0000000000
37793  17.675  -54.738  26.729 0.0000000000
37794  17.045  -54.753  26.257 0.0000000000
37811  16.537  -54.724  25.661 0.0000000000
37812  16.125  -54.412  25.249 0.0000000000
37821  16.288  -54.983  25.065 0.0000000000
37822  15.848  -54.688  24.617 0.0000000000
37823  9.852  -54.177  24.304 0.0000000000
37824  9.622  -54.242  24.203 0.0000000000
37831  15.380  -54.722  23.824 0.0000000000
37832  14.794  -54.728  23.193 0.0000000000
37833  9.846  -54.217  24.073 0.0000000000
37834  9.493  -54.307  23.659 0.0000000000
37845  14.164  -54.736  22.616 0.0000000000
37846  13.509  -54.685  22.094 0.0000000000
37848  9.353  -54.339  22.692 0.0000000000
37867  12.882  -54.494  21.685 0.0000000000
37868  12.106  -54.756  21.093 0.0000000000
37869  10.929  -54.264  20.944 0.0000000000
37871  8.785  -54.711  21.674 0.0000000000
37901  11.898  -55.555  20.798 0.0000000000
37902  11.362  -55.282  20.626 0.0000000000
37903  10.448  -54.962  20.484 0.0000000000
37904  9.378  -54.994  20.684 0.0000000000
37906  7.322  -54.463  20.104 0.0000000000
37919  6.736  -53.999  18.882 0.0000000000
37948  6.797  -54.072  18.827 0.0000000000
38827  18.125  -54.066  38.216 0.0000000000
38828  17.818  -54.267  38.249 0.0000000000
38835  20.211  -53.488  36.980 0.0000000000
38836  19.511  -53.277  37.307 0.0000000000
38837  18.529  -53.580  37.896 0.0000000000
38838  17.474  -53.816  37.997 0.0000000000
38839  16.518  -53.784  37.670 0.0000000000
38841  14.597  -53.905  37.320 0.0000000000
38850  20.349  -53.079  36.413 0.0000000000
38851  19.941  -53.075  36.808 0.0000000000
38852  15.413  -52.995  36.920 0.0000000000
38853  14.815  -53.166  36.879 0.0000000000
38854  13.871  -53.291  36.906 0.0000000000
38855  12.730  -53.528  36.936 0.0000000000
38856  11.744  -53.373  36.609 0.0000000000
38857  10.964  -53.432  36.363 0.0000000000
38865  21.014  -52.966  35.385 0.0000000000
38866  20.887  -53.424  35.796 0.0000000000
38867  10.330  -53.596  35.816 0.0000000000
38868  9.676  -53.662  35.301 0.0000000000
38874  21.169  -52.971  35.138 0.0000000000
38875  21.245  -53.484  34.942 0.0000000000
38882  21.308  -53.112  33.352 0.0000000000
38883  21.174  -53.827  33.870 0.0000000000
38884  8.825  -53.250  33.316 0.0000000000
38885  8.411  -54.123  33.711 0.0000000000
38889  21.360  -53.048  32.597 0.0000000000
38890  20.945  -53.741  32.933 0.0000000000
38891  8.931  -53.197  32.224 0.0000000000
38892  8.270  -53.891  32.748 0.0000000000
38900  21.383  -52.908  32.124 0.0000000000
38901  21.223  -53.452  31.901 0.0000000000
38902  8.994  -53.231  31.297 0.0000000000
38903  8.343  -53.741  31.754 0.0000000000
38916  21.298  -53.602  30.754 0.0000000000
38917  8.907  -53.123  30.815 0.0000000000
38918  8.350  -53.559  30.854 0.0000000000
38919  7.711  -53.753  30.400 0.0000000000
38936  21.175  -53.855  29.737 0.0000000000
38937  7.061  -54.020  29.975 0.0000000000
38938  6.513  -54.086  29.541 0.0000000000
38957  20.872  -54.153  29.017 0.0000000000
38958  20.236  -53.974  28.538 0.0000000000
38959  19.268  -53.835  28.169 0.0000000000
38960  18.482  -53.407  27.856 0.0000000000
38961  6.108  -53.879  29.039 0.0000000000
38962  5.695  -53.798  28.397 0.0000000000
38976  18.591  -54.223  27.677 0.0000000000
38977  17.737  -53.769  27.361 0.0000000000
38978  16.886  -53.415  27.027 0.0000000000
38979  16.256  -53.170  26.796 0.0000000000
38981  4.710  -53.785  26.963 0.0000000000
38988  17.174  -54.104  26.732 0.0000000000
38989  16.551  -53.918  26.336 0.0000000000
38990  15.743  -53.405  26.234 0.0000000000
38991  15.157  -53.209  25.778 0.0000000000
38992  4.445  -53.943  25.935 0.0000000000
39007  16.156  -54.012  25.729 0.0000000000
39008  15.639  -53.803  25.274 0.0000000000
39009  14.872  -53.256  25.044 0.0000000000
39010  11.471  -52.991  25.194 0.0000000000
39011  11.222  -53.128  25.148 0.0000000000
39012  10.590  -53.444  25.103 0.0000000000
39024  15.312  -53.904  24.381 0.0000000000
39025  14.644  -53.324  24.095 0.0000000000
39026  11.502  -53.055  24.957 0.0000000000
39027  11.056  -53.240  24.601 0.0000000000
39028  10.151  -53.927  24.411 0.0000000000
39036  14.994  -54.014  23.661 0.0000000000
39037  14.309  -53.742  23.175 0.0000000000
39038  13.604  -53.464  22.865 0.0000000000
39039  13.008  -53.102  22.759 0.0000000000
39040  10.835  -53.339  23.840 0.0000000000
39041  10.123  -53.913  23.525 0.0000000000
39042  9.678  -54.151  23.104 0.0000000000
39053  13.821  -54.031  22.525 0.0000000000
39054  13.184  -53.714  22.158 0.0000000000
39055  12.229  -53.101  22.425 0.0000000000
39056  10.966  -53.179  22.733 0.0000000000
39061  3.285  -53.675  21.901 0.0000000000
39077  12.472  -53.807  21.627 0.0000000000
39078  11.526  -53.523  21.528 0.0000000000
39079  10.457  -53.741  21.817 0.0000000000
39126  6.988  -53.716  19.403 0.0000000000
39127  6.715  -53.753  18.944 0.0000000000
39152  6.782  -53.827  18.725 0.0000000000
40095  19.242  -52.647  37.067 0.0000000000
40096  18.720  -52.749  37.373 0.0000000000
40097  17.810  -52.877  37.621 0.0000000000
40098  16.846  -53.041  37.598 0.0000000000
40099  16.248  -53.244  37.436 0.0000000000
40107  20.177  -52.581  36.216 0.0000000000
40108  19.705  -52.493  36.543 0.0000000000
40109  18.999  -52.179  36.941 0.0000000000
40110  18.161  -52.184  37.090 0.0000000000
40111  17.190  -52.323  37.102 0.0000000000
40113  15.163  -52.529  36.582 0.0000000000
40114  14.255  -52.540  36.505 0.0000000000
40115  13.233  -52.562  36.467 0.0000000000
40116  11.978  -52.392  36.278 0.0000000000
40117  11.322  -52.894  36.254 0.0000000000
40125  20.880  -52.697  35.338 0.0000000000
40126  20.514  -52.511  35.724 0.0000000000
40127  20.071  -52.343  36.104 0.0000000000
40128  11.506  -51.902  35.694 0.0000000000
40129  10.756  -52.503  35.550 0.0000000000
40130  10.087  -53.141  35.425 0.0000000000
40140  21.035  -52.775  35.175 0.0000000000
40141  21.012  -52.594  34.978 0.0000000000
40142  10.149  -52.135  34.357 0.0000000000
40143  9.741  -52.887  34.909 0.0000000000
40155  21.329  -52.507  33.589 0.0000000000
40156  21.262  -52.894  34.130 0.0000000000
40157  10.085  -52.073  33.391 0.0000000000
40158  9.462  -52.667  33.892 0.0000000000
40169  21.414  -52.527  33.026 0.0000000000
40170  10.697  -51.846  32.363 0.0000000000
40171  10.384  -51.954  32.694 0.0000000000
40183  21.404  -52.410  32.314 0.0000000000
40184  21.404  -52.679  31.791 0.0000000000
40197  21.356  -52.165  31.716 0.0000000000
40198  21.378  -52.469  31.079 0.0000000000
40199  10.062  -52.338  31.134 0.0000000000
40200  9.390  -52.699  30.781 0.0000000000
40201  8.632  -52.812  30.499 0.0000000000
40202  8.106  -53.157  30.358 0.0000000000
40222  20.924  -52.669  29.960 0.0000000000
40223  20.226  -52.404  29.265 0.0000000000
40224  19.329  -52.143  28.993 0.0000000000
40225  18.406  -52.070  28.797 0.0000000000
40226  8.108  -52.588  30.246 0.0000000000
40227  7.549  -53.007  29.910 0.0000000000
40228  6.692  -53.282  29.372 0.0000000000
40248  20.654  -53.312  29.088 0.0000000000
40249  19.810  -53.045  28.654 0.0000000000
40250  18.879  -52.804  28.349 0.0000000000
40251  17.808  -52.585  28.050 0.0000000000
40252  17.046  -52.381  27.804 0.0000000000
40253  6.198  -53.080  28.621 0.0000000000
40264  17.205  -52.923  27.492 0.0000000000
40265  16.514  -52.617  27.364 0.0000000000
40266  15.605  -52.576  27.056 0.0000000000
40267  14.621  -52.390  26.784 0.0000000000
40268  13.976  -52.286  26.462 0.0000000000
40271  4.718  -53.109  26.425 0.0000000000
40281  15.083  -52.903  26.391 0.0000000000
40282  14.432  -52.752  25.907 0.0000000000
40283  13.420  -52.525  25.974 0.0000000000
40284  12.378  -52.503  26.033 0.0000000000
40285  11.410  -52.461  26.080 0.0000000000
40286  10.530  -52.411  25.924 0.0000000000
40287  9.917  -52.511  25.604 0.0000000000
40289  4.557  -53.091  25.503 0.0000000000
40304  13.928  -52.724  24.825 0.0000000000
40305  12.741  -52.627  25.108 0.0000000000
40306  11.708  -52.831  25.332 0.0000000000
40307  10.935  -52.945  25.551 0.0000000000
40308  10.206  -53.102  25.450 0.0000000000
40327  13.940  -52.949  23.730 0.0000000000
40328  13.060  -52.743  24.104 0.0000000000
40329  11.900  -52.776  24.382 0.0000000000
40330  11.319  -53.022  24.109 0.0000000000
40331  9.037  -53.452  24.190 0.0000000000
40340  13.814  -53.276  23.276 0.0000000000
40341  13.329  -53.000  23.330 0.0000000000
40342  12.407  -52.787  23.277 0.0000000000
40343  11.536  -52.889  23.543 0.0000000000
40357  12.181  -52.831  22.870 0.0000000000
40358  11.861  -52.817  22.940 0.0000000000
40458  6.808  -53.434  18.754 0.0000000000
41418  19.619  -52.084  36.271 0.0000000000
41419  19.318  -51.907  36.395 0.0000000000
41420  18.572  -51.696  36.535 0.0000000000
41421  17.673  -51.675  36.552 0.0000000000
41422  16.685  -51.785  36.471 0.0000000000
41423  15.703  -51.864  36.294 0.0000000000
41424  14.750  -51.866  36.124 0.0000000000
41425  13.780  -51.821  36.111 0.0000000000
41426  12.864  -51.774  36.092 0.0000000000
41441  20.201  -51.969  35.669 0.0000000000
41442  19.843  -51.877  35.877 0.0000000000
41443  19.041  -51.415  35.959 0.0000000000
41444  18.221  -51.149  36.010 0.0000000000
41445  17.281  -51.210  35.870 0.0000000000
41446  16.310  -51.279  35.748 0.0000000000
41447  15.333  -51.196  35.734 0.0000000000
41450  12.165  -51.292  35.482 0.0000000000
41451  11.308  -51.610  35.225 0.0000000000
41470  20.480  -51.839  35.209 0.0000000000
41471  20.018  -51.286  35.247 0.0000000000
41472  11.530  -51.033  34.638 0.0000000000
41473  10.801  -51.541  34.571 0.0000000000
41493  21.346  -52.175  33.397 0.0000000000
41494  21.047  -51.833  33.997 0.0000000000
41495  11.106  -50.979  33.757 0.0000000000
41496  10.525  -51.572  33.646 0.0000000000
41512  21.368  -51.915  32.965 0.0000000000
41513  20.903  -51.216  32.908 0.0000000000
41514  10.935  -51.403  32.708 0.0000000000
41515  10.461  -51.722  33.104 0.0000000000
41529  21.225  -51.700  32.164 0.0000000000
41530  20.744  -51.064  31.837 0.0000000000
41533  10.587  -51.915  31.061 0.0000000000
41548  21.157  -51.696  31.426 0.0000000000
41549  20.509  -51.440  30.606 0.0000000000
41550  19.518  -51.032  30.222 0.0000000000
41551  18.972  -50.737  30.188 0.0000000000
41552  11.582  -51.241  30.794 0.0000000000
41553  10.942  -51.456  30.375 0.0000000000
41554  9.881  -51.852  30.442 0.0000000000
41555  8.896  -52.112  30.288 0.0000000000
41556  8.387  -52.305  30.269 0.0000000000
41573  20.412  -51.993  29.815 0.0000000000
41574  19.813  -51.643  29.685 0.0000000000
41575  18.676  -51.166  29.593 0.0000000000
41576  17.396  -51.563  28.896 0.0000000000
41577  16.263  -51.098  28.769 0.0000000000
41578  15.731  -50.926  28.751 0.0000000000
41579  10.709  -51.162  29.736 0.0000000000
41580  10.149  -51.332  29.761 0.0000000000
41581  9.136  -51.349  29.579 0.0000000000
41582  7.938  -51.852  29.899 0.0000000000
41583  6.940  -52.307  29.387 0.0000000000
41584  6.523  -52.683  29.036 0.0000000000
41595  17.174  -52.103  28.216 0.0000000000
41596  16.479  -51.852  28.027 0.0000000000
41597  15.502  -51.304  28.284 0.0000000000
41598  14.430  -51.208  28.049 0.0000000000
41599  13.362  -51.080  27.969 0.0000000000
41600  12.336  -50.973  27.988 0.0000000000
41601  11.783  -50.889  27.973 0.0000000000
41602  8.797  -50.909  29.005 0.0000000000
41603  8.206  -51.157  29.068 0.0000000000
41604  7.186  -51.367  28.703 0.0000000000
41605  6.400  -52.176  28.636 0.0000000000
41614  16.093  -52.200  27.496 0.0000000000
41615  15.738  -51.913  27.642 0.0000000000
41616  14.948  -51.857  27.504 0.0000000000
41617  13.828  -51.751  27.119 0.0000000000
41618  12.683  -51.452  27.277 0.0000000000
41619  11.579  -51.266  27.458 0.0000000000
41620  10.500  -51.262  27.128 0.0000000000
41621  9.962  -51.129  26.917 0.0000000000
41622  6.981  -51.144  27.949 0.0000000000
41634  13.549  -52.165  26.560 0.0000000000
41635  12.977  -52.036  26.606 0.0000000000
41636  11.995  -51.905  26.675 0.0000000000
41637  10.946  -51.864  26.643 0.0000000000
41638  9.824  -51.575  26.239 0.0000000000
41717  4.521  -51.477  22.224 0.0000000000
41737  5.197  -50.729  21.892 0.0000000000
41780  6.542  -50.830  18.745 0.0000000000
42731  19.483  -51.189  35.463 0.0000000000
42732  18.846  -50.802  35.420 0.0000000000
42733  17.920  -50.631  35.329 0.0000000000
42734  16.943  -50.702  35.187 0.0000000000
42735  15.971  -50.624  35.206 0.0000000000
42736  15.000  -50.546  35.167 0.0000000000
42739  12.236  -50.688  34.640 0.0000000000
42754  20.382  -51.204  34.650 0.0000000000
42755  19.671  -50.668  34.771 0.0000000000
42756  18.644  -50.315  34.611 0.0000000000
42757  17.603  -50.168  34.495 0.0000000000
42758  16.609  -50.154  34.600 0.0000000000
42759  15.687  -50.054  34.584 0.0000000000
42763  11.930  -50.621  33.889 0.0000000000
42777  20.424  -50.739  33.827 0.0000000000
42778  19.411  -50.109  33.638 0.0000000000
42779  18.367  -49.884  33.827 0.0000000000
42780  17.659  -49.751  33.799 0.0000000000
42783  11.658  -50.705  32.995 0.0000000000
42797  20.246  -50.415  32.676 0.0000000000
42798  19.346  -49.894  32.442 0.0000000000
42799  13.113  -50.106  32.520 0.0000000000
42800  12.279  -50.522  32.333 0.0000000000
42801  11.561  -50.919  32.139 0.0000000000
42815  19.892  -50.473  31.452 0.0000000000
42816  18.787  -49.983  31.469 0.0000000000
42817  17.873  -49.816  31.186 0.0000000000
42818  17.293  -49.715  31.235 0.0000000000
42819  15.514  -50.084  30.720 0.0000000000
42820  14.838  -50.057  30.878 0.0000000000
42821  13.935  -50.104  31.096 0.0000000000
42822  12.985  -50.345  31.561 0.0000000000
42824  11.579  -51.039  31.753 0.0000000000
42840  19.826  -50.814  30.712 0.0000000000
42841  19.234  -50.562  30.730 0.0000000000
42842  18.362  -50.423  30.394 0.0000000000
42843  17.145  -50.075  30.577 0.0000000000
42844  16.058  -50.268  30.314 0.0000000000
42845  15.157  -50.341  30.171 0.0000000000
42846  14.233  -50.339  30.273 0.0000000000
42847  13.224  -50.395  30.444 0.0000000000
42848  12.108  -50.772  30.628 0.0000000000
42849  11.508  -51.079  30.347 0.0000000000
42859  18.300  -50.692  29.863 0.0000000000
42860  17.798  -50.666  29.742 0.0000000000
42861  16.732  -50.646  29.559 0.0000000000
42862  15.631  -50.645  29.301 0.0000000000
42863  14.597  -50.486  29.435 0.0000000000
42864  13.571  -50.441  29.511 0.0000000000
42865  12.471  -50.549  29.563 0.0000000000
42866  11.312  -50.880  29.615 0.0000000000
42867  10.334  -50.958  29.285 0.0000000000
42868  9.765  -51.041  29.354 0.0000000000
42878  15.463  -50.882  28.758 0.0000000000
42879  14.941  -50.814  28.744 0.0000000000
42880  13.982  -50.616  28.677 0.0000000000
42881  12.902  -50.622  28.694 0.0000000000
42882  11.724  -50.700  28.521 0.0000000000
42883  10.599  -50.801  28.582 0.0000000000
42884  9.447  -50.823  28.700 0.0000000000
42885  8.429  -50.829  28.487 0.0000000000
42886  7.834  -50.947  28.565 0.0000000000
42896  11.504  -50.860  27.947 0.0000000000
42897  10.951  -50.857  27.853 0.0000000000
42898  9.834  -50.899  27.538 0.0000000000
42899  8.691  -50.747  27.672 0.0000000000
42900  7.593  -50.783  27.888 0.0000000000
42910  9.652  -51.051  26.808 0.0000000000
42911  8.966  -50.860  26.569 0.0000000000
42924  8.694  -50.905  25.603 0.0000000000
42972  5.867  -50.340  21.926 0.0000000000
43967  17.089  -49.775  34.083 0.0000000000
43968  16.371  -49.648  33.994 0.0000000000
43969  15.464  -49.560  33.884 0.0000000000
43971  13.910  -49.663  33.424 0.0000000000
43978  18.760  -49.747  33.102 0.0000000000
43979  18.031  -49.633  33.163 0.0000000000
43980  17.139  -49.540  33.322 0.0000000000
43981  16.180  -49.413  33.182 0.0000000000
43982  15.256  -49.389  33.050 0.0000000000
43983  14.416  -49.472  32.921 0.0000000000
43984  13.711  -49.673  32.803 0.0000000000
43993  18.484  -49.636  32.412 0.0000000000
43994  17.688  -49.517  32.483 0.0000000000
43995  16.851  -49.468  32.418 0.0000000000
43996  15.927  -49.456  32.281 0.0000000000
43997  14.974  -49.451  32.227 0.0000000000
43998  14.142  -49.554  32.254 0.0000000000
43999  13.603  -49.781  32.278 0.0000000000
44010  18.087  -49.588  31.838 0.0000000000
44011  17.428  -49.553  31.757 0.0000000000
44012  16.656  -49.632  31.483 0.0000000000
44013  15.582  -49.739  31.353 0.0000000000
44014  14.529  -49.713  31.584 0.0000000000
44015  13.739  -49.827  31.785 0.0000000000
44016  13.373  -50.011  32.040 0.0000000000
44030  16.275  -49.907  30.903 0.0000000000
44031  15.872  -50.000  30.832 0.0000000000
